0,1,2,3,4,5,6,7,8,9,10,11,12,13,14,15,16,17,18,19,20,21,22,23,24,25,26,27,28,29,30,31,32,33,34,35,36,37,38,39,40,41,42,43,44,45,46,47,48,49,50,51,52,53,54,55,56,57,58,59
0.0021847442258149385,-0.003291892120614648,-0.006367333233356476,-0.7386422157287598,0.4638834595680237,-0.2511305510997772,0.15944603085517883,-0.13388404250144958,-0.1175059974193573,0.007493503391742706,0.9076600074768066,0.23907244205474854,-1.4734434301776702,1.3605574497989026,-1.031766207292398,0.006224538199603558,-0.0006337966769933701,0.011250972747802734,-0.2080988883972168,0.08384200930595398,-0.13366611301898956,-0.20732121169567108,0.5484920740127563,-0.23662905395030975,0.012873654253780842,0.2611536979675293,0.6323124170303345,-0.16866234381829118,0.7428064737974093,-1.36501507713924,0.006541687063872814,-0.003934900742024183,-0.0042615020647645,0.6349179744720459,0.3002437651157379,0.056427910923957825,-0.23563483357429504,0.2344997227191925,0.3705258369445801,0.008742854930460453,0.7045930027961731,0.49779844284057617,-0.13418914659805364,0.39054572863539283,0.15863924817244496,-0.0004041227512061596,-0.00178055209107697,0.003355104010552168,0.01137135922908783,0.2979748547077179,-0.19523872435092926,-0.11068295687437057,0.05754174292087555,-0.18706832826137543,0.0038197387475520372,0.3564217686653137,0.22484734654426575,-1.0932150058922048,1.2906814615675422,-1.1435100612683953
0.0024517541751265526,-0.003281154902651906,-0.006334791425615549,-0.7630089521408081,0.4242539405822754,-0.19971728324890137,0.13003481924533844,-0.077102430164814,-0.08118945360183716,0.007543650455772877,0.8955786228179932,0.17159710824489594,-1.4734434301776702,1.3605574497989026,-1.031766207292398,0.0055442750453948975,-0.0008213291876018047,0.010878097265958786,-0.15525910258293152,0.06242350488901138,-0.10515934973955154,-0.16905413568019867,0.4544067680835724,-0.26481354236602783,0.012237098067998886,0.19763746857643127,0.5524409413337708,-0.16866234381829118,0.7428064737974093,-1.36501507713924,0.006499139592051506,-0.003049252787604928,-0.004939544014632702,0.6113753318786621,0.2012256234884262,-0.03396408632397652,-0.23456956446170807,0.235145702958107,0.3718166947364807,0.008714118041098118,0.6445348262786865,0.4985619783401489,-0.13418914659805364,0.39054572863539283,0.15863924817244496,0.00014649482909590006,-0.0022716238163411617,0.003056976944208145,0.01157563179731369,0.19280698895454407,-0.13786692917346954,-0.08481137454509735,0.07104723900556564,-0.20151734352111816,0.0038114096969366074,0.2373095452785492,0.2298911064863205,-1.0932150058922048,1.2906814615675422,-1.1435100612683953
0.0027081547304987907,-0.0032909654546529055,-0.006331461947411299,-0.7854342460632324,0.38840818405151367,-0.14996778964996338,0.10276665538549423,-0.0241447351872921,-0.047183431684970856,0.0076322974637150764,0.8889646530151367,0.11562971025705338,-1.4734434301776702,1.3605574497989026,-1.031766207292398,0.0049551380798220634,-0.0010067024268209934,0.010498262010514736,-0.10914021730422974,0.04358180984854698,-0.07935591042041779,-0.1302376687526703,0.3591915965080261,-0.2933691442012787,0.01165248267352581,0.1418038159608841,0.48171141743659973,-0.16866234381829118,0.7428064737974093,-1.36501507713924,0.00651613250374794,-0.0022206981666386127,-0.005612224340438843,0.579132616519928,0.11068642884492874,-0.11338932812213898,-0.23338694870471954,0.2358531951904297,0.37323272228240967,0.008881921879947186,0.6004192233085632,0.49939849972724915,-0.13418914659805364,0.39054572863539283,0.15863924817244496,0.0006444116006605327,-0.0027392939664423466,0.00274320668540895,0.011749343946576118,0.09507711976766586,-0.08435729146003723,-0.058610208332538605,0.08467453718185425,-0.21612070500850677,0.003929908387362957,0.12764739990234375,0.23940153419971466,-1.0932150058922048,1.2906814615675422,-1.1435100612683953
0.0029426859691739082,-0.003344689728692174,-0.006371986120939255,-0.8044719099998474,0.3588138520717621,-0.10448434948921204,0.07943245023488998,0.021654125303030014,-0.01756817102432251,0.007774867117404938,0.8870397210121155,0.08418465405702591,-1.4734434301776702,1.3605574497989026,-1.031766207292398,0.0045310561545193195,-0.0011818045750260353,0.01011141948401928,-0.07407695055007935,0.02902607060968876,-0.05829436704516411,-0.09117606282234192,0.2637348175048828,-0.32205072045326233,0.011143066920340061,0.09863133728504181,0.4261288344860077,-0.16866234381829118,0.7428064737974093,-1.36501507713924,0.00662940414622426,-0.001496984506957233,-0.006246886681765318,0.532149076461792,0.034291502088308334,-0.17380931973457336,-0.23222900927066803,0.23653116822242737,0.3745933473110199,0.009231118485331535,0.5608638525009155,0.5001974105834961,-0.13418914659805364,0.39054572863539283,0.15863924817244496,0.0010437672026455402,-0.0031630524899810553,0.0024105848278850317,0.0118702482432127,0.012127106077969074,-0.0385897234082222,-0.032311730086803436,0.0982707217335701,-0.23073002696037292,0.00411160197108984,0.04215609282255173,0.2528587281703949,-1.0932150058922048,1.2906814615675422,-1.1435100612683953
0.0031367898918688297,-0.0034475415013730526,-0.006453103851526976,-0.8189325928688049,0.3372100293636322,-0.06653374433517456,0.0611419752240181,0.05826815590262413,0.006410704925656319,0.007960373535752296,0.8881373405456543,0.08470310270786285,-1.4734434301776702,1.3605574497989026,-1.031766207292398,0.0043056560680270195,-0.0013490659184753895,0.009722519665956497,-0.05092933028936386,0.019149182364344597,-0.042715884745121,-0.05345093086361885,0.17209173738956451,-0.3496682047843933,0.010718490928411484,0.06917466968297958,0.3933705985546112,-0.16866234381829118,0.7428064737974093,-1.36501507713924,0.006863337941467762,-0.0009131492115557194,-0.0067995330318808556,0.4671236574649811,-0.026207998394966125,-0.21135219931602478,-0.23133306205272675,0.23703007400035858,0.37560099363327026,0.009704272262752056,0.513382077217102,0.5007737278938293,-0.13418914659805364,0.39054572863539283,0.15863924817244496,0.0013042831560596824,-0.0035225353203713894,0.0020730062387883663,0.011863046325743198,-0.050296053290367126,-0.0030628531239926815,-0.007016696035861969,0.11122366040945053,-0.2447083741426468,0.00429031066596508,0.05176684260368347,0.2688905596733093,-1.0932150058922048,1.2906814615675422,-1.1435100612683953
0.0032662907615303993,-0.0035767806693911552,-0.006561294663697481,-0.827747642993927,0.32525569200515747,-0.0386795699596405,0.04813281446695328,0.08532680571079254,0.024554075673222542,0.008155525662004948,0.8901986479759216,0.1009967029094696,-1.4734434301776702,1.3605574497989026,-1.031766207292398,0.004264745861291885,-0.0015232386067509651,0.009337232448160648,-0.03816703334450722,0.013391558080911636,-0.03217458724975586,-0.019369982182979584,0.09012012183666229,-0.3744942545890808,0.010377486236393452,0.05168423801660538,0.38567185401916504,-0.16866234381829118,0.7428064737974093,-1.36501507713924,0.007227725815027952,-0.0004791619721800089,-0.007247978821396828,0.3841122090816498,-0.07150492072105408,-0.22644785046577454,-0.23105350136756897,0.23712925612926483,0.3758161664009094,0.01024708803743124,0.45159026980400085,0.5008530616760254,-0.13418914659805364,0.39054572863539283,0.15863924817244496,0.001397114247083664,-0.0037979711778461933,0.0017574073281139135,0.011661410331726074,-0.0895237848162651,0.021404074504971504,0.01568000763654709,0.12265939265489578,-0.25714045763015747,0.004411914851516485,0.09278270602226257,0.28532859683036804,-1.0932150058922048,1.2906814615675422,-1.1435100612683953
0.0033039499539881945,-0.0036926676984876394,-0.006672386080026627,-0.829983115196228,0.3247479796409607,-0.022665023803710938,0.040071915835142136,0.10363377630710602,0.03741326183080673,0.008310993202030659,0.8915418982505798,0.11724107712507248,-1.4721791137841729,1.3603419242172947,-1.029446641049892,0.004354283679276705,-0.001715581864118576,0.008967273868620396,-0.033533621579408646,0.010904023423790932,-0.025862503796815872,0.009300798177719116,0.022346213459968567,-0.3952005207538605,0.01011508796364069,0.043729517608881,0.3959410488605499,-0.16866234381829118,0.7428064737974093,-1.36501507713924,0.007704480085521936,-0.0001749859075061977,-0.007602296303957701,0.2861073613166809,-0.10328666120767593,-0.22230124473571777,-0.23187720775604248,0.2365284562110901,0.3746400773525238,0.010825181379914284,0.3767537474632263,0.500067949295044,-0.13418914659805364,0.39054572863539283,0.15863924817244496,0.0013158742804080248,-0.0039751227013766766,0.0014925302239134908,0.011269133538007736,-0.10639000684022903,0.0353747233748436,0.03454972058534622,0.1318952739238739,-0.2673157751560211,0.004445309285074472,0.11268184334039688,0.3000796139240265,-1.0932150058922048,1.2906814615675422,-1.1435100612683953
0.00323034287430346,-0.003744645742699504,-0.006763647776097059,-0.8267360925674438,0.33311113715171814,-0.017483055591583252,0.036001041531562805,0.11472691595554352,0.04588505998253822,0.008378807455301285,0.8914937973022461,0.1287003457546234,-1.4721791137841729,1.3603419242172947,-1.029446641049892,0.004504954442381859,-0.001922781579196453,0.008634558878839016,-0.03474825620651245,0.01086513139307499,-0.023193731904029846,0.03199578821659088,-0.029689744114875793,-0.4113481640815735,0.009927100501954556,0.0431675985455513,0.4136574864387512,-0.16866234381829118,0.7428064737974093,-1.36501507713924,0.008238946087658405,3.56522505171597e-05,-0.007882727310061455,0.17880350351333618,-0.1240617036819458,-0.20326004922389984,-0.23442429304122925,0.23484908044338226,0.3713168501853943,0.011402582749724388,0.29778623580932617,0.4979809522628784,-0.13418914659805364,0.39054572863539283,0.15863924817244496,0.0010827298974618316,-0.00405053561553359,0.0012985023204237223,0.010800590738654137,-0.10460766404867172,0.040079981088638306,0.04918196052312851,0.13868381083011627,-0.27498552203178406,0.004389219917356968,0.1125425323843956,0.311879962682724,-1.0932150058922048,1.2906814615675422,-1.1435100612683953
0.0030431775376200676,-0.0037175877951085567,-0.0068093957379460335,-0.8190948963165283,0.34835943579673767,-0.022462159395217896,0.0350046306848526,0.12025077641010284,0.050961367785930634,0.008333622477948666,0.8903793096542358,0.13521328568458557,-1.4721791137841729,1.3603419242172947,-1.029446641049892,0.004647203721106052,-0.002139715012162924,0.008367500267922878,-0.039180900901556015,0.012407486326992512,-0.023841947317123413,0.04942981153726578,-0.06659857928752899,-0.4232046604156494,0.009807647205889225,0.0475134439766407,0.4312549829483032,-0.16813992140995485,0.7420914429745873,-1.3640028586344095,0.008757835254073143,0.0001830375986173749,-0.008099954575300217,0.07060305774211884,-0.13688413798809052,-0.1738263964653015,-0.23942412436008453,0.23165100812911987,0.36496633291244507,0.011930735781788826,0.23224486410617828,0.49415233731269836,-0.13418914659805364,0.39054572863539283,0.15863924817244496,0.0007505042594857514,-0.004032593686133623,0.001188680063933134,0.010711733251810074,-0.08973677456378937,0.03685225546360016,0.059441640973091125,0.14309625327587128,-0.2803804576396942,0.004270600620657206,0.09759876132011414,0.32034832239151,-1.0920855718716402,1.2901150048643444,-1.1449112272547761
0.002760399831458926,-0.003618361195549369,-0.006798095535486937,-0.8089668154716492,0.36688539385795593,-0.03559085726737976,0.03599511459469795,0.12186500430107117,0.05351058393716812,0.008180858567357063,0.8889875411987305,0.13787715137004852,-1.4721791137841729,1.3603419242172947,-1.029446641049892,0.004747995175421238,-0.0023447289131581783,0.008181381970643997,-0.04383815824985504,0.01449654158204794,-0.027587251737713814,0.06175505369901657,-0.0910387933254242,-0.4314039945602417,0.009745574556291103,0.05378652364015579,0.4452091157436371,-0.16813992140995485,0.7420914429745873,-1.3640028586344095,0.00919720996171236,0.00028480938635766506,-0.008259952068328857,-0.027943339198827744,-0.14412572979927063,-0.1382276713848114,-0.24765357375144958,0.22647248208522797,0.3546637296676636,0.012365136295557022,0.20164310932159424,0.4882708787918091,-0.13418914659805364,0.39054572863539283,0.15863924817244496,0.00034978328039869666,-0.003954153973609209,0.001159964594990015,0.010809500701725483,-0.06841853260993958,0.026590660214424133,0.06666138023138046,0.1455668807029724,-0.28363990783691406,0.0041356016881763935,0.07419571280479431,0.32570701837539673,-1.0920855718716402,1.2901150048643444,-1.1449112272547761
0.0024159085005521774,-0.003475940553471446,-0.006731794215738773,-0.7983551025390625,0.38510411977767944,-0.05396333336830139,0.03781880438327789,0.1210656389594078,0.054171036928892136,0.007952095940709114,0.8880248069763184,0.13791900873184204,-1.4721791137841729,1.3603419242172947,-1.029446641049892,0.0047733234241604805,-0.002533653751015663,0.008088202215731144,-0.0461718812584877,0.016313519328832626,-0.03425169736146927,0.07022378593683243,-0.10540305078029633,-0.4366720914840698,0.009727437049150467,0.05975911766290665,0.4546687602996826,-0.16813992140995485,0.7420914429745873,-1.3640028586344095,0.009513232856988907,0.00035536379436962306,-0.008371805772185326,-0.10593266040086746,-0.1464504897594452,-0.10062529891729355,-0.259823203086853,0.21890287101268768,0.3395835757255554,0.012677342630922794,0.20686933398246765,0.48035773634910583,-0.13418914659805364,0.39054572863539283,0.15863924817244496,-5.6421326007694006e-05,-0.0038461375515908003,0.0012049362994730473,0.011688243597745895,-0.04661612585186958,0.009953445754945278,0.07116696983575821,0.1464821994304657,-0.2853027284145355,0.004030859563499689,0.049079008400440216,0.32851091027259827,-1.0920855718716402,1.2901150048643444,-1.1449112272547761
0.002055985387414694,-0.0033307354897260666,-0.006623778026551008,-0.7890881896018982,0.39989298582077026,-0.07435119152069092,0.039247140288352966,0.11913517117500305,0.053290266543626785,0.007693849038332701,0.8877514600753784,0.13628418743610382,-1.4721791137841729,1.3603419242172947,-1.029446641049892,0.004728912375867367,-0.0026948696468025446,0.008085192181169987,-0.045267485082149506,0.017442651093006134,-0.04306388646364212,0.07556667178869247,-0.11227099597454071,-0.43966689705848694,0.009746551513671875,0.0648682489991188,0.46002399921417236,-0.16813992140995485,0.7420914429745873,-1.3640028586344095,0.009686173871159554,0.00040755877853371203,-0.008442452177405357,-0.15519942343235016,-0.1428777128458023,-0.06542939692735672,-0.2763955593109131,0.2086966186761856,0.3192267119884491,0.012855468317866325,0.22086626291275024,0.4710143208503723,-0.13418914659805364,0.39054572863539283,0.15863924817244496,-0.0004152078472543508,-0.003737709252163768,0.001296759583055973,0.013527733273804188,-0.02797676995396614,-0.01271822303533554,0.07359970360994339,0.14635741710662842,-0.2858337461948395,0.003977996297180653,0.033577557653188705,0.3294515609741211,-1.0920855718716402,1.2901150048643444,-1.1449112272547761
0.0017349664121866226,-0.003218995640054345,-0.006495817098766565,-0.7823365926742554,0.40930986404418945,-0.09446409344673157,0.038951143622398376,0.11714582145214081,0.05090737342834473,0.00745437340810895,0.887980043888092,0.13353611528873444,-1.4721791137841729,1.3603419242172947,-1.029446641049892,0.004647581838071346,-0.0028196177445352077,0.00815790519118309,-0.04161620885133743,0.01781192608177662,-0.05259918048977852,0.07814217358827591,-0.11383025348186493,-0.4408510625362396,0.009803146123886108,0.06939630955457687,0.4619666635990143,-0.16813992140995485,0.7420914429745873,-1.3640028586344095,0.009725701063871384,0.00044248710037209094,-0.008477832190692425,-0.17318305373191833,-0.1314987689256668,-0.03660183399915695,-0.2973226010799408,0.19593589007854462,0.2937445342540741,0.01290963590145111,0.22050848603248596,0.4616031348705292,-0.13418914659805364,0.39054572863539283,0.15863924817244496,-0.0006736882496625185,-0.0036438903771340847,0.0013969885185360909,0.01616740971803665,-0.01279191579669714,-0.04035661369562149,0.07444794476032257,0.1457454413175583,-0.2856820225715637,0.003960223402827978,0.04531748592853546,0.3292391896247864,-1.0920855718716402,1.2901150048643444,-1.1449112272547761
0.0015083099715411663,-0.003163171699270606,-0.0063750240951776505,-0.7782964110374451,0.413149356842041,-0.11345529556274414,0.035485174506902695,0.11598910391330719,0.04677126556634903,0.0072747222147881985,0.8884310722351074,0.13000084459781647,-1.4721791137841729,1.3603419242172947,-1.029446641049892,0.004562022164463997,-0.002899567596614361,0.008280038833618164,-0.03579831123352051,0.01741044782102108,-0.061636727303266525,0.07782009989023209,-0.11170775443315506,-0.44042399525642395,0.009888305328786373,0.07337389886379242,0.46098577976226807,-0.16813992140995485,0.7420914429745873,-1.3640028586344095,0.009661230258643627,0.0004521583905443549,-0.008489791303873062,-0.16290374100208282,-0.1102716326713562,-0.016280533745884895,-0.3216957747936249,0.18124566972255707,0.26436805725097656,0.01286935806274414,0.19738924503326416,0.4541240334510803,-0.13418914659805364,0.39054572863539283,0.15863924817244496,-0.0007850938709452748,-0.003564483718946576,0.0014734836295247078,0.019083820283412933,0.0012213620357215405,-0.07059722393751144,0.07399073988199234,0.14523372054100037,-0.2852650284767151,0.003936124034225941,0.07314131408929825,0.32854771614074707,-1.0920855718716402,1.2901150048643444,-1.1449112272547761
0.0014207982458174229,-0.003169348929077387,-0.006286828778684139,-0.7764105796813965,0.4127200245857239,-0.1309235692024231,0.027308575809001923,0.11640844494104385,0.04039369523525238,0.007182454690337181,0.8889837861061096,0.12620751559734344,-1.4721791137841729,1.3603419242172947,-1.029446641049892,0.004482642747461796,-0.002920417347922921,0.008417483419179916,-0.0277746319770813,0.01618204265832901,-0.0699048638343811,0.07392795383930206,-0.1069197878241539,-0.4382944703102112,0.009973812848329544,0.07694140076637268,0.45716434717178345,-0.16813992140995485,0.7420914429745873,-1.3640028586344095,0.009522267617285252,0.00043847551569342613,-0.00848363060504198,-0.1299351453781128,-0.07803821563720703,-0.004335638135671616,-0.3475694954395294,0.16590029001235962,0.23362094163894653,0.01276079285889864,0.15163081884384155,0.450451135635376,-0.13418914659805364,0.39054572863539283,0.15863924817244496,-0.0007256327080540359,-0.0034879527520388365,0.001515485579147935,0.02160051092505455,0.01698833703994751,-0.10054155439138412,0.07227650284767151,0.14545099437236786,-0.2849675118923187,0.003871569875627756,0.10422950237989426,0.3280036151409149,-1.0920855718716402,1.2901150048643444,-1.1449112272547761
0.0014922511763870716,-0.0032245723996311426,-0.006246299482882023,-0.7757859826087952,0.4102415442466736,-0.14575457572937012,0.012875227257609367,0.11901581287384033,0.03114200569689274,0.007186162751168013,0.8895990252494812,0.12369462102651596,-1.4721791137841729,1.3603419242172947,-1.029446641049892,0.004401284269988537,-0.0028647645376622677,0.008540807291865349,-0.01740284450352192,0.014134591445326805,-0.0777365118265152,0.06526543945074081,-0.09990586340427399,-0.43409085273742676,0.010026143863797188,0.08090494573116302,0.4501951038837433,-0.16813992140995485,0.7420914429745873,-1.3640028586344095,0.00933157466351986,0.0004187634331174195,-0.008440427482128143,-0.07981277257204056,-0.03595493733882904,0.0007165316492319107,-0.37249261140823364,0.15149298310279846,0.2046607881784439,0.012589458376169205,0.08754055947065353,0.4512060582637787,-0.13418914659805364,0.39054572863539283,0.15863924817244496,-0.0005065604927949607,-0.00340059632435441,0.0015321129467338324,0.023130428045988083,0.03645347058773041,-0.12795965373516083,0.06913262605667114,0.14707140624523163,-0.28514590859413147,0.0037640442606061697,0.13504645228385925,0.3282034397125244,-1.0920855718716402,1.2901150048643444,-1.1449112272547761
0.0017096800729632378,-0.0033000141847878695,-0.006253955885767937,-0.7755043506622314,0.4080911874771118,-0.1564364731311798,-0.009177003987133503,0.12427637726068497,0.018380675464868546,0.007274961564689875,0.8901785016059875,0.125963032245636,-1.4721791137841729,1.3603419242172947,-1.029446641049892,0.004309771582484245,-0.0027222782373428345,0.008636744692921638,-0.005153872072696686,0.011424876749515533,-0.08517462015151978,0.050199106335639954,-0.09062568098306656,-0.427209734916687,0.010028872638940811,0.08609184622764587,0.43959200382232666,-0.16813992140995485,0.7420914429745873,-1.3640028586344095,0.009110239334404469,0.00041058738133870065,-0.008327532559633255,-0.01756790094077587,0.01224758755415678,0.0005824307445436716,-0.39452749490737915,0.13930195569992065,0.1800166219472885,0.012349609285593033,0.021423673257231712,0.45548102259635925,-0.13418914659805364,0.39054572863539283,0.15863924817244496,-0.00017106058658100665,-0.0032984078861773014,0.001543516293168068,0.0232539102435112,0.06020233780145645,-0.1517488807439804,0.06420322507619858,0.15080279111862183,-0.2861312925815582,0.003645709715783596,0.16490235924720764,0.32974937558174133,-1.0920855718716402,1.2901150048643444,-1.1449112272547761
0.0020315840374678373,-0.003366154618561268,-0.006295807659626007,-0.7748526334762573,0.40797969698905945,-0.16231757402420044,-0.03970654308795929,0.13244839012622833,0.0016738958656787872,0.007422635797411203,0.8906127214431763,0.13828226923942566,-1.4721791137841729,1.3603419242172947,-1.029446641049892,0.004214467480778694,-0.0024998465087264776,0.008709307760000229,0.007755715399980545,0.008319109678268433,-0.09146422147750854,0.026863068342208862,-0.07870770990848541,-0.416911780834198,0.009993148036301136,0.0921686664223671,0.4251258075237274,-0.16813992140995485,0.7420914429745873,-1.3640028586344095,0.008878057822585106,0.0004177936934866011,-0.00812780112028122,0.051962293684482574,0.06214246153831482,-0.003202185034751892,-0.4127694368362427,0.12995415925979614,0.16092151403427124,0.012043903581798077,0.0810679942369461,0.4616951644420624,-0.13418914659805364,0.39054572863539283,0.15863924817244496,0.0002159627911169082,-0.0031929132528603077,0.0015735997585579753,0.02164231240749359,0.08807752281427383,-0.17155246436595917,0.05701965093612671,0.15734490752220154,-0.2882217466831207,0.003566167550161481,0.19405227899551392,0.3332873284816742,-1.0920855718716402,1.2901150048643444,-1.1449112272547761
0.002400180557742715,-0.0034075500443577766,-0.006346341222524643,-0.7732908129692078,0.4109324514865875,-0.16395407915115356,-0.07859235256910324,0.1434691995382309,-0.018939893692731857,0.007592648267745972,0.8909125328063965,0.16467814147472382,-1.4721791137841729,1.3603419242172947,-1.029446641049892,0.004136297851800919,-0.0022304910235106945,0.008774859830737114,0.019794482737779617,0.005082137882709503,-0.09521912783384323,-0.00650247186422348,-0.06364966928958893,-0.4024745225906372,0.009954004548490047,0.09738753736019135,0.407528281211853,-0.16813992140995485,0.7420914429745873,-1.3640028586344095,0.00864896085113287,0.0004292250087019056,-0.007857242599129677,0.12350767105817795,0.11048723012208939,-0.009368447586894035,-0.4273616671562195,0.122982457280159,0.1473345011472702,0.011692947708070278,0.16597993671894073,0.46847638487815857,-0.13303543783678703,0.3903875532181088,0.15692401729901556,0.0005847684806212783,-0.003105350537225604,0.0016395972343161702,0.017961867153644562,0.1197327971458435,-0.18703900277614594,0.047109611332416534,0.1673031747341156,-0.2916586399078369,0.003559977049008012,0.2228052020072937,0.3395208716392517,-1.0920855718716402,1.2901150048643444,-1.1449112272547761
0.0027543725445866585,-0.0034242188557982445,-0.006379108410328627,-0.7702791690826416,0.4178767800331116,-0.16227728128433228,-0.12408927828073502,0.15678292512893677,-0.04259480908513069,0.007746280636638403,0.8912266492843628,0.20443421602249146,-1.4721791137841729,1.3603419242172947,-1.029446641049892,0.004097749479115009,-0.0019663767889142036,0.008854174986481667,0.02997291088104248,0.0018512792885303497,-0.095339335501194,-0.05103883147239685,-0.04507581889629364,-0.3834185004234314,0.009952617809176445,0.0999569520354271,0.38941821455955505,-0.16813992140995485,0.7420914429745873,-1.3640028586344095,0.008433549664914608,0.00041043435339815915,-0.007555007003247738,0.1918143630027771,0.15429259836673737,-0.016450557857751846,-0.4382450580596924,0.1191379502415657,0.13904228806495667,0.011330108158290386,0.24671760201454163,0.47495824098587036,-0.13303543783678703,0.3903875532181088,0.15692401729901556,0.0008815047331154346,-0.0030550204683095217,0.001741869025863707,0.011895149946212769,0.15422284603118896,-0.1974501609802246,0.03415422886610031,0.18104363977909088,-0.2965795397758484,0.0036255079321563244,0.25082412362098694,0.34914571046829224,-1.0920855718716402,1.2901150048643444,-1.1449112272547761
0.0030392524786293507,-0.003423888934776187,-0.006380579434335232,-0.7655026912689209,0.4293307363986969,-0.1579248309135437,-0.17250508069992065,0.17125685513019562,-0.0674181804060936,0.007853143848478794,0.8917732238769531,0.25225409865379333,-1.4721791137841729,1.3603419242172947,-1.029446641049892,0.004109460860490799,-0.0017491397447884083,0.008958310820162296,0.038663093000650406,-0.0014604199677705765,-0.09203729033470154,-0.10655076801776886,-0.023059755563735962,-0.35981735587120056,0.010009919293224812,0.09983902424573898,0.37596988677978516,-0.16813992140995485,0.7420914429745873,-1.3640028586344095,0.008231861516833305,0.00033984892070293427,-0.007271019741892815,0.2516218423843384,0.1908903419971466,-0.024416206404566765,-0.4461606442928314,0.11741764098405838,0.13488703966140747,0.01098848320543766,0.31677883863449097,0.48066696524620056,-0.13303543783678703,0.3903875532181088,0.15692401729901556,0.0010773154208436608,-0.0030536947306245565,0.0018669447163119912,0.0033340901136398315,0.18891113996505737,-0.2019951343536377,0.018201112747192383,0.1984785795211792,-0.3029444217681885,0.003737799124792218,0.2765873670578003,0.362629771232605,-1.0920855718716402,1.2901150048643444,-1.1449112272547761
0.003210917580872774,-0.0034157864283770323,-0.006351921707391739,-0.7592799067497253,0.44448593258857727,-0.1513613760471344,-0.21920271217823029,0.18548646569252014,-0.09104003757238388,0.007894586771726608,0.8927395939826965,0.3012363612651825,-1.4721791137841729,1.3603419242172947,-1.029446641049892,0.004163109697401524,-0.0015885592438280582,0.009077494964003563,0.04742925614118576,-0.005120156332850456,-0.08677490055561066,-0.1705663800239563,0.001483529806137085,-0.33270055055618286,0.010112166404724121,0.09902340173721313,0.37387800216674805,-0.16813992140995485,0.7420914429745873,-1.3640028586344095,0.00804671086370945,0.0002196586865466088,-0.00704057514667511,0.3002970814704895,0.2179865688085556,-0.03478498384356499,-0.45152756571769714,0.11717341095209122,0.13367271423339844,0.010694274678826332,0.37270158529281616,0.4852578043937683,-0.13303543783678703,0.3903875532181088,0.15692401729901556,0.0011657306458801031,-0.0031061293557286263,0.0020023579709231853,-0.007390566170215607,0.2191539853811264,-0.2007315307855606,-6.207823753356934e-05,0.2187766581773758,-0.310431569814682,0.003875100752338767,0.297281414270401,0.37977755069732666,-1.0920855718716402,1.2901150048643444,-1.1449112272547761
0.0032437434419989586,-0.0034089037217199802,-0.006299570202827454,-0.752551794052124,0.4611380994319916,-0.14324641227722168,-0.26051315665245056,0.19836591184139252,-0.11157840490341187,0.007863020524382591,0.8941488265991211,0.34592756628990173,-1.4721791137841729,1.3603419242172947,-1.029446641049892,0.004233434796333313,-0.0014717122539877892,0.00918614026159048,0.05776339769363403,-0.009338686242699623,-0.08122388273477554,-0.23786310851573944,0.026595264673233032,-0.3042569160461426,0.01022120751440525,0.1001056507229805,0.3871155381202698,-0.16813992140995485,0.7420914429745873,-1.3640028586344095,0.007889208383858204,8.676789002493024e-05,-0.006873286794871092,0.33884018659591675,0.23534587025642395,-0.0498674102127552,-0.4544968605041504,0.11766557395458221,0.13408149778842926,0.010463709011673927,0.415556401014328,0.4882524311542511,-0.13303543783678703,0.3903875532181088,0.15692401729901556,0.001159645733423531,-0.0032056658528745174,0.002145536011084914,-0.019454821944236755,0.23987920582294464,-0.1947285234928131,-0.01916942000389099,0.24022039771080017,-0.31838780641555786,0.00402795197442174,0.30957990884780884,0.39930450916290283,-1.0920855718716402,1.2901150048643444,-1.1449112272547761
0.003142854431644082,-0.003410919802263379,-0.0062289186753332615,-0.7465916275978088,0.4762962758541107,-0.13450220227241516,-0.2947121560573578,0.20937341451644897,-0.12814956903457642,0.007766037248075008,0.8957388401031494,0.38355547189712524,-1.4721791137841729,1.3603419242172947,-1.029446641049892,0.004288354888558388,-0.0013854061253368855,0.009257800877094269,0.06993734836578369,-0.014046750031411648,-0.07637440413236618,-0.3018680512905121,0.04978998005390167,-0.27724629640579224,0.010296417400240898,0.10450642555952072,0.41287875175476074,-0.16813992140995485,0.7420914429745873,-1.3640028586344095,0.0077722277492284775,-1.4267570804804564e-06,-0.006753192748874426,0.3701310455799103,0.24464991688728333,-0.0705605298280716,-0.4548359215259552,0.11807573586702347,0.13471350073814392,0.01029626838862896,0.44925421476364136,0.488840788602829,-0.13303543783678703,0.3903875532181088,0.15692401729901556,0.001088220626115799,-0.003326578065752983,0.002294996753334999,-0.03164231777191162,0.2481466382741928,-0.1851666271686554,-0.03727463632822037,0.2606661319732666,-0.3260018527507782,0.004185373894870281,0.3112308979034424,0.4190625548362732,-1.0920855718716402,1.2901150048643444,-1.1449112272547761
0.0029467656277120113,-0.003428706433624029,-0.006144682876765728,-0.7425175309181213,0.48712971806526184,-0.12620487809181213,-0.3215336203575134,0.2185603678226471,-0.14077210426330566,0.007628668565303087,0.8969700932502747,0.4134843349456787,-1.4717014863434348,1.3602360965858633,-1.0285620549509715,0.004297368694096804,-0.0013247691094875336,0.009272566996514797,0.08281347155570984,-0.01886245608329773,-0.07235851138830185,-0.3573521375656128,0.06907376646995544,-0.2538636326789856,0.010305478237569332,0.1115778461098671,0.44375500082969666,-0.16813992140995485,0.7420914429745873,-1.3640028586344095,0.007699470967054367,9.732902981340885e-06,-0.006654322613030672,0.39583975076675415,0.24727515876293182,-0.09468379616737366,-0.4518685042858124,0.11750524491071701,0.13409289717674255,0.010176539421081543,0.4762343168258667,0.4857710599899292,-0.13303543783678703,0.3903875532181088,0.15692401729901556,0.0009963379707187414,-0.003427593968808651,0.0024385026190429926,-0.04276343435049057,0.24434876441955566,-0.17248888313770294,-0.05333095043897629,0.27814364433288574,-0.33279675245285034,0.004322890657931566,0.3021381199359894,0.43699169158935547,-1.0895837762005736,1.2894642011055282,-1.1443833236653609
0.00271253427490592,-0.0034614710602909327,-0.006060275249183178,-0.7417914867401123,0.4907732307910919,-0.11826837062835693,-0.341891348361969,0.22587649524211884,-0.1496950089931488,0.00748776039108634,0.89727383852005,0.4362550675868988,-1.4717014863434348,1.3602360965858633,-1.0285620549509715,0.004240022040903568,-0.001284393947571516,0.009217928163707256,0.09448430687189102,-0.02324672043323517,-0.06874731183052063,-0.4018303155899048,0.08349047601222992,-0.23514823615550995,0.01022729929536581,0.11913809925317764,0.47300416231155396,-0.16813992140995485,0.7420914429745873,-1.3640028586344095,0.007663155905902386,0.0001564112608321011,-0.006559968460351229,0.41513973474502563,0.24288584291934967,-0.11721675097942352,-0.4444747269153595,0.11497586965560913,0.13067008554935455,0.01008868683129549,0.4950498044490814,0.47733834385871887,-0.13303543783678703,0.3903875532181088,0.15692401729901556,0.0009116102010011673,-0.0034887949004769325,0.002547918353229761,-0.05012024939060211,0.23206354677677155,-0.1559082567691803,-0.06587109714746475,0.2923870384693146,-0.33815398812294006,0.004415270406752825,0.2840297818183899,0.45185983180999756,-1.0895837762005736,1.2894642011055282,-1.1443833236653609
0.0024949340149760246,-0.0035113010089844465,-0.005994466599076986,-0.744615375995636,0.4868309199810028,-0.1100476086139679,-0.3566442131996155,0.23162725567817688,-0.15560269355773926,0.0073815686628222466,0.8964189291000366,0.4528338313102722,-1.4717014863434348,1.3602360965858633,-1.0285620549509715,0.004116878844797611,-0.0012609157711267471,0.009103599935770035,0.10331978648900986,-0.02675546333193779,-0.06471878290176392,-0.4349515736103058,0.09310674667358398,-0.22139781713485718,0.010070458054542542,0.12481728196144104,0.4968588650226593,-0.16756947766630878,0.7415792614955486,-1.363130487899091,0.0076507749035954475,0.0004433837893884629,-0.006462456658482552,0.4257696568965912,0.23007774353027344,-0.13215544819831848,-0.4311651587486267,0.1094522550702095,0.12285130470991135,0.010024684481322765,0.5016778111457825,0.4614928364753723,-0.13303543783678703,0.3903875532181088,0.15692401729901556,0.0008685758803039789,-0.0035068911965936422,0.002610190771520138,-0.052960678935050964,0.21490642428398132,-0.13539853692054749,-0.07526158541440964,0.303121954202652,-0.34220537543296814,0.004457107279449701,0.2594655454158783,0.4633052349090576,-1.0895837762005736,1.2894642011055282,-1.1443833236653609
0.002336322795599699,-0.0035762079060077667,-0.005964560899883509,-0.7507193088531494,0.47633984684944153,-0.09979617595672607,-0.36658716201782227,0.23589281737804413,-0.15910987555980682,0.007336460519582033,0.8946722745895386,0.46405550837516785,-1.4717014863434348,1.3602360965858633,-1.0285620549509715,0.003980810288339853,-0.0012450441718101501,0.008967491798102856,0.10849554091691971,-0.029395468533039093,-0.059247348457574844,-0.4581148028373718,0.09818500280380249,-0.21171416342258453,0.009890040382742882,0.12706543505191803,0.5141326189041138,-0.16756947766630878,0.7415792614955486,-1.363130487899091,0.0076476214453577995,0.0008236697176471353,-0.006352327764034271,0.42554837465286255,0.20766286551952362,-0.1346866488456726,-0.4102538526058197,0.09990641474723816,0.10908795148134232,0.009975801222026348,0.492296427488327,0.43610745668411255,-0.13303543783678703,0.3903875532181088,0.15692401729901556,0.0008840718073770404,-0.0034951360430568457,0.0026267142966389656,-0.051778681576251984,0.19557353854179382,-0.11191447824239731,-0.0818827748298645,0.31076839566230774,-0.34510546922683716,0.004460626281797886,0.2312031388282776,0.4715713858604431,-1.0895837762005736,1.2894642011055282,-1.1443833236653609
0.002265717601403594,-0.003651404520496726,-0.0059718117117881775,-0.7593518495559692,0.46134769916534424,-0.08587729930877686,-0.3720247149467468,0.23850879073143005,-0.16070562601089478,0.00735722528770566,0.8926543593406677,0.47022882103919983,-1.4717014863434348,1.3602360965858633,-1.0285620549509715,0.003879454918205738,-0.0012589115649461746,0.008864333853125572,0.11030127108097076,-0.031365249305963516,-0.051246196031570435,-0.4729102551937103,0.09977072477340698,-0.20555807650089264,0.009757635183632374,0.1256038397550583,0.5252165794372559,-0.16756947766630878,0.7415792614955486,-1.363130487899091,0.007636373862624168,0.0011982715222984552,-0.006227679550647736,0.41283512115478516,0.17581680417060852,-0.12257378548383713,-0.3801569938659668,0.08544550836086273,0.0880582332611084,0.009926432743668556,0.4651544988155365,0.399467796087265,-0.13303543783678703,0.3903875532181088,0.15692401729901556,0.000966852530837059,-0.0034577713813632727,0.0026076652575284243,-0.04829860106110573,0.17546363174915314,-0.08726093918085098,-0.08630552887916565,0.31596797704696655,-0.34709328413009644,0.004437443800270557,0.20182842016220093,0.4772401452064514,-1.0895837762005736,1.2894642011055282,-1.1443833236653609
0.002298865932971239,-0.0037277759984135628,-0.00600079633295536,-0.7695529460906982,0.4440222382545471,-0.06792905926704407,-0.37255698442459106,0.23897740244865417,-0.1606738567352295,0.007429041434079409,0.8910565376281738,0.4708768427371979,-1.4717014863434348,1.3602360965858633,-1.0285620549509715,0.00383710116147995,-0.001324627548456192,0.00881599634885788,0.10968625545501709,-0.03288872539997101,-0.04107189178466797,-0.4811819791793823,0.09903836250305176,-0.20214180648326874,0.00970565713942051,0.12165378034114838,0.531230628490448,-0.16756947766630878,0.7415792614955486,-1.363130487899091,0.007604899816215038,0.0014690021052956581,-0.006114969961345196,0.3870280385017395,0.1374986469745636,-0.09698131680488586,-0.33985278010368347,0.0655231922864914,0.0589725598692894,0.009868400171399117,0.4220212697982788,0.3510996401309967,-0.13303543783678703,0.3903875532181088,0.15692401729901556,0.0011169977951794863,-0.0033913201186805964,0.0025621666572988033,-0.044311992824077606,0.155009925365448,-0.06339072436094284,-0.08914501965045929,0.3194156289100647,-0.34842854738235474,0.004394705407321453,0.1732339859008789,0.4810152053833008,-1.0895837762005736,1.2894642011055282,-1.1443833236653609
0.002432738896459341,-0.003792711067944765,-0.006032600998878479,-0.7802208662033081,0.42641231417655945,-0.04721918702125549,-0.36696934700012207,0.2364177107810974,-0.15905678272247314,0.007529618218541145,0.8903940916061401,0.4646061658859253,-1.4717014863434348,1.3602360965858633,-1.0285620549509715,0.0038389319088310003,-0.0014493069611489773,0.008804744109511375,0.10771381855010986,-0.033841703087091446,-0.03139777481555939,-0.4845501780509949,0.09738209843635559,-0.200768381357193,0.009713980369269848,0.11718937009572983,0.5334604978561401,-0.16756947766630878,0.7415792614955486,-1.363130487899091,0.007549613248556852,0.0016056242166087031,-0.0060602761805057526,0.35067787766456604,0.09866559505462646,-0.06281610578298569,-0.2895285487174988,0.04025141894817352,0.022026777267456055,0.009813339449465275,0.36966976523399353,0.29314184188842773,-0.13303543783678703,0.3903875532181088,0.15692401729901556,0.0013232164783403277,-0.0033041774295270443,0.0024950148072093725,-0.04111019894480705,0.13419365882873535,-0.042006272822618484,-0.09096068143844604,0.32174211740493774,-0.34934645891189575,0.004346675705164671,0.14650090038776398,0.4835646450519562,-1.0895837762005736,1.2894642011055282,-1.1443833236653609
0.002642339561134577,-0.0038377733435481787,-0.006058734841644764,-0.7901082038879395,0.4107045531272888,-0.025677233934402466,-0.35323357582092285,0.22956474125385284,-0.15565481781959534,0.007643214426934719,0.8908470869064331,0.4491128623485565,-1.4717014863434348,1.3602360965858633,-1.0285620549509715,0.003859536722302437,-0.0016123021487146616,0.008798034861683846,0.10496441274881363,-0.03375460207462311,-0.02600894868373871,-0.48421865701675415,0.09641657769680023,-0.20091086626052856,0.009741712361574173,0.11328445374965668,0.533037543296814,-0.16756947766630878,0.7415792614955486,-1.363130487899091,0.007470660377293825,0.0016515677561983466,-0.00608892971649766,0.31055566668510437,0.06594225764274597,-0.02711581066250801,-0.23143203556537628,0.010820828378200531,-0.020984478294849396,0.009778215549886227,0.31863531470298767,0.23263323307037354,-0.13303543783678703,0.3903875532181088,0.15692401729901556,0.0015638199402019382,-0.0032202003058046103,0.0024087124038487673,-0.03929536044597626,0.1135469451546669,-0.024822143837809563,-0.09219019114971161,0.3234342336654663,-0.35002750158309937,0.004314756020903587,0.12269137054681778,0.4854152798652649,-1.0895837762005736,1.2894642011055282,-1.1443833236653609
0.0028895835857838392,-0.003864928148686886,-0.006082771811634302,-0.7981539964675903,0.39873722195625305,-0.0049912333488464355,-0.3286477327346802,0.21683721244335175,-0.1500633955001831,0.00776450103148818,0.8922253251075745,0.4213629364967346,-1.4717014863434348,1.3602360965858633,-1.0285620549509715,0.0038851965218782425,-0.001771558541804552,0.008768563158810139,0.1014847680926323,-0.03217064589262009,-0.027484025806188583,-0.4808911085128784,0.09799477458000183,-0.2022469937801361,0.009752992540597916,0.1099521741271019,0.5308135747909546,-0.16756947766630878,0.7415792614955486,-1.363130487899091,0.007375909946858883,0.0016697709215804935,-0.006179791875183582,0.2743220925331116,0.044009506702423096,0.0041916705667972565,-0.17029985785484314,-0.020291127264499664,-0.06636607646942139,0.009766371920704842,0.27786150574684143,0.18389733135700226,-0.13303543783678703,0.3903875532181088,0.15692401729901556,0.0018102754838764668,-0.0031579092610627413,0.002305662026628852,-0.03863915428519249,0.09481971710920334,-0.013779779896140099,-0.0931064561009407,0.32478076219558716,-0.35057583451271057,0.004308777861297131,0.10331334173679352,0.4868827164173126,-1.0895837762005736,1.2894642011055282,-1.1443833236653609
0.0031349947676062584,-0.003880977164953947,-0.006110933143645525,-0.8038700222969055,0.39103302359580994,0.012884378433227539,-0.29015547037124634,0.1964992731809616,-0.14174874126911163,0.007888833060860634,0.8940245509147644,0.37801435589790344,-1.4717014863434348,1.3602360965858633,-1.0285620549509715,0.003907615784555674,-0.0018817076925188303,0.008697974495589733,0.09709128737449646,-0.028896458446979523,-0.036256302148103714,-0.47477027773857117,0.1042088121175766,-0.2046598494052887,0.009719313122332096,0.10759294778108597,0.5274010896682739,-0.16756947766630878,0.7415792614955486,-1.363130487899091,0.0072859907522797585,0.0017029857262969017,-0.006279068533331156,0.2460634410381317,0.034649886190891266,0.028135687112808228,-0.11208891868591309,-0.04997941106557846,-0.10949552804231644,0.009767933748662472,0.25007888674736023,0.164472296833992,-0.13303543783678703,0.3903875532181088,0.15692401729901556,0.002030831528827548,-0.003112246748059988,0.0021860147826373577,-0.03813224285840988,0.08049197494983673,-0.01006800401955843,-0.09378866851329803,0.32583341002464294,-0.35100358724594116,0.004311498254537582,0.08963476866483688,0.4880238175392151,-1.0895837762005736,1.2894642011055282,-1.1443833236653609
0.003342051524668932,-0.0038881090003997087,-0.00614507868885994,-0.8073105812072754,0.3867276608943939,0.02521154284477234,-0.23489844799041748,0.16694799065589905,-0.13017205893993378,0.00800304301083088,0.8955134153366089,0.3162177801132202,-1.4717014863434348,1.3602360965858633,-1.0285620549509715,0.003915329929441214,-0.0019105228129774332,0.008574401028454304,0.0917654037475586,-0.02404118701815605,-0.05118860676884651,-0.4656267464160919,0.11733463406562805,-0.20821060240268707,0.009617704898118973,0.10779212415218353,0.523380696773529,-0.16756947766630878,0.7415792614955486,-1.363130487899091,0.007226090878248215,0.0017755372682586312,-0.006330734584480524,0.22597886621952057,0.0366460382938385,0.044083479791879654,-0.061534494161605835,-0.07576952874660492,-0.1466779261827469,0.009769704192876816,0.23313672840595245,0.176187202334404,-0.13303543783678703,0.3903875532181088,0.15692401729901556,0.0021916618570685387,-0.0030594435520470142,0.0020460423547774553,-0.03625330328941345,0.07263673841953278,-0.012731146067380905,-0.09410206228494644,0.3263777494430542,-0.3512195646762848,0.004283674526959658,0.08217347413301468,0.4886029362678528,-1.0895837762005736,1.2894642011055282,-1.1443833236653609
0.0034800334833562374,-0.003880174132063985,-0.006183997727930546,-0.8087385296821594,0.38454386591911316,0.029438436031341553,-0.16106098890304565,0.12716084718704224,-0.11497120559215546,0.008087534457445145,0.8959903120994568,0.23522096872329712,-1.4717014863434348,1.3602360965858633,-1.0285620549509715,0.003898812923580408,-0.001850765896961093,0.008390734903514385,0.08613412082195282,-0.018082626163959503,-0.07017738372087479,-0.4529303014278412,0.13967621326446533,-0.21308672428131104,0.00943559780716896,0.11256524175405502,0.5196741819381714,-0.16756947766630878,0.7415792614955486,-1.363130487899091,0.0072166346944868565,0.0018982087494805455,-0.00629988731816411,0.21291840076446533,0.04615918919444084,0.0523531399667263,-0.020883511751890182,-0.09647136181592941,-0.176116481423378,0.009765838272869587,0.22406643629074097,0.2018907070159912,-0.13303543783678703,0.3903875532181088,0.15692401729901556,0.002260037465021014,-0.002977279946208,0.001885212492197752,-0.031571514904499054,0.07202501595020294,-0.01870131865143776,-0.09368496388196945,0.32591328024864197,-0.35102081298828125,0.004186405800282955,0.0808337926864624,0.488069623708725,-1.0895837762005736,1.2894642011055282,-1.1443833236653609
0.0035295356065034866,-0.003844944993034005,-0.006226054392755032,-0.8082780838012695,0.3839571177959442,0.024807840585708618,-0.06905865669250488,0.07733170688152313,-0.0962093248963356,0.008124344982206821,0.8951826691627502,0.14144088327884674,-1.4717014863434348,1.3602360965858633,-1.0285620549509715,0.0038556207437068224,-0.0017245500348508358,0.008149892091751099,0.08146201074123383,-0.011827555485069752,-0.0904843807220459,-0.43604955077171326,0.1732635498046875,-0.21952517330646515,0.009179358370602131,0.1223248690366745,0.518025815486908,-0.16756947766630878,0.7415792614955486,-1.363130487899091,0.007277443539351225,0.002073615789413452,-0.006175130605697632,0.20552532374858856,0.05829029157757759,0.05364536866545677,0.010205045342445374,-0.11206065863370895,-0.19752219319343567,0.009766949340701103,0.2202640175819397,0.2273252010345459,-0.13133533122505453,0.38867374310652114,0.15651264244873453,0.0022186916321516037,-0.0028589891735464334,0.001716077676974237,-0.023507636040449142,0.07796299457550049,-0.02421426959335804,-0.09194597601890564,0.32364726066589355,-0.3500903844833374,0.0040051634423434734,0.0849539190530777,0.4855562746524811,-1.0895837762005736,1.2894642011055282,-1.1443833236653609
0.003486994653940201,-0.00377089437097311,-0.006268200930207968,-0.8058959245681763,0.3853653371334076,0.01282760500907898,0.036903951317071915,0.019710686057806015,-0.07469592988491058,0.008103648200631142,0.8933864235877991,0.08561480790376663,-1.4717014863434348,1.3602360965858633,-1.0285620549509715,0.0037898123264312744,-0.0015742543619126081,0.00787755474448204,0.07890168577432632,-0.00611470639705658,-0.10924071073532104,-0.4145268499851227,0.21935847401618958,-0.2277064472436905,0.008882388472557068,0.13489402830600739,0.5213452577590942,-0.16756947766630878,0.7415792614955486,-1.363130487899091,0.007395999971777201,0.0022598393261432648,-0.006010248325765133,0.20290417969226837,0.06675416976213455,0.047683872282505035,0.0317111536860466,-0.12280827760696411,-0.21178659796714783,0.009794426150619984,0.21886062622070312,0.24686238169670105,-0.13133533122505453,0.38867374310652114,0.15651264244873453,0.0020792793948203325,-0.0027099219150841236,0.0015640661586076021,-0.012617772445082664,0.08859626203775406,-0.02616303414106369,-0.08807900547981262,0.31851285696029663,-0.3480047881603241,0.0037567780818790197,0.09323631227016449,0.4799121618270874,-1.0895837762005736,1.2894642011055282,-1.1443833236653609
0.0033649858087301254,-0.0036543970927596092,-0.006303747184574604,-0.8017970323562622,0.38893863558769226,-0.0038937628269195557,0.14805014431476593,-0.04097384586930275,-0.05215054005384445,0.008025893941521645,0.8911604285240173,0.16222631931304932,-1.4717014863434348,1.3602360965858633,-1.0285620549509715,0.003711144672706723,-0.0014428491704165936,0.00762510858476162,0.07885118573904037,-0.0015280842781066895,-0.1241459771990776,-0.3884405493736267,0.2777305543422699,-0.23761659860610962,0.008602133020758629,0.14707843959331512,0.5333684682846069,-0.16756947766630878,0.7415792614955486,-1.363130487899091,0.0075576272793114185,0.0024343400727957487,-0.005840617697685957,0.20346905291080475,0.06782009452581406,0.03557422757148743,0.04565080255270004,-0.1296555995941162,-0.22015614807605743,0.00985680241137743,0.2174045592546463,0.25954440236091614,-0.13133533122505453,0.38867374310652114,0.15651264244873453,0.0018746911082416773,-0.0025414039846509695,0.0014578293776139617,-0.00028358539566397667,0.10112091153860092,-0.022787651047110558,-0.08110864460468292,0.30922821164131165,-0.344258189201355,0.0034782851580530405,0.10365710407495499,0.46980249881744385,-1.0895837762005736,1.2894642011055282,-1.1443833236653609
0.003187775146216154,-0.003506355918943882,-0.006321932189166546,-0.7966505885124207,0.39384061098098755,-0.02283334732055664,0.2533585727214813,-0.09878009557723999,-0.03074062615633011,0.007900839671492577,0.8889791369438171,0.2736659646034241,-1.4717014863434348,1.3602360965858633,-1.0285620549509715,0.0036333310417830944,-0.0013579980004578829,0.007452554069459438,0.08107475936412811,0.0016112439334392548,-0.1339973658323288,-0.35885947942733765,0.3456844389438629,-0.2488742619752884,0.008401536382734776,0.15662378072738647,0.5569705963134766,-0.16756947766630878,0.7415792614955486,-1.363130487899091,0.007720867171883583,0.002560736844316125,-0.0057029686868190765,0.20609621703624725,0.059795062988996506,0.018898382782936096,0.05363950878381729,-0.13345834612846375,-0.22409319877624512,0.009934435598552227,0.21542572975158691,0.26628196239471436,-0.13133533122505453,0.38867374310652114,0.15651264244873453,0.0016432536067441106,-0.0023751924745738506,0.0014190427027642727,0.011713662184774876,0.11206112056970596,-0.013855790719389915,-0.06998230516910553,0.2944190204143524,-0.33831191062927246,0.00321799679659307,0.11352042853832245,0.45391079783439636,-1.0895837762005736,1.2894642011055282,-1.1443833236653609
0.0029855179600417614,-0.003357570618391037,-0.00631222827360034,-0.791283369064331,0.3989132344722748,-0.04154345393180847,0.3440430760383606,-0.14898262917995453,-0.01218731701374054,0.007747956085950136,0.8871228694915771,0.375113308429718,-1.4717014863434348,1.3602360965858633,-1.0285620549509715,0.0035732248798012733,-0.001329459948465228,0.007406275719404221,0.08522552251815796,0.003046862781047821,-0.13876459002494812,-0.3280780017375946,0.417578786611557,-0.2606412172317505,0.00832996517419815,0.16287505626678467,0.5915581583976746,-0.16756947766630878,0.7415792614955486,-1.363130487899091,0.007842027582228184,0.002605690620839596,-0.005616049747914076,0.21036988496780396,0.042662981897592545,-0.00058741495013237,0.0570499561727047,-0.13497714698314667,-0.22505907714366913,0.009991348721086979,0.2146531194448471,0.2685611844062805,-0.13133533122505453,0.38867374310652114,0.15651264244873453,0.0014257794246077538,-0.002244521863758564,0.0014532837085425854,0.02149130403995514,0.11814050376415253,-0.00044223107397556305,-0.05372880399227142,0.27282923460006714,-0.3296794891357422,0.0030303066596388817,0.12008018046617508,0.4312900900840759,-1.0895837762005736,1.2894642011055282,-1.1443833236653609
0.002789359074085951,-0.0032532713375985622,-0.006272763479501009,-0.7863601446151733,0.4034079611301422,-0.0576077401638031,0.41589418053627014,-0.18933333456516266,0.0026989728212356567,0.007596832234412432,0.885674238204956,0.45697087049484253,-1.4717014863434348,1.3602360965858633,-1.0285620549509715,0.0035541977267712355,-0.001355720218271017,0.007505579851567745,0.091303251683712,0.00238790363073349,-0.13953423500061035,-0.2989950180053711,0.48635292053222656,-0.2718592882156372,0.008414512500166893,0.16676867008209229,0.6323326826095581,-0.16756947766630878,0.7415792614955486,-1.363130487899091,0.007893304340541363,0.002543918089941144,-0.005586910992860794,0.21679912507534027,0.016002502292394638,-0.02201688103377819,0.056828342378139496,-0.13478916883468628,-0.22441555559635162,0.009999467059969902,0.2185009866952896,0.2678804397583008,-0.13133533122505453,0.38867374310652114,0.15651264244873453,0.0012641323264688253,-0.002181014744564891,0.0015458412235602736,0.027317915111780167,0.11757633835077286,0.01541634276509285,-0.03170403093099594,0.2436477392911911,-0.3180573582649231,0.002957106800749898,0.12168864905834198,0.4019077718257904,-1.0895837762005736,1.2894642011055282,-1.1443833236653609
0.0026268549263477325,-0.0032387892715632915,-0.006212311796844006,-0.7820594310760498,0.4073716998100281,-0.06978949904441833,0.4683499336242676,-0.21999050676822662,0.01403951644897461,0.007482174783945084,0.884555995464325,0.5176336765289307,-1.4709957188580582,1.360083295230957,-1.0270526763359211,0.003603569231927395,-0.0014329198747873306,0.007741111330688,0.0999186635017395,-0.0009767524898052216,-0.13872413337230682,-0.2739008069038391,0.5464358329772949,-0.28171104192733765,0.00865816231817007,0.17096513509750366,0.6730340719223022,-0.16756947766630878,0.7415792614955486,-1.363130487899091,0.007870825938880444,0.002359821693971753,-0.005623346194624901,0.22719915211200714,-0.021060211583971977,-0.045638881623744965,0.05341218784451485,-0.13324964046478271,-0.2233899086713791,0.009956941939890385,0.23269270360469818,0.2655397951602936,-0.13133533122505453,0.38867374310652114,0.15651264244873453,0.0011895173229277134,-0.0021997359581291676,0.0016724654706194997,0.027855973690748215,0.11083122342824936,0.031135769560933113,-0.003941848874092102,0.2069738507270813,-0.30351096391677856,0.003008476458489895,0.11844387650489807,0.36738619208335876,-1.0895837762005736,1.2894642011055282,-1.1443833236653609
0.002521674381569028,-0.003332180203869939,-0.006147840525954962,-0.7794259786605835,0.40913575887680054,-0.07737907767295837,0.5036566257476807,-0.2412569671869278,0.0218656063079834,0.0074335867539048195,0.8836766481399536,0.5588855147361755,-1.4709957188580582,1.360083295230957,-1.0270526763359211,0.003736706217750907,-0.0015568784438073635,0.008085443638265133,0.11224330216646194,-0.007821857929229736,-0.14043419063091278,-0.2538456618785858,0.5952544808387756,-0.28985682129859924,0.009042192250490189,0.1799486130475998,0.7090715765953064,-0.16756947766630878,0.7415792614955486,-1.363130487899091,0.007787422277033329,0.0020523411221802235,-0.005739983636885881,0.24511945247650146,-0.06737115234136581,-0.07198405265808105,0.04673043265938759,-0.13049235939979553,-0.2230755239725113,0.009889563545584679,0.2642046809196472,0.26263028383255005,-0.13133533122505453,0.38867374310652114,0.15651264244873453,0.0012122642947360873,-0.002293340628966689,0.0018161108018830419,0.022306956350803375,0.10011926293373108,0.044194240123033524,0.02838047593832016,0.16443364322185516,-0.2867200970649719,0.003166584065183997,0.1116897389292717,0.3317413032054901,-1.0895837762005736,1.2894642011055282,-1.1443833236653609
0.002489726059138775,-0.003529634326696396,-0.0060883802361786366,-0.7782127857208252,0.40942537784576416,-0.0814107358455658,0.5247547030448914,-0.25499382615089417,0.0269126296043396,0.007464946713298559,0.883103609085083,0.5840493440628052,-1.4709957188580582,1.360083295230957,-1.0270526763359211,0.003938793204724789,-0.001711077755317092,0.008505238220095634,0.12962913513183594,-0.018834495916962624,-0.1500585526227951,-0.23921455442905426,0.632656991481781,-0.2961808741092682,0.009527903981506824,0.19918841123580933,0.7383776903152466,-0.1664808274260831,0.7413521513700756,-1.362565965181236,0.00765589252114296,0.0016438247403129935,-0.005941017530858517,0.27486100792884827,-0.11834342777729034,-0.10076360404491425,0.03627656027674675,-0.12646052241325378,-0.22444207966327667,0.009829066693782806,0.3157642185688019,0.26015859842300415,-0.13133533122505453,0.38867374310652114,0.15651264244873453,0.0013229933101683855,-0.0024358949158340693,0.0019695854280143976,0.010487794876098633,0.08809038251638412,0.05270843580365181,0.06270744651556015,0.1194886714220047,-0.2691003680229187,0.0034004650078713894,0.10318957269191742,0.3010394871234894,-1.0895837762005736,1.2894642011055282,-1.1443833236653609
0.0025369361974298954,-0.0037890865933150053,-0.006040860898792744,-0.7782460451126099,0.40917137265205383,-0.08249315619468689,0.5351226925849915,-0.26282092928886414,0.02978229522705078,0.007568700239062309,0.8831156492233276,0.5969238877296448,-1.4709957188580582,1.360083295230957,-1.0270526763359211,0.00416560797020793,-0.0018490073271095753,0.008957773447036743,0.15234412252902985,-0.0351480208337307,-0.1720253825187683,-0.22872696816921234,0.6601241230964661,-0.3012678027153015,0.010050513781607151,0.23245827853679657,0.760816752910614,-0.1664808274260831,0.7413521513700756,-1.362565965181236,0.007482466287910938,0.0011862670071423054,-0.006188536062836647,0.31838157773017883,-0.16765132546424866,-0.13040482997894287,0.02125510573387146,-0.12096595019102097,-0.22833189368247986,0.009782254695892334,0.3827260136604309,0.259268194437027,-0.13133533122505453,0.38867374310652114,0.15651264244873453,0.0015017357654869556,-0.0025944062508642673,0.002127613639459014,-0.007074207067489624,0.07670582085847855,0.05618457496166229,0.0958099216222763,0.07649937272071838,-0.2524290382862091,0.0036759888753294945,0.09534429758787155,0.2806280851364136,-1.0895837762005736,1.2894642011055282,-1.1443833236653609
0.0026538902893662453,-0.004045345354825258,-0.006013467907905579,-0.7794718742370605,0.4093795418739319,-0.08087959885597229,0.5381474494934082,-0.2661289572715759,0.0309889018535614,0.007718143984675407,0.8841434121131897,0.6011552214622498,-1.4709957188580582,1.360083295230957,-1.0270526763359211,0.004347664304077625,-0.0019001374021172523,0.009385955519974232,0.1784166693687439,-0.05748172849416733,-0.2059544324874878,-0.22186438739299774,0.6795805096626282,-0.30531224608421326,0.010517074726521969,0.278484970331192,0.7773474454879761,-0.1664808274260831,0.7413521513700756,-1.362565965181236,0.007278105244040489,0.0007591158500872552,-0.006395570933818817,0.3723418712615967,-0.20947647094726562,-0.15880052745342255,0.0008115172386169434,-0.11377628147602081,-0.23542211949825287,0.009718559682369232,0.45578116178512573,0.26147517561912537,-0.13133533122505453,0.38867374310652114,0.15651264244873453,0.0017238648142665625,-0.0027439447585493326,0.002282398287206888,-0.02904650568962097,0.06680713593959808,0.05633348971605301,0.1251348853111267,0.03892945125699043,-0.23812657594680786,0.003963619936257601,0.09208884090185165,0.2718060314655304,-1.0895837762005736,1.2894642011055282,-1.1443833236653609
0.0028144295793026686,-0.004237648099660873,-0.0060151005163788795,-0.7822268009185791,0.4104873538017273,-0.07664301991462708,0.5368684530258179,-0.2658991813659668,0.03089269995689392,0.007877823896706104,0.8867089748382568,0.5999037027359009,-1.4709957188580582,1.360083295230957,-1.0270526763359211,0.004422424361109734,-0.0017991936765611172,0.00971943698823452,0.20308026671409607,-0.0864914208650589,-0.2454662024974823,-0.21772538125514984,0.6930606961250305,-0.3086211383342743,0.0108287762850523,0.3301151692867279,0.789293646812439,-0.1664808274260831,0.7413521513700756,-1.362565965181236,0.0070718685165047646,0.00045240623876452446,-0.0064630890265107155,0.4277075231075287,-0.23907524347305298,-0.18464818596839905,-0.02564111351966858,-0.10473364591598511,-0.24613536894321442,0.009591012261807919,0.5236274003982544,0.2687177360057831,-0.13133533122505453,0.38867374310652114,0.15651264244873453,0.00195578602142632,-0.0028739215340465307,0.00242127594538033,-0.05335439741611481,0.058273494243621826,0.05643802136182785,0.1494932472705841,0.008418804965913296,-0.22687961161136627,0.004236401990056038,0.09709656238555908,0.27183353900909424,-1.0895837762005736,1.2894642011055282,-1.1443833236653609
0.002980482531711459,-0.004332777112722397,-0.006051118951290846,-0.787034273147583,0.4127117991447449,-0.06978142261505127,0.5338816046714783,-0.2626228928565979,0.029671281576156616,0.008016998879611492,0.8914165496826172,0.5957186818122864,-1.4709957188580582,1.360083295230957,-1.0270526763359211,0.004364402964711189,-0.0015253368765115738,0.009893527254462242,0.22054676711559296,-0.12231259793043137,-0.2809276580810547,-0.21551623940467834,0.7022050023078918,-0.3113773465156555,0.010920464992523193,0.3775203227996826,0.7978063225746155,-0.1664808274260831,0.7413521513700756,-1.362565965181236,0.0069108325988054276,0.000335018994519487,-0.006333158351480961,0.4715394973754883,-0.2529068887233734,-0.20798905193805695,-0.05798323452472687,-0.09390855580568314,-0.2604849338531494,0.009379805065691471,0.574082612991333,0.2829015254974365,-0.13133533122505453,0.38867374310652114,0.15651264244873453,0.002152839908376336,-0.0029785800725221634,0.002526247641071677,-0.07782599329948425,0.0505216009914875,0.05901292338967323,0.1689366102218628,-0.014726940542459488,-0.21865716576576233,0.004459662362933159,0.10996291041374207,0.27670818567276,-1.0869694474292337,1.2889485545972743,-1.1430432667893398
0.003112231846898794,-0.004330313764512539,-0.006121060345321894,-0.7941587567329407,0.4168083071708679,-0.06046631932258606,0.5313395261764526,-0.2563013434410095,0.027319282293319702,0.008118188008666039,0.8989290595054626,0.5905576944351196,-1.4709957188580582,1.360083295230957,-1.0270526763359211,0.0041982922703027725,-0.0011207121424376965,0.009871086105704308,0.2267654985189438,-0.16416504979133606,-0.3036918640136719,-0.2146468460559845,0.7079567909240723,-0.313568115234375,0.010785174556076527,0.41303935647010803,0.8034930229187012,-0.1664808274260831,0.7413521513700756,-1.362565965181236,0.006848405580967665,0.0004280290741007775,-0.006015409715473652,0.49004507064819336,-0.2495739609003067,-0.229715496301651,-0.09483036398887634,-0.08179036527872086,-0.27784833312034607,0.009125186130404472,0.5959870219230652,0.3047657310962677,-0.13133533122505453,0.38867374310652114,0.15651264244873453,0.0022601657547056675,-0.0030711181461811066,0.002571303630247712,-0.10075972974300385,0.04343708977103233,0.06434930860996246,0.1836855262517929,-0.031519487500190735,-0.21333615481853485,0.004599099513143301,0.1272011697292328,0.2832775413990021,-1.0869694474292337,1.2889485545972743,-1.1430432667893398
0.0031802821904420853,-0.0042533655650913715,-0.006219110917299986,-0.8033930063247681,0.42419591546058655,-0.04938703775405884,0.5309910178184509,-0.24651476740837097,0.02367427945137024,0.008178181946277618,0.9098470211029053,0.5859022736549377,-1.4709957188580582,1.360083295230957,-1.0270526763359211,0.0039823055267333984,-0.0006728083826601505,0.009653305634856224,0.22159095108509064,-0.20985300838947296,-0.30879920721054077,-0.2147836983203888,0.7103586792945862,-0.3149262070655823,0.010464116930961609,0.43416330218315125,0.8061761260032654,-0.1664808274260831,0.7413521513700756,-1.362565965181236,0.0069280462339520454,0.000702558783814311,-0.005571768153458834,0.47295716404914856,-0.2305263876914978,-0.2506188750267029,-0.1332467794418335,-0.06938312947750092,-0.29685038328170776,0.008918296545743942,0.582787036895752,0.33269935846328735,-0.13133533122505453,0.38867374310652114,0.15651264244873453,0.002250882564112544,-0.003166891634464264,0.0025460529141128063,-0.12229687720537186,0.03704700991511345,0.0704079419374466,0.19451691210269928,-0.0428839847445488,-0.21031779050827026,0.004645219072699547,0.14589820802211761,0.28967124223709106,-1.0869694474292337,1.2889485545972743,-1.1430432667893398
0.003174710785970092,-0.004133380949497223,-0.006334275007247925,-0.8142191171646118,0.43618014454841614,-0.03796881437301636,0.534217357635498,-0.23256084322929382,0.018468588590621948,0.008202845230698586,0.9244714975357056,0.5829355120658875,-1.4709957188580582,1.360083295230957,-1.0270526763359211,0.003777402453124523,-0.0002750377170741558,0.009272587485611439,0.20938001573085785,-0.25537484884262085,-0.2957107722759247,-0.2158721387386322,0.7084307670593262,-0.31488728523254395,0.010016251355409622,0.4432845115661621,0.8047539591789246,-0.1664808274260831,0.7413521513700756,-1.362565965181236,0.007168220356106758,0.0010980407241731882,-0.005080146715044975,0.4178675711154938,-0.1994231790304184,-0.2704200744628906,-0.16953013837337494,-0.05793881416320801,-0.3157315254211426,0.008854206651449203,0.5361995100975037,0.3630203306674957,-0.13133533122505453,0.38867374310652114,0.15651264244873453,0.0021301130764186382,-0.003282958874478936,0.002453012391924858,-0.14385971426963806,0.03153791278600693,0.07406934350728989,0.20193961262702942,-0.04986448958516121,-0.2089989185333252,0.00461870850995183,0.164853036403656,0.2948671281337738,-1.0869694474292337,1.2889485545972743,-1.1430432667893398
0.003106921212747693,-0.0039949314668774605,-0.006447804160416126,-0.8260699510574341,0.4528388977050781,-0.02848273515701294,0.5420242547988892,-0.2136690318584442,0.01140892505645752,0.00819674413651228,0.942478597164154,0.5827305316925049,-1.4709957188580582,1.360083295230957,-1.0270526763359211,0.003624680219218135,1.9958242774009705e-06,0.008775202557444572,0.19737645983695984,-0.29542604088783264,-0.267724871635437,-0.21813343465328217,0.7001299858093262,-0.312566339969635,0.009494340047240257,0.4448714554309845,0.7971586585044861,-0.1664808274260831,0.7413521513700756,-1.362565965181236,0.0075568873435258865,0.001546728191897273,-0.004608966410160065,0.33179590106010437,-0.16095253825187683,-0.28752774000167847,-0.20073768496513367,-0.04843772202730179,-0.3330461382865906,0.008985626511275768,0.46761783957481384,0.39186930656433105,-0.13133533122505453,0.38867374310652114,0.15651264244873453,0.0019307510228827596,-0.003409924916923046,0.002308823401108384,-0.1670379787683487,0.027206966653466225,0.07230113446712494,0.20607778429985046,-0.053238317370414734,-0.20875981450080872,0.004548192489892244,0.18403629958629608,0.2981325685977936,-1.0869694474292337,1.2889485545972743,-1.1430432667893398
0.0030035534873604774,-0.003846825333312154,-0.006534821819514036,-0.8382929563522339,0.47254541516304016,-0.023560434579849243,0.554963231086731,-0.18930397927761078,0.00228959321975708,0.008156181313097477,0.9625951051712036,0.5863662958145142,-1.4709957188580582,1.360083295230957,-1.0270526763359211,0.0035320611204952,0.00012024817988276482,0.008207162842154503,0.1921658217906952,-0.32489073276519775,-0.23018449544906616,-0.22204004228115082,0.6824127435684204,-0.3067682683467865,0.008935739286243916,0.44211602210998535,0.7804458737373352,-0.1664808274260831,0.7413521513700756,-1.362565965181236,0.008055456914007664,0.001994618447497487,-0.004210875369608402,0.22870910167694092,-0.12016060948371887,-0.29980507493019104,-0.22548294067382812,-0.04130774736404419,-0.34799978137016296,0.009305931627750397,0.39576444029808044,0.416716605424881,-0.13133533122505453,0.38867374310652114,0.15651264244873453,0.0016971833538264036,-0.003503549611195922,0.00214062980376184,-0.19184920191764832,0.02464541792869568,0.06377716362476349,0.20651240646839142,-0.053360145539045334,-0.20899829268455505,0.004442700184881687,0.20366895198822021,0.2986217737197876,-1.0869694474292337,1.2889485545972743,-1.1430432667893398
0.0028937209863215685,-0.0036871174816042185,-0.006576891988515854,-0.849699854850769,0.49250200390815735,-0.02473244071006775,0.5729605555534363,-0.15957102179527283,-0.00885552167892456,0.008076136000454426,0.9824255108833313,0.5948320031166077,-1.4709957188580582,1.360083295230957,-1.0270526763359211,0.0034670436289161444,8.338107727468014e-05,0.007606503553688526,0.19625982642173767,-0.34016868472099304,-0.1882951259613037,-0.22826224565505981,0.6514421105384827,-0.2960495352745056,0.008359799161553383,0.43553152680397034,0.7510831356048584,-0.1664808274260831,0.7413521513700756,-1.362565965181236,0.00860045850276947,0.002434160327538848,-0.0039168973453342915,0.12414129823446274,-0.0814148560166359,-0.3053768277168274,-0.24347591400146484,-0.03717993572354317,-0.3603344261646271,0.009758847765624523,0.3395503759384155,0.43646737933158875,-0.12940232715494,0.3882819118020397,0.1560444012125063,0.001472216914407909,-0.0035070094745606184,0.0019763282034546137,-0.21577394008636475,0.024594541639089584,0.049891434609889984,0.20219825208187103,-0.05008687078952789,-0.20914149284362793,0.004286305047571659,0.22282828390598297,0.2951829731464386,-1.0869694474292337,1.2889485545972743,-1.1430432667893398
0.002798881381750107,-0.003516225842759013,-0.006572030019015074,-0.8583683967590332,0.5095534324645996,-0.031205356121063232,0.5950446128845215,-0.125730499625206,-0.0215609073638916,0.007961731404066086,0.9987065196037292,0.6085647940635681,-1.4709957188580582,1.360083295230957,-1.0270526763359211,0.003371278755366802,-5.651242099702358e-05,0.0070029366761446,0.20720674097537994,-0.3397500514984131,-0.14619356393814087,-0.23757879436016083,0.6030043959617615,-0.27885621786117554,0.007772376295179129,0.4239543378353119,0.7055627107620239,-0.1664808274260831,0.7413521513700756,-1.362565965181236,0.009122799150645733,0.0028475539293140173,-0.003734538797289133,0.028483830392360687,-0.04733320325613022,-0.30334892868995667,-0.25579318404197693,-0.03432171046733856,-0.36976832151412964,0.010260644368827343,0.3083380162715912,0.4509287476539612,-0.12940232715494,0.3882819118020397,0.1560444012125063,0.0012896450934931636,-0.003389707300812006,0.0018372576450929046,-0.2346692979335785,0.027393238618969917,0.03413107991218567,0.1914655566215515,-0.042776547372341156,-0.20864661037921906,0.004065564833581448,0.2387153059244156,0.2863953411579132,-1.0869694474292337,1.2889485545972743,-1.1430432667893398
0.0027355016209185123,-0.0033414762001484632,-0.0065308730117976665,-0.8625171184539795,0.5209254026412964,-0.04052126407623291,0.6192207336425781,-0.0904623493552208,-0.034829914569854736,0.007829478941857815,1.0084350109100342,0.6267622709274292,-1.4709957188580582,1.360083295230957,-1.0270526763359211,0.0032009328715503216,-0.0002196489367634058,0.006432290188968182,0.21949855983257294,-0.32419806718826294,-0.10669353604316711,-0.2507367730140686,0.533207893371582,-0.25376713275909424,0.007188085466623306,0.4057924449443817,0.641542911529541,-0.1664808274260831,0.7413521513700756,-1.362565965181236,0.009535764344036579,0.0032789495307952166,-0.0036393182817846537,-0.0529232956469059,-0.016712931916117668,-0.2933560311794281,-0.2632906436920166,-0.03276275843381882,-0.37609851360321045,0.010720398277044296,0.2985598146915436,0.46026673913002014,-0.12940232715494,0.3882819118020397,0.1560444012125063,0.0011710099643096328,-0.0031664283014833927,0.0017383771482855082,-0.2450510859489441,0.03250386193394661,0.02032097429037094,0.172129288315773,-0.03036440722644329,-0.20700378715991974,0.003797299927100539,0.24803119897842407,0.270926296710968,-1.0869694474292337,1.2889485545972743,-1.1430432667893398
0.0027230707928538322,-0.0031716343946754932,-0.0064689842984080315,-0.8617347478866577,0.5249589681625366,-0.05060070753097534,0.6430103778839111,-0.057148564606904984,-0.047403305768966675,0.007702086586505175,1.0103113651275635,0.6472830772399902,-1.4709957188580582,1.360083295230957,-1.0270526763359211,0.0029578476678580046,-0.0003417485859245062,0.005946854129433632,0.2273373156785965,-0.29562023282051086,-0.07062974572181702,-0.26824668049812317,0.43954965472221375,-0.2198726236820221,0.006650618743151426,0.37955519556999207,0.5599144101142883,-0.1664808274260831,0.7413521513700756,-1.362565965181236,0.00976456981152296,0.003728868905454874,-0.0036025464069098234,-0.119461789727211,0.013165105134248734,-0.2760663330554962,-0.2671356797218323,-0.031731005758047104,-0.37877291440963745,0.011055750772356987,0.30109310150146484,0.4645828604698181,-0.12940232715494,0.3882819118020397,0.1560444012125063,0.0011283534113317728,-0.00287792831659317,0.0016853631241247058,-0.24567760527133942,0.03855004906654358,0.010699406266212463,0.14173905551433563,-0.011528853327035904,-0.20375189185142517,0.0035208098124712706,0.24891377985477448,0.248470738530159,-1.0869694474292337,1.2889485545972743,-1.1430432667893398
0.002784373704344034,-0.0030116289854049683,-0.0064027076587080956,-0.8570264577865601,0.5212316513061523,-0.0608808696269989,0.6644415855407715,-0.02847578004002571,-0.05828246474266052,0.007603769656270742,1.0049294233322144,0.6676004528999329,-1.4709957188580582,1.360083295230957,-1.0270526763359211,0.002677260199561715,-0.0004026892129331827,0.0055920034646987915,0.22654995322227478,-0.25733739137649536,-0.03731527179479599,-0.2900984585285187,0.32241857051849365,-0.17731520533561707,0.006212920416146517,0.34487655758857727,0.4685632586479187,-0.1664808274260831,0.7413521513700756,-1.362565965181236,0.009772338904440403,0.004151035565882921,-0.0036152605898678303,-0.1727944016456604,0.0454740896821022,-0.25276094675064087,-0.26843252778053284,-0.030336692929267883,-0.3768171966075897,0.011216051876544952,0.30953818559646606,0.46364593505859375,-0.12940232715494,0.3882819118020397,0.1560444012125063,0.0011700413888320327,-0.002558412030339241,0.0016704207519069314,-0.23741339147090912,0.043617136776447296,0.00515255331993103,0.09801432490348816,0.015031954273581505,-0.19851818680763245,0.0032718151342123747,0.2414417564868927,0.221905916929245,-1.0869694474292337,1.2889485545972743,-1.1430432667893398
0.002937705721706152,-0.0028631207533180714,-0.006347045302391052,-0.8497803211212158,0.510210394859314,-0.07136917114257812,0.6825511455535889,-0.0057066865265369415,-0.06700077652931213,0.007557285018265247,0.993747889995575,0.685855507850647,-1.4709957188580582,1.360083295230957,-1.0270526763359211,0.0023899762891232967,-0.00042052287608385086,0.005373367574065924,0.2154839187860489,-0.21401295065879822,-0.006326936185359955,-0.3153913617134094,0.1870730221271515,-0.12800514698028564,0.005895922891795635,0.3037678301334381,0.3883984386920929,-0.1664808274260831,0.7413521513700756,-1.362565965181236,0.00957796536386013,0.004488901700824499,-0.0036948006600141525,-0.21512147784233093,0.08305827528238297,-0.22530469298362732,-0.2681293487548828,-0.027603555470705032,-0.36878812313079834,0.011204428039491177,0.32239437103271484,0.4567931592464447,-0.12940232715494,0.3882819118020397,0.1560444012125063,0.0013002025661990047,-0.002226863754913211,0.0016764929750934243,-0.2222503125667572,0.04559139907360077,0.0020210817456245422,0.039511553943157196,0.050187788903713226,-0.19109106063842773,0.0030757237691432238,0.2268873155117035,0.20148392021656036,-1.0869694474292337,1.2889485545972743,-1.1430432667893398
0.003189863171428442,-0.002732163295149803,-0.00631351862102747,-0.8406752347946167,0.4938572943210602,-0.08160647749900818,0.697234570980072,0.010730795562267303,-0.07313933968544006,0.007582905702292919,0.9784116744995117,0.7011423110961914,-1.4688556155420571,1.3601357371195786,-1.0243430410641736,0.0021071871742606163,-0.00042390264570713043,0.00525674456730485,0.19503891468048096,-0.17098061740398407,0.02140413224697113,-0.34214654564857483,0.04463144391775131,-0.07597922533750534,0.005679198540747166,0.26025503873825073,0.35331156849861145,-0.1664808274260831,0.7413521513700756,-1.362565965181236,0.009237701073288918,0.0047280373983085155,-0.0038668918423354626,-0.24724137783050537,0.1275833249092102,-0.19615818560123444,-0.26698070764541626,-0.022508691996335983,-0.3528307378292084,0.011074399575591087,0.34041714668273926,0.4430291950702667,-0.12940232715494,0.3882819118020397,0.1560444012125063,0.0015122409677132964,-0.0019016261212527752,0.0016845706850290298,-0.20240595936775208,0.04308084398508072,-0.000956319272518158,-0.0334354043006897,0.09380516409873962,-0.18153303861618042,0.002956489799544215,0.2069421261548996,0.2070545256137848,-1.0869694474292337,1.2889485545972743,-1.1430432667893398
0.003522575832903385,-0.0026290647219866514,-0.0063155475072562695,-0.8308674097061157,0.4741189777851105,-0.08920156955718994,0.7086859941482544,0.022145934402942657,-0.07769742608070374,0.007694586645811796,0.9607738256454468,0.7132763266563416,-1.4688556155420571,1.3601357371195786,-1.0243430410641736,0.001839055446907878,-0.0004311641678214073,0.00519673153758049,0.16770826280117035,-0.13258826732635498,0.04348623752593994,-0.36785486340522766,-0.09091067314147949,-0.026315204799175262,0.005529380403459072,0.21816682815551758,0.37983477115631104,-0.1664808274260831,0.7413521513700756,-1.362565965181236,0.00881485641002655,0.004900407046079636,-0.0041409810073673725,-0.26757216453552246,0.17849427461624146,-0.16804106533527374,-0.26554614305496216,-0.014051258563995361,-0.32686758041381836,0.010902449488639832,0.362895131111145,0.42137229442596436,-0.12940232715494,0.3882819118020397,0.1560444012125063,0.0017872244352474809,-0.001609033322893083,0.0016771272057667375,-0.17988643050193787,0.03687715157866478,-0.0060799941420555115,-0.11748091876506805,0.14400480687618256,-0.17033720016479492,0.0029318789020180702,0.18372811377048492,0.25209900736808777,-1.0869694474292337,1.2889485545972743,-1.1430432667893398
0.003904464654624462,-0.0025657140649855137,-0.006357417441904545,-0.8204715251922607,0.4549127519130707,-0.09358903765678406,0.7173364162445068,0.0291578471660614,-0.08063384890556335,0.007889517582952976,0.9428032636642456,0.7224427461624146,-1.4688556155420571,1.3601357371195786,-1.0243430410641736,0.001612686668522656,-0.0004465857055038214,0.0051638223230838776,0.13612259924411774,-0.10128293931484222,0.056642014533281326,-0.39053109288215637,-0.20840822160243988,0.016950175166130066,0.005428191274404526,0.17887401580810547,0.4429851174354553,-0.1664808274260831,0.7413521513700756,-1.362565965181236,0.008368579670786858,0.0050361501052975655,-0.004497592803090811,-0.27328312397003174,0.23228763043880463,-0.14360907673835754,-0.26420825719833374,-0.0013707596808671951,-0.2889581024646759,0.010752873495221138,0.38634800910949707,0.39154139161109924,-0.12940232715494,0.3882819118020397,0.1560444012125063,0.0021000811830163,-0.0013725328026339412,0.0016405717469751835,-0.1565401256084442,0.0305068027228117,-0.01467733085155487,-0.20564794540405273,0.1967839002609253,-0.15850277245044708,0.002997609553858638,0.16015897691249847,0.3257884383201599,-1.0869694474292337,1.2889485545972743,-1.1430432667893398
0.004285042639821768,-0.0025397753342986107,-0.006434374488890171,-0.8097448945045471,0.4393322467803955,-0.09480813145637512,0.7234543561935425,0.03281354904174805,-0.08230140805244446,0.008137150667607784,0.926114559173584,0.7288597226142883,-1.4688556155420571,1.3601357371195786,-1.0243430410641736,0.001463021500967443,-0.0004589916206896305,0.0051497481763362885,0.10213025659322739,-0.07826858013868332,0.05837199091911316,-0.40925273299217224,-0.30254536867141724,0.05189917981624603,0.005373175255954266,0.1412934809923172,0.5115808844566345,-0.1664808274260831,0.7413521513700756,-1.362565965181236,0.007949062623083591,0.0051278965547680855,-0.004890515469014645,-0.26241740584373474,0.28298771381378174,-0.12515825033187866,-0.2631993889808655,0.01606481336057186,-0.23786912858486176,0.010648946277797222,0.4057210087776184,0.35512492060661316,-0.12940232715494,0.3882819118020397,0.1560444012125063,0.002425172831863165,-0.001196240889839828,0.0015709473518654704,-0.13411840796470642,0.028777051717042923,-0.025942303240299225,-0.2891770303249359,0.24709652364253998,-0.14727480709552765,0.00312735210172832,0.13960254192352295,0.4078846871852875,-1.0869694474292337,1.2889485545972743,-1.1430432667893398
0.004606806207448244,-0.0025298779364675283,-0.006527512334287167,-0.7986282110214233,0.4294443726539612,-0.09343856573104858,0.726993203163147,0.03408830612897873,-0.08300065994262695,0.008380415849387646,0.9115702509880066,0.7325094938278198,-1.4688556155420571,1.3601357371195786,-1.0243430410641736,0.0014087243471294641,-0.00044421968050301075,0.005153881385922432,0.06686985492706299,-0.06468643248081207,0.04872719198465347,-0.42344051599502563,-0.3735012412071228,0.07798580825328827,0.0053613740019500256,0.10502500087022781,0.5699884295463562,-0.1640361777109823,0.7417976873990091,-1.3609164884364262,0.007589190267026424,0.005147331394255161,-0.005256308242678642,-0.2351503074169159,0.32457658648490906,-0.11461478471755981,-0.26262712478637695,0.038185082376003265,-0.17388933897018433,0.010569749400019646,0.41687190532684326,0.31728318333625793,-0.12940232715494,0.3882819118020397,0.1560444012125063,0.0027339512016624212,-0.001062463503330946,0.0014816406182944775,-0.11407912522554398,0.03529784828424454,-0.03677079454064369,-0.3610839247703552,0.2909412384033203,-0.13765214383602142,0.0032861188519746065,0.12494829297065735,0.4837111830711365,-1.0869694474292337,1.2889485545972743,-1.1430432667893398
0.004822298418730497,-0.00250477297231555,-0.006606786046177149,-0.786935567855835,0.42590391635894775,-0.08984306454658508,0.7274627685546875,0.03379783406853676,-0.08294123411178589,0.008554418571293354,0.8992961049079895,0.7329554557800293,-1.4688556155420571,1.3601357371195786,-1.0243430410641736,0.0014271964319050312,-0.00035640341229736805,0.005176672711968422,0.030475594103336334,-0.062155500054359436,0.03144637122750282,-0.43445444107055664,-0.4223487973213196,0.09673330187797546,0.005381621886044741,0.07603250443935394,0.6135849356651306,-0.1640361777109823,0.7417976873990091,-1.3609164884364262,0.0073022497817873955,0.005084185861051083,-0.005528231151401997,-0.19424670934677124,0.35399866104125977,-0.11381082236766815,-0.2624947726726532,0.06394907832145691,-0.09990783780813217,0.010475358925759792,0.4195232391357422,0.28805306553840637,-0.12940232715494,0.3882819118020397,0.1560444012125063,0.0029904514085501432,-0.0009463984752073884,0.0014050016179680824,-0.09744545817375183,0.05081843584775925,-0.0428958460688591,-0.4180195927619934,0.3264390230178833,-0.13012763857841492,0.0034369316417723894,0.11797535419464111,0.5461099147796631,-1.0869694474292337,1.2889485545972743,-1.1430432667893398
0.004906184040009975,-0.002441815100610256,-0.006644074339419603,-0.7748740911483765,0.42747610807418823,-0.08372360467910767,0.7238595485687256,0.03256266936659813,-0.0822250247001648,0.008612596429884434,0.8889180421829224,0.7292420268058777,-1.4688556155420571,1.3601357371195786,-1.0243430410641736,0.0014699891908094287,-0.00017505302093923092,0.005216435994952917,-0.007647622376680374,-0.07181815057992935,0.012719783931970596,-0.44242045283317566,-0.45339393615722656,0.10912388563156128,0.0054224273189902306,0.07333570718765259,0.6428140997886658,-0.1640361777109823,0.7417976873990091,-1.3609164884364262,0.007081644143909216,0.004964681342244148,-0.005653908010572195,-0.1460188776254654,0.3719058632850647,-0.12426651269197464,-0.26272231340408325,0.09116534888744354,-0.02195904403924942,0.010332686826586723,0.4184228181838989,0.2789557874202728,-0.12940232715494,0.3882819118020397,0.1560444012125063,0.0031595961190760136,-0.0008354553719982505,0.001380341942422092,-0.08479520678520203,0.07291808724403381,-0.04073960334062576,-0.45965704321861267,0.35354018211364746,-0.12457011640071869,0.0035477285273373127,0.11902516335248947,0.593121349811554,-1.085301214125374,1.2895397806604572,-1.1413156330089902
0.0048568397760391235,-0.0023413035087287426,-0.006627722643315792,-0.7634580135345459,0.4307175576686859,-0.0743660032749176,0.714667558670044,0.030808057636022568,-0.08084645867347717,0.008543845266103745,0.8797249794006348,0.7198854088783264,-1.4688556155420571,1.3601357371195786,-1.0243430410641736,0.0014793712180107832,0.00010040123015642166,0.005276726558804512,-0.049131326377391815,-0.09340828657150269,0.00021019577980041504,-0.44778692722320557,-0.47059309482574463,0.11645457148551941,0.005481100641191006,0.1055416464805603,0.659949004650116,-0.1640361777109823,0.7417976873990091,-1.3609164884364262,0.006900958716869354,0.004840053617954254,-0.005607919301837683,-0.10092213749885559,0.380953311920166,-0.14635981619358063,-0.2631863057613373,0.11707831919193268,0.052387021481990814,0.010124134831130505,0.4203949272632599,0.2927776873111725,-0.12940232715494,0.3882819118020397,0.1560444012125063,0.003227137727662921,-0.0007325735641643405,0.0014341380447149277,-0.07617033272981644,0.09641105681657791,-0.029133129864931107,-0.4875530004501343,0.3729146420955658,-0.12115348875522614,0.0036066374741494656,0.12627647817134857,0.62566077709198,-1.085301214125374,1.2895397806604572,-1.1413156330089902
0.004691751673817635,-0.0022313150111585855,-0.006563893519341946,-0.7544350028038025,0.4305710196495056,-0.061142802238464355,0.6979501843452454,0.02878500148653984,-0.07870736718177795,0.00837114080786705,0.8708053827285767,0.702963650226593,-1.4688556155420571,1.3601357371195786,-1.0243430410641736,0.001419910229742527,0.0004432953428477049,0.0053594643250107765,-0.09492053836584091,-0.124461829662323,0.0011254176497459412,-0.45073607563972473,-0.4774649739265442,0.1197737455368042,0.005562060046941042,0.15653090178966522,0.6674440503120422,-0.1640361777109823,0.7417976873990091,-1.3609164884364262,0.006730902940034866,0.004762439522892237,-0.005394012667238712,-0.0712723657488823,0.383925199508667,-0.1783568561077118,-0.2637706398963928,0.13948413729667664,0.11712274700403214,0.009852982126176357,0.42928948998451233,0.3205440938472748,-0.12940232715494,0.3882819118020397,0.1560444012125063,0.003204262349754572,-0.000658250181004405,0.001564937992952764,-0.07091157883405685,0.11476515233516693,-0.009381895884871483,-0.5041543841362,0.38591647148132324,-0.11933459341526031,0.003626240650191903,0.13523133099079132,0.6460216045379639,-1.085301214125374,1.2895397806604572,-1.1413156330089902
0.004439773969352245,-0.0021608409006148577,-0.006469421088695526,-0.7496374845504761,0.422133207321167,-0.044078052043914795,0.6715656518936157,0.02660529688000679,-0.07564738392829895,0.008138441480696201,0.8614497184753418,0.6763362884521484,-1.4688556155420571,1.3601357371195786,-1.0243430410641736,0.001296736765652895,0.0008037369698286057,0.005455958191305399,-0.14329281449317932,-0.16045637428760529,0.020103268325328827,-0.45106813311576843,-0.4766889214515686,0.1197149008512497,0.005665245000272989,0.2160630077123642,0.6671030521392822,-0.1640361777109823,0.7417976873990091,-1.3609164884364262,0.006565774325281382,0.004762427881360054,-0.0050470102578401566,-0.06662555038928986,0.3823157846927643,-0.21602313220500946,-0.2643943727016449,0.15731406211853027,0.16940492391586304,0.009553137235343456,0.44415122270584106,0.35121238231658936,-0.12940232715494,0.3882819118020397,0.1560444012125063,0.003112893784418702,-0.0006442728918045759,0.0017457078211009502,-0.06780346482992172,0.12169785797595978,0.015281599946320057,-0.5122472047805786,0.3937927484512329,-0.11867281794548035,0.003626663936302066,0.14014708995819092,0.6569270491600037,-1.085301214125374,1.2895397806604572,-1.1413156330089902
0.004134339280426502,-0.002180784475058317,-0.006368156988173723,-0.7501752376556396,0.40267279744148254,-0.02468883991241455,0.6335431337356567,0.024282950907945633,-0.0714910626411438,0.007899493910372257,0.8517733216285706,0.6380262970924377,-1.4688556155420571,1.3601357371195786,-1.0243430410641736,0.0011553866788744926,0.0011131556238979101,0.005547650624066591,-0.18939432501792908,-0.19575121998786926,0.05698496848344803,-0.44814127683639526,-0.46993130445480347,0.11641985177993774,0.005774985998868942,0.2782733142375946,0.6597117781639099,-0.1640361777109823,0.7417976873990091,-1.3609164884364262,0.0064367568120360374,0.0048378161154687405,-0.004627535119652748,-0.08971835672855377,0.37502485513687134,-0.25324246287345886,-0.26515504717826843,0.17032602429389954,0.20890772342681885,0.009287108667194843,0.4613293409347534,0.37810128927230835,-0.1293219310395932,0.3873818198817791,0.1574169708700085,0.002969271270558238,-0.000733109307475388,0.0019346504705026746,-0.0653838962316513,0.11306138336658478,0.040351055562496185,-0.5145590901374817,0.39748820662498474,-0.11869195103645325,0.003618963062763214,0.13669724762439728,0.6609506011009216,-1.085301214125374,1.2895397806604572,-1.1413156330089902
0.003811319824308157,-0.0023208705242723227,-0.006287172436714172,-0.7561407089233398,0.37260568141937256,-0.006566822528839111,0.5826619267463684,0.021780017763376236,-0.06611421704292297,0.007709808181971312,0.8429868817329407,0.5868052244186401,-1.4688556155420571,1.3601357371195786,-1.0243430410641736,0.001065683551132679,0.0012923030881211162,0.005617205984890461,-0.22663316130638123,-0.22470030188560486,0.10586325079202652,-0.44087153673171997,-0.45784443616867065,0.10953833162784576,0.005861632060259581,0.33624374866485596,0.6449712514877319,-0.1640361777109823,0.7417976873990091,-1.3609164884364262,0.006368723697960377,0.004945091437548399,-0.004266197793185711,-0.1368637979030609,0.3564974367618561,-0.28512194752693176,-0.2657575309276581,0.17918765544891357,0.23706907033920288,0.009122226387262344,0.4765675663948059,0.3986690640449524,-0.1293219310395932,0.3873818198817791,0.1574169708700085,0.002783713163807988,-0.000958401127718389,0.0020886349957436323,-0.06231969594955444,0.08852126449346542,0.06100863218307495,-0.5135594606399536,0.39746901392936707,-0.11889901757240295,0.003609707346186042,0.12426508963108063,0.6601983904838562,-1.085301214125374,1.2895397806604572,-1.1413156330089902
0.003506989683955908,-0.002575606806203723,-0.006249446887522936,-0.7668524980545044,0.3352349102497101,0.005292356014251709,0.5192687511444092,0.0190562903881073,-0.059533342719078064,0.007615005597472191,0.8369427919387817,0.5230175852775574,-1.4688556155420571,1.3601357371195786,-1.0243430410641736,0.0010927950497716665,0.001274842070415616,0.005656883120536804,-0.24892558157444,-0.24249401688575745,0.1567365974187851,-0.42780590057373047,-0.4402027130126953,0.09830118715763092,0.005900826305150986,0.381226509809494,0.6216586232185364,-0.1640361777109823,0.7417976873990091,-1.3609164884364262,0.006405372638255358,0.005029680207371712,-0.004054099787026644,-0.19630679488182068,0.3212134838104248,-0.30667170882225037,-0.26629212498664856,0.1845638006925583,0.2556964159011841,0.00909737404435873,0.4855532944202423,0.4127419888973236,-0.1293219310395932,0.3873818198817791,0.1574169708700085,0.0025704014115035534,-0.001315053552389145,0.0021755315829068422,-0.05772260203957558,0.05221792310476303,0.07350548356771469,-0.5113841891288757,0.39363962411880493,-0.11878925561904907,0.0036151441745460033,0.10705917328596115,0.6561835408210754,-1.085301214125374,1.2895397806604572,-1.1413156330089902
0.003251413581892848,-0.0029054798651486635,-0.006267989985644817,-0.7810029983520508,0.29589465260505676,0.006690859794616699,0.44635099172592163,0.01612274721264839,-0.05201907455921173,0.0076355221681296825,0.8352029919624329,0.44966113567352295,-1.4688556155420571,1.3601357371195786,-1.0243430410641736,0.0012670939322561026,0.001041059265844524,0.005665988195687532,-0.25275567173957825,-0.24588799476623535,0.1989777386188507,-0.4072917103767395,-0.416160523891449,0.08167478442192078,0.005898538511246443,0.404893159866333,0.5880024433135986,-0.1640361777109823,0.7417976873990091,-1.3609164884364262,0.0065633575432002544,0.005035435780882835,-0.004043657798320055,-0.25325125455856323,0.26714521646499634,-0.31426602602005005,-0.2667340636253357,0.18729166686534882,0.26672881841659546,0.009207847528159618,0.4840102195739746,0.4211525619029999,-0.1293219310395932,0.3873818198817791,0.1574169708700085,0.0023536672815680504,-0.0017503660637885332,0.0021815800573676825,-0.0512143149971962,0.011352881789207458,0.07583602517843246,-0.5098341703414917,0.38534417748451233,-0.11784712970256805,0.003655519336462021,0.09221115708351135,0.6498530507087708,-1.085301214125374,1.2895397806604572,-1.1413156330089902
0.003062967676669359,-0.003246414242312312,-0.006342329550534487,-0.7966254949569702,0.26063072681427,-0.0034831762313842773,0.37007278203964233,0.01307368278503418,-0.04415495693683624,0.007755392696708441,0.8381841778755188,0.37292683124542236,-1.4688556155420571,1.3601357371195786,-1.0243430410641736,0.001570989261381328,0.0006345913279801607,0.005643737502396107,-0.23836185038089752,-0.23390360176563263,0.2246616631746292,-0.37777066230773926,-0.3846346437931061,0.05860905349254608,0.005892578978091478,0.40249237418174744,0.5423001646995544,-0.1640361777109823,0.7417976873990091,-1.3609164884364262,0.006828915327787399,0.004930958151817322,-0.004219335503876209,-0.2943663001060486,0.19799897074699402,-0.3057355284690857,-0.26704278588294983,0.18818043172359467,0.2717229723930359,0.00942078698426485,0.4683260917663574,0.42492011189460754,-0.1293219310395932,0.3873818198817791,0.1574169708700085,0.0021643545478582382,-0.0021813607309013605,0.002112096641212702,-0.04283894971013069,-0.02657201886177063,0.06798265129327774,-0.5104025602340698,0.3714541792869568,-0.11555375158786774,0.003728768788278103,0.08463384956121445,0.6417489051818848,-1.085301214125374,1.2895397806604572,-1.1413156330089902
0.002948048524558544,-0.0035243879538029432,-0.006456506438553333,-0.8113837242126465,0.23448817431926727,-0.022922754287719727,0.2981584668159485,0.01004704274237156,-0.03667892515659332,0.00792456790804863,0.8448986411094666,0.30057403445243835,-1.4688556155420571,1.3601357371195786,-1.0243430410641736,0.0019472637213766575,0.000145395053550601,0.005586078390479088,-0.20968244969844818,-0.20812445878982544,0.23053395748138428,-0.33822891116142273,-0.3448241949081421,0.028400659561157227,0.0059175374917685986,0.37473779916763306,0.4838482439517975,-0.1640361777109823,0.7417976873990091,-1.3609164884364262,0.007162300869822502,0.004722272977232933,-0.004518416710197926,-0.3119518458843231,0.12142033874988556,-0.28134509921073914,-0.26715290546417236,0.1879449188709259,0.2716030478477478,0.009696107357740402,0.4372778534889221,0.42480841279029846,-0.1293219310395932,0.3873818198817791,0.1574169708700085,0.0020282326731830835,-0.0025219896342605352,0.0019885962828993797,-0.03304135426878929,-0.05593429133296013,0.05230984464287758,-0.5142914056777954,0.3505563735961914,-0.1114128828048706,0.003798509482294321,0.08340681344270706,0.6322960257530212,-1.085301214125374,1.2895397806604572,-1.1413156330089902
0.002902165986597538,-0.0036787311546504498,-0.006583567708730698,-0.8231360912322998,0.22044318914413452,-0.0475006103515625,0.23678436875343323,0.007136218249797821,-0.03017532080411911,0.008080779574811459,0.8534661531448364,0.23880600929260254,-1.4688556155420571,1.3601357371195786,-1.0243430410641736,0.002320727566257119,-0.0003282190300524235,0.00548868253827095,-0.17320744693279266,-0.17220589518547058,0.21817457675933838,-0.2888330817222595,-0.2968865633010864,-0.008811339735984802,0.005968177225440741,0.3274993598461151,0.4142991900444031,-0.1640361777109823,0.7417976873990091,-1.3609164884364262,0.007514032535254955,0.004448538180440664,-0.0048578339628875256,-0.305824875831604,0.046250563114881516,-0.24404357373714447,-0.26696833968162537,0.18717943131923676,0.26654550433158875,0.009992433711886406,0.3939863443374634,0.4211350679397583,-0.1293219310395932,0.3873818198817791,0.1574169708700085,0.001954400911927223,-0.0027114416006952524,0.001843536039814353,-0.022622475400567055,-0.07402674108743668,0.03292960301041603,-0.5223872661590576,0.32126128673553467,-0.10500413179397583,0.003817096119746566,0.0841195210814476,0.6221922039985657,-1.085301214125374,1.2895397806604572,-1.1413156330089902
0.002912050811573863,-0.003683596383780241,-0.00669805658981204,-0.8303624391555786,0.21959485113620758,-0.07290899753570557,0.1889408677816391,0.004352232441306114,-0.02491580694913864,0.008180029690265656,0.8619973063468933,0.190626323223114,-1.4688556155420571,1.3601357371195786,-1.0243430410641736,0.002623939886689186,-0.0007139754015952349,0.005354216787964106,-0.1362043023109436,-0.130747988820076,0.1924741417169571,-0.23176470398902893,-0.24277767539024353,-0.051408201456069946,0.006005202420055866,0.2696163058280945,0.33955660462379456,-0.1640361777109823,0.7417976873990091,-1.3609164884364262,0.007837788201868534,0.004166474100202322,-0.005159307271242142,-0.2820778489112854,-0.019550425931811333,-0.19861388206481934,-0.2663610279560089,0.18635615706443787,0.2559795379638672,0.010266882367432117,0.3455395996570587,0.4137660264968872,-0.1293219310395932,0.3873818198817791,0.1574169708700085,0.0019334381213411689,-0.002733140252530575,0.0017092189518734813,-0.012587623670697212,-0.08118825405836105,0.01412246748805046,-0.535169243812561,0.28266042470932007,-0.09607546031475067,0.0037589450366795063,0.08336321264505386,0.6128078699111938,-1.085301214125374,1.2895397806604572,-1.1413156330089902
0.002958371303975582,-0.00355262728407979,-0.006785626523196697,-0.832282304763794,0.2318902462720871,-0.09532001614570618,0.15492767095565796,0.0015967120416462421,-0.02090780809521675,0.008210836909711361,0.8692254424095154,0.15634024143218994,-1.4690017485375588,1.3601770726707174,-1.0240684801387332,0.0028170165605843067,-0.000982159748673439,0.005196711514145136,-0.10466208308935165,-0.08824677020311356,0.15935635566711426,-0.171642005443573,-0.18668967485427856,-0.0959659218788147,0.0059921639040112495,0.2100859135389328,0.2711521089076996,-0.1640361777109823,0.7417976873990091,-1.3609164884364262,0.008096068166196346,0.003926340956240892,-0.005373117979615927,-0.24928951263427734,-0.07042652368545532,-0.15041422843933105,-0.2651764154434204,0.18583662807941437,0.23870036005973816,0.010480117984116077,0.2995489835739136,0.40228304266929626,-0.1293219310395932,0.3873818198817791,0.1574169708700085,0.0019463098142296076,-0.002613153774291277,0.0016055548330768943,-0.003904244862496853,-0.07985351979732513,-0.0007243044674396515,-0.5525328516960144,0.23495538532733917,-0.08468110859394073,0.0036324234679341316,0.0799521878361702,0.6063559055328369,-1.085301214125374,1.2895397806604572,-1.1413156330089902
0.0030230253469198942,-0.0033234632574021816,-0.006843135226517916,-0.8293375968933105,0.25459206104278564,-0.11163389682769775,0.13335466384887695,-0.0010167546570301056,-0.018040280789136887,0.008186121471226215,0.8746885657310486,0.13457322120666504,-1.4690017485375588,1.3601770726707174,-1.0240684801387332,0.0028922157362103462,-0.0011395243927836418,0.0050344318151474,-0.08164863288402557,-0.048596128821372986,0.12402918189764023,-0.11427710205316544,-0.1339268535375595,-0.13817095756530762,0.005916834808886051,0.15624122321605682,0.22380095720291138,-0.1640361777109823,0.7417976873990091,-1.3609164884364262,0.00826638750731945,0.003753968048840761,-0.005486642010509968,-0.21462085843086243,-0.10409709066152573,-0.10427816957235336,-0.2632475197315216,0.18588508665561676,0.21310529112815857,0.010607953183352947,0.26033103466033936,0.3863500952720642,-0.1293219310395932,0.3873818198817791,0.1574169708700085,0.001972595229744911,-0.002404209226369858,0.0015370625769719481,0.0027915630489587784,-0.07307645678520203,-0.009607618674635887,-0.5735204219818115,0.18027263879776,-0.07137009501457214,0.003468993352726102,0.07375817000865936,0.6054069995880127,-1.085301214125374,1.2895397806604572,-1.1413156330089902
0.0030839848332107067,-0.0030499000567942858,-0.006874778773635626,-0.8224492073059082,0.28465428948402405,-0.12050104141235352,0.12189085781574249,-0.003515972290188074,-0.016115475445985794,0.008128680288791656,0.8786189556121826,0.1230018362402916,-1.4690017485375588,1.3601770726707174,-1.0240684801387332,0.0028638693038374186,-0.001207580789923668,0.00487581267952919,-0.0670747458934784,-0.014880189672112465,0.09022852778434753,-0.06428403407335281,-0.08869920670986176,-0.17459359765052795,0.0057821753434836864,0.1134091168642044,0.20611383020877838,-0.1640361777109823,0.7417976873990091,-1.3609164884364262,0.00834780652076006,0.0036554133985191584,-0.005515815690159798,-0.18198895454406738,-0.12153906375169754,-0.06391362845897675,-0.2604219913482666,0.1866769790649414,0.1775764375925064,0.010652330704033375,0.22798393666744232,0.3663349449634552,-0.1293219310395932,0.3873818198817791,0.1574169708700085,0.0019937946926802397,-0.002168404869735241,0.001500182319432497,0.007341510616242886,-0.06364662945270538,-0.012132586911320686,-0.5961977243423462,0.1230764240026474,-0.057278990745544434,0.003305713878944516,0.06520729511976242,0.6114575862884521,-1.085301214125374,1.2895397806604572,-1.1413156330089902
0.0031231953762471676,-0.00278869504109025,-0.006885500159114599,-0.8129267692565918,0.3183964490890503,-0.12257912755012512,0.11773442476987839,-0.005725904367864132,-0.014949940145015717,0.008058615028858185,0.881618857383728,0.11881785094738007,-1.4690017485375588,1.3601770726707174,-1.0240684801387332,0.0027565646450966597,-0.0012051260564476252,0.004717305302619934,-0.05881258100271225,0.010934288613498211,0.060049064457416534,-0.02384224906563759,-0.05296972766518593,-0.20361177623271942,0.005594993010163307,0.0847606509923935,0.21173568069934845,-0.1640361777109823,0.7417976873990091,-1.3609164884364262,0.008359628729522228,0.003630427410826087,-0.005489664617925882,-0.15227319300174713,-0.12625227868556976,-0.031876467168331146,-0.25660452246665955,0.1882956326007843,0.13103941082954407,0.010639539919793606,0.2003568559885025,0.3441982865333557,-0.1293219310395932,0.3873818198817791,0.1574169708700085,0.001998495776206255,-0.0019618275109678507,0.0014943784335628152,0.00995371863245964,-0.05388428270816803,-0.009070498868823051,-0.6181632280349731,0.06898219883441925,-0.04382994771003723,0.0031742588616907597,0.055541571229696274,0.6235426068305969,-1.085301214125374,1.2895397806604572,-1.1413156330089902
0.0031297176610678434,-0.0025885978247970343,-0.0068716309033334255,-0.8020026683807373,0.3526679277420044,-0.11983740329742432,0.11788812279701233,-0.007294953800737858,-0.014406818896532059,0.007982185110449791,0.8842759728431702,0.1189890056848526,-1.4690017485375588,1.3601770726707174,-1.0240684801387332,0.002599461004137993,-0.0011501919943839312,0.004558679647743702,-0.0541844479739666,0.02825918048620224,0.034189216792583466,0.006851647049188614,-0.02660296857357025,-0.22513066232204437,0.005372308660298586,0.07002454996109009,0.22680051624774933,-0.16357995308753917,0.7419872085041266,-1.359524581514565,0.008329295553267002,0.0036715595051646233,-0.005434592254459858,-0.12449095398187637,-0.1232902929186821,-0.009641802869737148,-0.2518177926540375,0.19071519374847412,0.0737263634800911,0.010601523332297802,0.17547494173049927,0.3243764340877533,-0.1293219310395932,0.3873818198817791,0.1574169708700085,0.001985685434192419,-0.0018225610256195068,0.0015274909092113376,0.010986162349581718,-0.045519523322582245,-0.0014650868251919746,-0.6374952793121338,0.022463150322437286,-0.032158106565475464,0.0030980485025793314,0.04684942960739136,0.6387010216712952,-1.085301214125374,1.2895397806604572,-1.1413156330089902
0.0031021086033433676,-0.0024754060432314873,-0.006818115245550871,-0.790867805480957,0.38474205136299133,-0.11453819274902344,0.11927889287471771,-0.007651926949620247,-0.014422044157981873,0.007889068685472012,0.8869144916534424,0.12039103358983994,-1.4690017485375588,1.3601770726707174,-1.0240684801387332,0.002423163503408432,-0.0010379892773926258,0.004421979188919067,-0.051180507987737656,0.037779178470373154,0.012562427669763565,0.02880796790122986,-0.009041331708431244,-0.2398400902748108,0.005148110445588827,0.06484231352806091,0.2417331486940384,-0.16357995308753917,0.7419872085041266,-1.359524581514565,0.008278111927211285,0.003754762001335621,-0.005362940952181816,-0.09748931229114532,-0.11819246411323547,0.0025163372047245502,-0.24628259241580963,0.19376610219478607,0.008158255368471146,0.010553981177508831,0.15323171019554138,0.313475638628006,-0.1293219310395932,0.3873818198817791,0.1574169708700085,0.001959296641871333,-0.0017641717568039894,0.0016096170293167233,0.010791301727294922,-0.03941010683774948,0.009852287359535694,-0.6532409191131592,-0.014348965138196945,-0.02281239628791809,0.0030890146736055613,0.042031850665807724,0.6537966132164001,-1.085301214125374,1.2895397806604572,-1.1413156330089902
0.0030476567335426807,-0.0024442863650619984,-0.006709565408527851,-0.7807635068893433,0.4120226204395294,-0.10877633094787598,0.11878708004951477,-0.005978814326226711,-0.015016566962003708,0.007764084730297327,0.8894867300987244,0.11988166719675064,-1.4690017485375588,1.3601770726707174,-1.0240684801387332,0.0022479018662124872,-0.000883355038240552,0.00433677202090621,-0.04877488687634468,0.04090135917067528,-0.004689350724220276,0.04345151036977768,0.001503877341747284,-0.24898061156272888,0.0049639674834907055,0.06382711231708527,0.25274819135665894,-0.16357995308753917,0.7419872085041266,-1.359524581514565,0.008215629495680332,0.0038452420849353075,-0.005273178219795227,-0.07119370251893997,-0.11561812460422516,0.0056105004623532295,-0.24045899510383606,0.19712337851524353,-0.06035840883851051,0.010492323897778988,0.13589543104171753,0.3167353570461273,-0.1293219310395932,0.3873818198817791,0.1574169708700085,0.0019231094047427177,-0.0017738526221364737,0.0017394311726093292,0.009681940078735352,-0.03527350723743439,0.024161694571375847,-0.6652175188064575,-0.04179854318499565,-0.015845417976379395,0.0031417389400303364,0.04383774474263191,0.6667177677154541,-1.084481102827218,1.2895939008971278,-1.1412807762125583
0.0029803398065268993,-0.002468749415129423,-0.0065478053875267506,-0.7727950811386108,0.43234875798225403,-0.10426861047744751,0.11325013637542725,-0.0012119635939598083,-0.016295652836561203,0.007605978287756443,0.891633152961731,0.11442294716835022,-1.4690017485375588,1.3601770726707174,-1.0240684801387332,0.0020813914015889168,-0.0007024991791695356,0.004328788258135319,-0.04673801735043526,0.039643898606300354,-0.016851169988512993,0.05224338918924332,0.006757579743862152,-0.2538374066352844,0.0048542870208621025,0.0635613352060318,0.25924596190452576,-0.16357995308753917,0.7419872085041266,-1.359524581514565,0.008140703663229942,0.003919434733688831,-0.005162160377949476,-0.04661809653043747,-0.11815085262060165,0.0020007819402962923,-0.23492509126663208,0.20039492845535278,-0.12515780329704285,0.010405812412500381,0.12703099846839905,0.33318522572517395,-0.1293219310395932,0.3873818198817791,0.1574169708700085,0.001875727903097868,-0.0018269900465384126,0.00189524469897151,0.007823744788765907,-0.032002728432416916,0.04067171365022659,-0.6737973690032959,-0.059846069663763046,-0.011046886444091797,0.003232367569580674,0.05234093964099884,0.6765400767326355,-1.084481102827218,1.2895939008971278,-1.1412807762125583
0.002917555393651128,-0.0025186464190483093,-0.006360079161822796,-0.7676981687545776,0.4445353150367737,-0.10185649991035461,0.09950633347034454,0.007911309599876404,-0.018435344099998474,0.007436821702867746,0.8929427862167358,0.10150843113660812,-1.4690017485375588,1.3601770726707174,-1.0240684801387332,0.0019266202580183744,-0.000518071698024869,0.004410679452121258,-0.04540547728538513,0.03640579432249069,-0.022662721574306488,0.05632614716887474,0.008363664150238037,-0.2555881142616272,0.004840904381126165,0.06245508790016174,0.2618546783924103,-0.16357995308753917,0.7419872085041266,-1.359524581514565,0.008046151138842106,0.003977331332862377,-0.005033898167312145,-0.02604367956519127,-0.12608996033668518,-0.004518902860581875,-0.23014460504055023,0.2032788246870041,-0.18097132444381714,0.010290764272212982,0.12883079051971436,0.3564259111881256,-0.1293219310395932,0.3873818198817791,0.1574169708700085,0.0018235361203551292,-0.0018932769307866693,0.0020428956486284733,0.0054675620049238205,-0.028578978031873703,0.05843636021018028,-0.6795037984848022,-0.07059957087039948,-0.008037358522415161,0.0033291447907686234,0.06527986377477646,0.6832088232040405,-1.084481102827218,1.2895939008971278,-1.1412807762125583
0.0028754067607223988,-0.002571802819147706,-0.006186274811625481,-0.7657704949378967,0.4486052989959717,-0.10098293423652649,0.07454545795917511,0.022738497704267502,-0.02165345661342144,0.007290550507605076,0.8932238221168518,0.08088842034339905,-1.4690017485375588,1.3601770726707174,-1.0240684801387332,0.0017956995870918036,-0.0003514478448778391,0.004587286617606878,-0.045142918825149536,0.03345642611384392,-0.02067822776734829,0.05632556974887848,0.007756374776363373,-0.2551875114440918,0.004938750062137842,0.05987323820590973,0.2614448368549347,-0.16357995308753917,0.7419872085041266,-1.359524581514565,0.007928391918540001,0.004027033224701881,-0.004892097786068916,-0.01355549693107605,-0.13814108073711395,-0.009188162162899971,-0.2263459861278534,0.20564675331115723,-0.22536973655223846,0.010149335488677025,0.139108344912529,0.3798876404762268,-0.1293219310395932,0.3873818198817791,0.1574169708700085,0.001776774530299008,-0.0019532665610313416,0.002157007809728384,0.002892225980758667,-0.024806683883070946,0.07618717849254608,-0.6828975677490234,-0.07585202902555466,-0.006411939859390259,0.0034095251467078924,0.08017619699239731,0.6871271729469299,-1.084481102827218,1.2895939008971278,-1.1412807762125583
0.002865329384803772,-0.002616151235997677,-0.006056251935660839,-0.766905665397644,0.44565773010253906,-0.09985700249671936,0.0358315035700798,0.04449457302689552,-0.026162002235651016,0.007192533928900957,0.8925954103469849,0.06283401697874069,-1.4690017485375588,1.3601770726707174,-1.0240684801387332,0.0017134203808382154,-0.0002181422896683216,0.004862608388066292,-0.045411668717861176,0.03235346078872681,-0.009806191548705101,0.05225776880979538,0.0061111003160476685,-0.25332048535346985,0.005160266999155283,0.056613847613334656,0.25872665643692017,-0.16357995308753917,0.7419872085041266,-1.359524581514565,0.007790789473801851,0.004052686970680952,-0.004729935433715582,-0.013487908989191055,-0.15240244567394257,-0.0077203381806612015,-0.22356277704238892,0.20752179622650146,-0.2582969665527344,0.009974615648388863,0.15319278836250305,0.3997035622596741,-0.1293219310395932,0.3873818198817791,0.1574169708700085,0.0017468046862632036,-0.0019972408190369606,0.0022287163883447647,0.0004479996860027313,-0.02124263159930706,0.09218066930770874,-0.684439480304718,-0.0773477777838707,-0.005798697471618652,0.0034651802852749825,0.0945977047085762,0.688820481300354,-1.084481102827218,1.2895939008971278,-1.1412807762125583
0.002894037403166294,-0.0026474290061742067,-0.005981325171887875,-0.7706815004348755,0.43740934133529663,-0.09648844599723816,-0.018142476677894592,0.07395534962415695,-0.03209686651825905,0.0071526626124978065,0.8913960456848145,0.0826362669467926,-1.4690017485375588,1.3601770726707174,-1.0240684801387332,0.001705450122244656,-0.0001302114687860012,0.00523219583556056,-0.04457267001271248,0.03347497060894966,0.010235131718218327,0.04352892190217972,0.004344932734966278,-0.2504029870033264,0.0055046696215868,0.05667499080300331,0.2541953921318054,-0.16357995308753917,0.7419872085041266,-1.359524581514565,0.0076391976326704025,0.004002795089036226,-0.00454301293939352,-0.027630170807242393,-0.16702061891555786,0.0019592614844441414,-0.22171369194984436,0.20902793109416962,-0.28113168478012085,0.009747752919793129,0.16930195689201355,0.4145897328853607,-0.1293219310395932,0.3873818198817791,0.1574169708700085,0.001739646540954709,-0.0020220705773681402,0.0022563489619642496,-0.00151815265417099,-0.019032446667551994,0.1047712191939354,-0.684412956237793,-0.07665273547172546,-0.005896419286727905,0.0034937444142997265,0.10649669915437698,0.6887173056602478,-1.084481102827218,1.2895939008971278,-1.1412807762125583
0.0029637739062309265,-0.0026693835388869047,-0.005962069146335125,-0.7763193845748901,0.42602017521858215,-0.08975756168365479,-0.0870191752910614,0.11097889393568039,-0.03942097723484039,0.00717327231541276,0.8900682330131531,0.14643314480781555,-1.4690017485375588,1.3601770726707174,-1.0240684801387332,0.0017813572194427252,-0.00010244827717542648,0.005665967706590891,-0.040709227323532104,0.03573304042220116,0.03846302628517151,0.029027674347162247,0.003141634166240692,-0.24661748111248016,0.005940279457718134,0.06643414497375488,0.24833980202674866,-0.16357995308753917,0.7419872085041266,-1.359524581514565,0.007486274465918541,0.0038261129520833492,-0.0043516624718904495,-0.05460190027952194,-0.1799609214067459,0.018361728638410568,-0.22044557332992554,0.21078166365623474,-0.29582932591438293,0.00946680549532175,0.18895623087882996,0.4249001443386078,-0.1292814500548954,0.3871120724197763,0.15868922506088537,0.001754082040861249,-0.002039264654740691,0.0022362391464412212,-0.002781987190246582,-0.019657190889120102,0.11333000659942627,-0.6828892827033997,-0.07510632276535034,-0.00649145245552063,0.003498023608699441,0.11505579203367233,0.6870377659797668,-1.084481102827218,1.2895939008971278,-1.1412807762125583
0.0030695651657879353,-0.0026993995998054743,-0.00599671620875597,-0.7825421690940857,0.41438838839530945,-0.07952776551246643,-0.16743877530097961,0.1538836807012558,-0.04779911786317825,0.007257381919771433,0.8890526294708252,0.2323804795742035,-1.4690017485375588,1.3601770726707174,-1.0240684801387332,0.00192848255392164,-0.00015147635713219643,0.006105322390794754,-0.032843269407749176,0.0370074100792408,0.07230186462402344,0.007321693003177643,0.0029818490147590637,-0.24197252094745636,0.006404447369277477,0.08761157840490341,0.24210162460803986,-0.16357995308753917,0.7419872085041266,-1.359524581514565,0.0073384917341172695,0.0035172791685909033,-0.004234492313116789,-0.09031368792057037,-0.18866518139839172,0.0374668687582016,-0.2200365662574768,0.21213862299919128,-0.3050001561641693,0.009173639118671417,0.2124967724084854,0.43179160356521606,-0.1292814500548954,0.3871120724197763,0.15868922506088537,0.001785048982128501,-0.0020811764989048243,0.0021616178564727306,-0.0032728686928749084,-0.02396918646991253,0.11797358095645905,-0.6797266006469727,-0.07382187247276306,-0.007457137107849121,0.0034914591815322638,0.12042839825153351,0.6837642788887024,-1.084481102827218,1.2895939008971278,-1.1412807762125583
0.00319717638194561,-0.0027661239728331566,-0.006081956438720226,-0.7878224849700928,0.4056975245475769,-0.0664079487323761,-0.2524811029434204,0.19913707673549652,-0.056534819304943085,0.007406994700431824,0.8886308073997498,0.3264942169189453,-1.4690017485375588,1.3601770726707174,-1.0240684801387332,0.002126548206433654,-0.0002831823658198118,0.006481322459876537,-0.02198687195777893,0.03535202890634537,0.10814908891916275,-0.023020580410957336,0.004163436591625214,-0.2363828420639038,0.006827147211879492,0.11588534712791443,0.23753763735294342,-0.16357995308753917,0.7419872085041266,-1.359524581514565,0.007217669393867254,0.003138753352686763,-0.004243526607751846,-0.1292462944984436,-0.19070087373256683,0.053553104400634766,-0.22013412415981293,0.21372359991073608,-0.31069833040237427,0.008941702544689178,0.23651503026485443,0.4366580545902252,-0.1292814500548954,0.3871120724197763,0.15868922506088537,0.001825600629672408,-0.002181447809562087,0.002026849891990423,-0.0029917359352111816,-0.031197834759950638,0.11830127239227295,-0.6746042966842651,-0.0737077072262764,-0.008743196725845337,0.0034928000532090664,0.12238238006830215,0.6786753535270691,-1.084481102827218,1.2895939008971278,-1.1412807762125583
0.003326531033962965,-0.002889958443120122,-0.00621066614985466,-0.7908828258514404,0.402228444814682,-0.05225613713264465,-0.333492636680603,0.24230122566223145,-0.06475357711315155,0.007615119218826294,0.888827383518219,0.41727718710899353,-1.4690017485375588,1.3601770726707174,-1.0240684801387332,0.002365909982472658,-0.0004837922751903534,0.006737284827977419,-0.011157047003507614,0.03021002560853958,0.14290037751197815,-0.06295531243085861,0.006801724433898926,-0.22976848483085632,0.007156996056437492,0.14648427069187164,0.23833419382572174,-0.16357995308753917,0.7419872085041266,-1.359524581514565,0.007152261678129435,0.0027709356509149075,-0.004396875388920307,-0.16633477807044983,-0.18466714024543762,0.06302101910114288,-0.22061514854431152,0.2157101333141327,-0.3147841989994049,0.00884112250059843,0.25639981031417847,0.4407845139503479,-0.1292814500548954,0.3871120724197763,0.15868922506088537,0.0018665131647139788,-0.002345408545807004,0.0018328723963350058,-0.001959502696990967,-0.03915984183549881,0.11312960833311081,-0.6670929193496704,-0.07548460364341736,-0.010355591773986816,0.003513436298817396,0.11973153799772263,0.6714299321174622,-1.084481102827218,1.2895939008971278,-1.1412807762125583
0.003438962157815695,-0.0030641756020486355,-0.0063722808845341206,-0.7909448146820068,0.40478917956352234,-0.04037156701087952,-0.403562068939209,0.2798469066619873,-0.07175707817077637,0.00786267127841711,0.8894256353378296,0.49631211161613464,-1.4690017485375588,1.3601770726707174,-1.0240684801387332,0.0026453142054378986,-0.0007243684958666563,0.006844250485301018,-0.004190042614936829,0.022836849093437195,0.17500299215316772,-0.11231116950511932,0.010803334414958954,-0.2221740186214447,0.007373341359198093,0.1765364706516266,0.24918226897716522,-0.16357995308753917,0.7419872085041266,-1.359524581514565,0.00717711029574275,0.0024675519671291113,-0.004668674897402525,-0.19983018934726715,-0.16986709833145142,0.06540203094482422,-0.22137537598609924,0.21820150315761566,-0.3186398148536682,0.008910457603633404,0.27030420303344727,0.4451407492160797,-0.1292814500548954,0.3871120724197763,0.15868922506088537,0.0018986761569976807,-0.002540253335610032,0.001592636457644403,-0.00026930496096611023,-0.045335330069065094,0.10163938254117966,-0.6567672491073608,-0.07968063652515411,-0.012328952550888062,0.003548851702362299,0.11129208654165268,0.6616979837417603,-1.084481102827218,1.2895939008971278,-1.1412807762125583
0.0035218060947954655,-0.003253080416470766,-0.006551234517246485,-0.7878787517547607,0.41274160146713257,-0.03418922424316406,-0.4593346118927002,0.31009384989738464,-0.0772099643945694,0.00811814796179533,0.8900997042655945,0.5595604181289673,-1.4690017485375588,1.3601770726707174,-1.0240684801387332,0.0029577778186649084,-0.0009714779444038868,0.006808280013501644,-0.004173893481492996,0.015363320708274841,0.20401984453201294,-0.1689462661743164,0.015811242163181305,-0.21390794217586517,0.007486314047127962,0.20464004576206207,0.2730374336242676,-0.16357995308753917,0.7419872085041266,-1.359524581514565,0.0073122126050293446,0.002244326053187251,-0.005006353836506605,-0.23089468479156494,-0.14548048377037048,0.06219332665205002,-0.22232003509998322,0.22118738293647766,-0.3230675160884857,0.009141610004007816,0.2799016535282135,0.4502473473548889,-0.1292814500548954,0.3871120724197763,0.15868922506088537,0.001913182670250535,-0.0027088625356554985,0.0013381417375057936,0.0018228553235530853,-0.04760023579001427,0.08463115990161896,-0.6433696746826172,-0.08658796548843384,-0.014692842960357666,0.0035761469043791294,0.09711610525846481,0.6493365168571472,-1.084481102827218,1.2895939008971278,-1.1412807762125583
0.0035650236532092094,-0.003404505318030715,-0.006720721255987883,-0.7823145389556885,0.42421552538871765,-0.03549036383628845,-0.5004048943519592,0.3329355716705322,-0.08103913068771362,0.008334754966199398,0.8906370997428894,0.6064804196357727,-1.4694270621628645,1.3602064400212592,-1.0244103427172184,0.003282748395577073,-0.0011981306597590446,0.006664838641881943,-0.012145452201366425,0.009158909320831299,0.22964614629745483,-0.2283186912536621,0.02118605375289917,-0.20561665296554565,0.0075254254043102264,0.23014940321445465,0.3079878091812134,-0.16357995308753917,0.7419872085041266,-1.359524581514565,0.007546174805611372,0.0020888650324195623,-0.005347520112991333,-0.26037514209747314,-0.11043985933065414,0.055052146315574646,-0.22334927320480347,0.22449134290218353,-0.32820045948028564,0.009481776505708694,0.2881369888782501,0.45606666803359985,-0.1292814500548954,0.3871120724197763,0.15868922506088537,0.001894177170470357,-0.0027954361867159605,0.001119351014494896,0.0038909073919057846,-0.04474201798439026,0.06492267549037933,-0.6270317435264587,-0.09617094695568085,-0.017428696155548096,0.0035574312787503004,0.07894264161586761,0.6346033215522766,-1.084481102827218,1.2895939008971278,-1.1412807762125583
0.003560953540727496,-0.0034696010407060385,-0.00684226443991065,-0.7756897211074829,0.43624699115753174,-0.043829500675201416,-0.5282359719276428,0.3490143418312073,-0.08349308371543884,0.008457843214273453,0.8910257816314697,0.6386042237281799,-1.4694270621628645,1.3602064400212592,-1.0244103427172184,0.003583209589123726,-0.001391120022162795,0.006461653858423233,-0.026854950934648514,0.00401875376701355,0.25127190351486206,-0.2847055196762085,0.026154980063438416,-0.1981191486120224,0.007518482394516468,0.25273486971855164,0.3478397727012634,-0.16357995308753917,0.7419872085041266,-1.359524581514565,0.00783567689359188,0.001978663494810462,-0.005640290677547455,-0.287104070186615,-0.06439090520143509,0.044648826122283936,-0.2243386209011078,0.22770944237709045,-0.33340710401535034,0.009855243377387524,0.2976045310497284,0.4618871212005615,-0.1292814500548954,0.3871120724197763,0.15868922506088537,0.0018206090899184346,-0.002767740748822689,0.0009854594245553017,0.005500202998518944,-0.03709280118346214,0.04636547714471817,-0.6085555553436279,-0.10792045295238495,-0.02042102813720703,0.0034563185181468725,0.05963124707341194,0.6183879971504211,-1.084481102827218,1.2895939008971278,-1.1412807762125583
0.0035042522940784693,-0.0034231299068778753,-0.006885460577905178,-0.7697539925575256,0.44576722383499146,-0.05634540319442749,-0.545134425163269,0.3595060110092163,-0.08480124175548553,0.008450276218354702,0.8912936449050903,0.6584886908531189,-1.4694270621628645,1.3602064400212592,-1.0244103427172184,0.0038082096725702286,-0.0015506513882428408,0.006244299467653036,-0.046048350632190704,-0.0014425888657569885,0.26812073588371277,-0.3335610628128052,0.030078738927841187,-0.19207307696342468,0.007476513739675283,0.2720501124858856,0.38608261942863464,-0.16357995308753917,0.7419872085041266,-1.359524581514565,0.008115017786622047,0.0019032923737540841,-0.005860947538167238,-0.3089667856693268,-0.00898748729377985,0.030534828081727028,-0.22511903941631317,0.230144664645195,-0.3371891677379608,0.010189540684223175,0.3106020390987396,0.46619918942451477,-0.1292814500548954,0.3871120724197763,0.15868922506088537,0.0016866335645318031,-0.0026245093904435635,0.0009622845682315528,0.006404101848602295,-0.02645714208483696,0.03212067484855652,-0.5895517468452454,-0.12078475207090378,-0.023430973291397095,0.0032647778280079365,0.042103808373212814,0.6022534370422363,-1.084481102827218,1.2895939008971278,-1.1412807762125583
0.00340402708388865,-0.0032704684417694807,-0.00684667844325304,-0.7663549184799194,0.44980117678642273,-0.06909671425819397,-0.5537283420562744,0.3655889332294464,-0.08528681099414825,0.008316271007061005,0.8912885785102844,0.6689874529838562,-1.4694270621628645,1.3602064400212592,-1.0244103427172184,0.003908636048436165,-0.0016844039782881737,0.006049663759768009,-0.06764022260904312,-0.008907057344913483,0.2796003222465515,-0.37274107336997986,0.032601505517959595,-0.1877930760383606,0.007396829314529896,0.2878035306930542,0.4186466336250305,-0.16357995308753917,0.7419872085041266,-1.359524581514565,0.008313966915011406,0.0018726151902228594,-0.006012708880007267,-0.32430633902549744,0.05193834379315376,0.011935245245695114,-0.22545741498470306,0.23074619472026825,-0.33708783984184265,0.01042983215302229,0.32865580916404724,0.4665865898132324,-0.1292814500548954,0.3871120724197763,0.15868922506088537,0.0015177804743871093,-0.0023919488303363323,0.0010419799946248531,0.006592786405235529,-0.015400437638163567,0.02380332536995411,-0.5720144510269165,-0.1334458291530609,-0.02616053819656372,0.0030184099450707436,0.02910732850432396,0.5879563689231873,-1.084481102827218,1.2895939008971278,-1.1412807762125583
0.0032859279308468103,-0.003045756369829178,-0.006751805543899536,-0.766991376876831,0.4460659921169281,-0.07839220762252808,-0.5565599203109741,0.3682527542114258,-0.08529452979564667,0.008103136904537678,0.8907278180122375,0.6727883815765381,-1.4694270621628645,1.3602064400212592,-1.0244103427172184,0.003859058255329728,-0.001802794635295868,0.005899563431739807,-0.08909641951322556,-0.019565828144550323,0.2851845622062683,-0.40210872888565063,0.033752039074897766,-0.1852169930934906,0.00727648613974452,0.2994181513786316,0.4439999461174011,-0.1640526111542855,0.742162528672119,-1.3597137143614275,0.008380623534321785,0.0019046743400394917,-0.006111623719334602,-0.33198046684265137,0.11305125057697296,-0.011171795427799225,-0.22504273056983948,0.2280689924955368,-0.3296293318271637,0.010545832104980946,0.3508794903755188,0.45969030261039734,-0.1292814500548954,0.3871120724197763,0.15868922506088537,0.0013632199261337519,-0.002117633353918791,0.0011852590832859278,0.0062819295562803745,-0.0068558938801288605,0.021447261795401573,-0.5574769973754883,-0.14499437808990479,-0.028067946434020996,0.0027834472712129354,0.023376289755105972,0.5767077207565308,-1.0860856690649736,1.2896295570696465,-1.143243732449784
0.003184076864272356,-0.002804140793159604,-0.006643042899668217,-0.7724571228027344,0.4334256649017334,-0.08198142051696777,-0.5558764338493347,0.36815935373306274,-0.0851772129535675,0.007882358506321907,0.8895328640937805,0.6721570491790771,-1.4694270621628645,1.3602064400212592,-1.0244103427172184,0.0036684460937976837,-0.0019109954591840506,0.005798903293907642,-0.10689575970172882,-0.03402915596961975,0.28357163071632385,-0.42260849475860596,0.03342464566230774,-0.18429191410541534,0.007122968323528767,0.30495500564575195,0.4622538983821869,-0.1640526111542855,0.742162528672119,-1.3597137143614275,0.008297078311443329,0.0020077324006706476,-0.006175910122692585,-0.33047980070114136,0.16782519221305847,-0.03762070834636688,-0.2234821319580078,0.220276340842247,-0.3103637993335724,0.010536335408687592,0.37255537509918213,0.4413520395755768,-0.1292814500548954,0.3871120724197763,0.15868922506088537,0.0012659174390137196,-0.0018613055581226945,0.0013350344961509109,0.005830368027091026,-0.003729261690750718,0.023523841053247452,-0.5466727018356323,-0.15453258156776428,-0.02968105673789978,0.002617120975628495,0.024520842358469963,0.5688693523406982,-1.0860856690649736,1.2896295570696465,-1.143243732449784
0.003126514609903097,-0.00260655814781785,-0.006561959162354469,-0.7826616168022156,0.412082701921463,-0.0798068642616272,-0.5535468459129333,0.36557963490486145,-0.08529165387153625,0.00772195216268301,0.8881106376647949,0.6688327193260193,-1.4694270621628645,1.3602064400212592,-1.0244103427172184,0.003385015297681093,-0.002006222028285265,0.00573313981294632,-0.1172768697142601,-0.051856085658073425,0.2725505232810974,-0.4357837438583374,0.032042622566223145,-0.1845930814743042,0.006953570991754532,0.3012087345123291,0.4743509292602539,-0.1640526111542855,0.742162528672119,-1.3597137143614275,0.00808408297598362,0.002171998145058751,-0.006217466667294502,-0.3174439072608948,0.20915541052818298,-0.06562329828739166,-0.22031380236148834,0.2052159458398819,-0.2740704119205475,0.010427216999232769,0.3857758939266205,0.40714412927627563,-0.1292814500548954,0.3871120724197763,0.15868922506088537,0.0012492986861616373,-0.0016705316957086325,0.0014360863715410233,0.005671815015375614,-0.0075062233954668045,0.027352655306458473,-0.5394806861877441,-0.16205409169197083,-0.03071010112762451,0.0025325417518615723,0.02892543189227581,0.5641312599182129,-1.0860856690649736,1.2896295570696465,-1.143243732449784
0.00312618725001812,-0.0024989163503050804,-0.006533978972584009,-0.7966146469116211,0.3835794925689697,-0.07412225008010864,-0.5510563254356384,0.36039215326309204,-0.0859973132610321,0.007662278134375811,0.8872554898262024,0.6640339493751526,-1.4694270621628645,1.3602064400212592,-1.0244103427172184,0.0030792998149991035,-0.0020739745814353228,0.005673179402947426,-0.11815890669822693,-0.0715935230255127,0.2500326335430145,-0.44322624802589417,0.03011569380760193,-0.18563193082809448,0.006780001800507307,0.2856632173061371,0.4814724028110504,-0.1640526111542855,0.742162528672119,-1.3597137143614275,0.007799883373081684,0.002377804135903716,-0.00623271893709898,-0.29044464230537415,0.23134087026119232,-0.09346912801265717,-0.2150450050830841,0.1806076169013977,-0.21522024273872375,0.0102634746581316,0.38290098309516907,0.35381242632865906,-0.1292814500548954,0.3871120724197763,0.15868922506088537,0.001307586207985878,-0.0015688035637140274,0.0014563825679942966,0.006067484617233276,-0.016882482916116714,0.02986743487417698,-0.5352556109428406,-0.16758236289024353,-0.031267136335372925,0.002508381148800254,0.03484101593494415,0.5617473125457764,-1.0860856690649736,1.2896295570696465,-1.143243732449784
0.0031832458917051554,-0.00249534472823143,-0.006561974063515663,-0.8125168085098267,0.3508305251598358,-0.06861034035682678,-0.5495396256446838,0.3521396219730377,-0.08765019476413727,0.007708391640335321,0.8876784443855286,0.658542811870575,-1.4694270621628645,1.3602064400212592,-1.0244103427172184,0.002815680578351021,-0.0020951302722096443,0.00558212585747242,-0.10969594866037369,-0.09066738188266754,0.21565991640090942,-0.4463065564632416,0.028371766209602356,-0.18678539991378784,0.006593766622245312,0.2583853006362915,0.48464760184288025,-0.1640526111542855,0.742162528672119,-1.3597137143614275,0.007526128087192774,0.002610845258459449,-0.006202331744134426,-0.24859914183616638,0.23242893815040588,-0.11950739473104477,-0.20722413063049316,0.14438600838184357,-0.12880246341228485,0.01009594090282917,0.36070314049720764,0.28351232409477234,-0.1292814500548954,0.3871120724197763,0.15868922506088537,0.0014151532668620348,-0.0015541311586275697,0.0013959468342363834,0.007065560203045607,-0.028155939653515816,0.02835058607161045,-0.5329628586769104,-0.1711777001619339,-0.03152763843536377,0.002523222239688039,0.040576282888650894,0.5606649518013,-1.0860856690649736,1.2896295570696465,-1.143243732449784
0.003290976630523801,-0.002575520658865571,-0.006633134093135595,-0.828044056892395,0.3179945945739746,-0.06651312112808228,-0.5498223304748535,0.3401430547237396,-0.09058405458927155,0.007839789614081383,0.8894950747489929,0.652845561504364,-1.4694270621628645,1.3602064400212592,-1.0244103427172184,0.002630063332617283,-0.00205391738563776,0.005433347076177597,-0.09383411705493927,-0.10587286949157715,0.17165778577327728,-0.4460015296936035,0.027790114283561707,-0.18728071451187134,0.006376289762556553,0.2224416881799698,0.4845242202281952,-0.1640526111542855,0.742162528672119,-1.3597137143614275,0.007337527349591255,0.002866600174456835,-0.006103085353970528,-0.1938459724187851,0.21477606892585754,-0.1418774127960205,-0.19655710458755493,0.09524311125278473,-0.011622708290815353,0.009965157136321068,0.3222332000732422,0.21872591972351074,-0.1292814500548954,0.3871120724197763,0.15868922506088537,0.0015410017222166061,-0.0016021222108975053,0.0012804825091734529,0.008545288816094398,-0.037249863147735596,0.021309420466423035,-0.5312784314155579,-0.17281973361968994,-0.031717777252197266,0.002565368777140975,0.04375689476728439,0.5595797300338745,-1.0860856690649736,1.2896295570696465,-1.143243732449784
0.0034362594597041607,-0.002696662675589323,-0.006728151813149452,-0.8409704566001892,0.28953829407691956,-0.0690765380859375,-0.5524435639381409,0.32368361949920654,-0.095071941614151,0.00802171416580677,0.8920960426330566,0.6473049521446228,-1.4694270621628645,1.3602064400212592,-1.0244103427172184,0.0025296518579125404,-0.0019497491884976625,0.005228566005825996,-0.07352010160684586,-0.11425318568944931,0.12251536548137665,-0.4428192377090454,0.02962784469127655,-0.18617907166481018,0.006126872263848782,0.1829453706741333,0.4812788665294647,-0.1640526111542855,0.742162528672119,-1.3597137143614275,0.007274467498064041,0.003137853229418397,-0.005925568286329508,-0.1309417337179184,0.1834280788898468,-0.15857276320457458,-0.18307605385780334,0.03340866416692734,0.13583452999591827,0.009893247857689857,0.27556654810905457,0.23039965331554413,-0.1292814500548954,0.3871120724197763,0.15868922506088537,0.0016595707274973392,-0.001671295496635139,0.001147411298006773,0.010265065357089043,-0.041369374841451645,0.009090401232242584,-0.528651237487793,-0.17233139276504517,-0.032105594873428345,0.002619915409013629,0.043582476675510406,0.556956946849823,-1.0860856690649736,1.2896295570696465,-1.143243732449784
0.003596116788685322,-0.0028119045309722424,-0.0068238964304327965,-0.8498289585113525,0.26878678798675537,-0.0756525993347168,-0.5576448440551758,0.3022642731666565,-0.10126124322414398,0.008210020139813423,0.8945271968841553,0.6423280239105225,-1.4694270621628645,1.3602064400212592,-1.0244103427172184,0.002503995317965746,-0.001806687330827117,0.004996569361537695,-0.0519585944712162,-0.1138843446969986,0.07360630482435226,-0.43679970502853394,0.03541891276836395,-0.18237510323524475,0.005873654503375292,0.14521440863609314,0.47466740012168884,-0.1640526111542855,0.742162528672119,-1.3597137143614275,0.007334424182772636,0.0034014093689620495,-0.005689428187906742,-0.0661560520529747,0.1442565619945526,-0.1676943302154541,-0.1673644334077835,-0.03831261023879051,0.3069317638874054,0.009885997511446476,0.23088517785072327,0.3516899645328522,-0.1292814500548954,0.3871120724197763,0.15868922506088537,0.0017497935332357883,-0.0017196014523506165,0.0010345933260396123,0.011923028156161308,-0.03936712443828583,-0.006416204385459423,-0.5233559608459473,-0.16934625804424286,-0.03299471735954285,0.002662553219124675,0.04163048043847084,0.5510610342025757,-1.0860856690649736,1.2896295570696465,-1.143243732449784
0.0037376813124865294,-0.002885442692786455,-0.006896036211401224,-0.8540782928466797,0.2572782039642334,-0.08480474352836609,-0.5653116703033447,0.2759631872177124,-0.10907712578773499,0.008357712998986244,0.8960098624229431,0.6384596824645996,-1.4694270621628645,1.3602064400212592,-1.0244103427172184,0.002530693309381604,-0.0016670733457431197,0.004774046596139669,-0.03225305303931236,-0.1044488400220871,0.02941443771123886,-0.4275820553302765,0.046919167041778564,-0.17463183403015137,0.005654649343341589,0.11320348083972931,0.4642457365989685,-0.1640526111542855,0.742162528672119,-1.3597137143614275,0.00747914332896471,0.0036245929077267647,-0.005443562753498554,-0.0057026706635952,0.10331141203641891,-0.16794976592063904,-0.150671124458313,-0.11402150988578796,0.48764052987098694,0.009935171343386173,0.19726350903511047,0.5229684114456177,-0.1292814500548954,0.3871120724197763,0.15868922506088537,0.0017905411077663302,-0.0017259044107049704,0.0009702895185910165,0.013247007504105568,-0.0313996784389019,-0.022765379399061203,-0.5135658979415894,-0.1633225977420807,-0.03471270203590393,0.0026695027481764555,0.04098396375775337,0.5400270223617554,-1.0860856690649736,1.2896295570696465,-1.143243732449784
0.0038255953695625067,-0.002899384358897805,-0.00692867673933506,-0.8538339138031006,0.255161851644516,-0.09500229358673096,-0.57486492395401,0.24588601291179657,-0.1180923581123352,0.008429007604718208,0.8961949348449707,0.6362982392311096,-1.4694270621628645,1.3602064400212592,-1.0244103427172184,0.002580852946266532,-0.0015726021956652403,0.004589793272316456,-0.017283055931329727,-0.08743416517972946,-0.007483888417482376,-0.4145355820655823,0.06596493721008301,-0.16167445480823517,0.0054954602383077145,0.08943962305784225,0.44981080293655396,-0.1640526111542855,0.742162528672119,-1.3597137143614275,0.007651399355381727,0.0037842118181288242,-0.005245882086455822,0.04539499059319496,0.06651977449655533,-0.159468412399292,-0.13456881046295166,-0.18630637228488922,0.6603171825408936,0.010019154287874699,0.17864982783794403,0.6991692185401917,-0.1292814500548954,0.3871120724197763,0.15868922506088537,0.0017651348607614636,-0.0016979076899588108,0.0009617970208637416,0.014086139388382435,-0.01848543994128704,-0.03802132606506348,-0.49748495221138,-0.15361236035823822,-0.03758883476257324,0.0026312819682061672,0.044561777263879776,0.5220162272453308,-1.0860856690649736,1.2896295570696465,-1.143243732449784
0.0038355852011591196,-0.0028548340778797865,-0.006922946311533451,-0.8496332168579102,0.26167458295822144,-0.10473719239234924,-0.585219144821167,0.2143983691930771,-0.12746478617191315,0.008413618430495262,0.8951648473739624,0.6361567378044128,-1.4694270621628645,1.3602064400212592,-1.0244103427172184,0.00263356976211071,-0.0015493310056626797,0.004462286829948425,-0.009118958376348019,-0.06562676280736923,-0.03637968748807907,-0.3969615399837494,0.09421053528785706,-0.14236733317375183,0.005408152937889099,0.07558775693178177,0.43211403489112854,-0.1640526111542855,0.742162528672119,-1.3597137143614275,0.007797964848577976,0.0038730555679649115,-0.005137545056641102,0.08422204852104187,0.03855619579553604,-0.14416426420211792,-0.12029947340488434,-0.24927504360675812,0.8109374046325684,0.010109558701515198,0.1713571399450302,0.8568719029426575,-0.1292814500548954,0.3871120724197763,0.15868922506088537,0.0016734516248106956,-0.001659812405705452,0.000993978464975953,0.014455428346991539,-0.0022947576362639666,-0.05127209797501564,-0.47357386350631714,-0.1395954191684723,-0.04191425442695618,0.002558009000495076,0.05332028865814209,0.49549561738967896,-1.0860856690649736,1.2896295570696465,-1.143243732449784
0.0037646021228283644,-0.0027705165557563305,-0.006892210803925991,-0.8423569798469543,0.27526938915252686,-0.11266812682151794,-0.5950492024421692,0.18448685109615326,-0.13614873588085175,0.008327698335051537,0.8933266997337341,0.6376954317092896,-1.4694270621628645,1.3602064400212592,-1.0244103427172184,0.00268568261526525,-0.0016041367780417204,0.00440211221575737,-0.00810417253524065,-0.04214128106832504,-0.05801757797598839,-0.37437641620635986,0.13270770013332367,-0.1160004511475563,0.005400438793003559,0.07216373831033707,0.4137935936450958,-0.1640526111542855,0.742162528672119,-1.3597137143614275,0.007888449355959892,0.0038912633899599314,-0.005130246747285128,0.11062021553516388,0.021474424749612808,-0.12516088783740997,-0.10844101011753082,-0.30012503266334534,0.9328388571739197,0.010182779282331467,0.16841386258602142,0.9859122037887573,-0.1292814500548954,0.3871120724197763,0.15868922506088537,0.0015385982114821672,-0.0016321036964654922,0.0010444459039717913,0.014476792886853218,0.014887824654579163,-0.062145065516233444,-0.44090622663497925,-0.12089163064956665,-0.04787808656692505,0.0024742502719163895,0.06552277505397797,0.45967966318130493,-1.0860856690649736,1.2896295570696465,-1.143243732449784
0.003627898171544075,-0.002676500240340829,-0.006848733872175217,-0.8331257104873657,0.29374951124191284,-0.11797451972961426,-0.6032716035842896,0.1585186868906021,-0.1432972103357315,0.008199417963624,0.8912380337715149,0.6399991512298584,-1.4694270621628645,1.3602064400212592,-1.0244103427172184,0.0027433279901742935,-0.0017238236032426357,0.004412260837852955,-0.012694170698523521,-0.019653020426630974,-0.07407306134700775,-0.3468891978263855,0.1812967211008072,-0.08270531892776489,0.005474071484059095,0.07768012583255768,0.40005096793174744,-0.1640526111542855,0.742162528672119,-1.3597137143614275,0.007920724339783192,0.0038355861324816942,-0.0052025108598172665,0.127027690410614,0.014331614598631859,-0.10589540004730225,-0.09958383440971375,-0.33904263377189636,1.0252172946929932,0.010223292745649815,0.16599778831005096,1.0844063758850098,-0.13005635586930103,0.38698018665544104,0.15928338305750045,0.0013967104023322463,-0.0016240982804447412,0.0011001089587807655,0.014259705320000648,0.03041335754096508,-0.06993479281663895,-0.3996846079826355,-0.09766142070293427,-0.05547386407852173,0.0024080562870949507,0.0775834172964096,0.41516607999801636,-1.0860856690649736,1.2896295570696465,-1.143243732449784
0.003449345240369439,-0.0026029646396636963,-0.006797662004828453,-0.8230853080749512,0.31465038657188416,-0.12065684795379639,-0.6093054413795471,0.1375991702079773,-0.14848054945468903,0.008054913021624088,0.8894000053405762,0.6420538425445557,-1.4694270621628645,1.3602064400212592,-1.0244103427172184,0.0028057489544153214,-0.0018719873623922467,0.004488484933972359,-0.02040211111307144,-0.0001167096197605133,-0.08635491877794266,-0.3156777620315552,0.23779365420341492,-0.04401155188679695,0.005614540074020624,0.08873236179351807,0.39766228199005127,-0.1640526111542855,0.742162528672119,-1.3597137143614275,0.007886246778070927,0.0037253336049616337,-0.00531698577105999,0.13689662516117096,0.014567943289875984,-0.0895046666264534,-0.0924391895532608,-0.36640113592147827,1.0913368463516235,0.010214760899543762,0.16420716047286987,1.1549072265625,-0.13005635586930103,0.38698018665544104,0.15928338305750045,0.0012769578024744987,-0.0016427355585619807,0.0011594733223319054,0.01386047899723053,0.04186878353357315,-0.07362490892410278,-0.3519296646118164,-0.07099989801645279,-0.06437338888645172,0.002381927566602826,0.08582386374473572,0.3647456765174866,-1.0860856690649736,1.2896295570696465,-1.143243732449784
0.003256471361964941,-0.0025690568145364523,-0.006742480210959911,-0.8133461475372314,0.33538180589675903,-0.12143555283546448,-0.6130727529525757,0.12164470553398132,-0.15154211223125458,0.007916166447103024,0.8881213665008545,0.6431334614753723,-1.4698427901331037,1.3602577712934,-1.025099070128056,0.0028606047853827477,-0.0019944431260228157,0.004620651714503765,-0.028967048972845078,0.015263378620147705,-0.0959559828042984,-0.2832340598106384,0.2975831925868988,-0.0031244270503520966,0.005788893438875675,0.10138841718435287,0.41083699464797974,-0.1640526111542855,0.742162528672119,-1.3597137143614275,0.007791444193571806,0.0035763431806117296,-0.005406578537076712,0.14310137927532196,0.019106565043330193,-0.07799206674098969,-0.08717872202396393,-0.3844497799873352,1.135389804840088,0.010135478340089321,0.16409091651439667,1.2018784284591675,-0.13005635586930103,0.38698018665544104,0.15928338305750045,0.0011921501718461514,-0.0016990788280963898,0.0012246058322489262,0.013334972783923149,0.047901690006256104,-0.07285526394844055,-0.3018154799938202,-0.04313663765788078,-0.07386399805545807,0.002409927546977997,0.08820591121912003,0.31370246410369873,-1.0860856690649736,1.2896295570696465,-1.143243732449784
0.0030799214728176594,-0.0025823519099503756,-0.006687876768410206,-0.8045713901519775,0.3541463315486908,-0.12190982699394226,-0.6146543025970459,0.11043389141559601,-0.15287211537361145,0.0078027015551924706,0.8874777555465698,0.6429349780082703,-1.4698427901331037,1.3602577712934,-1.025099070128056,0.002894587116315961,-0.0020406125113368034,0.004794504027813673,-0.03675227612257004,0.02603006362915039,-0.10279528051614761,-0.2527008652687073,0.3548632562160492,0.03593257814645767,0.005960704758763313,0.11222817748785019,0.4371233284473419,-0.1640526111542855,0.742162528672119,-1.3597137143614275,0.007646533660590649,0.003415073035284877,-0.005411080084741116,0.14708644151687622,0.024935856461524963,-0.07217144221067429,-0.08355976641178131,-0.39510199427604675,1.1617990732192993,0.009970556013286114,0.1657254844903946,1.2299857139587402,-0.13005635586930103,0.38698018665544104,0.15928338305750045,0.0011453119805082679,-0.0018021021969616413,0.0012948332587257028,0.012780319899320602,0.04878938943147659,-0.06863462924957275,-0.25457456707954407,-0.016856033354997635,-0.08304547518491745,0.0024971794337034225,0.08517307788133621,0.2683074474334717,-1.0860856690649736,1.2896295570696465,-1.143243732449784
0.0029456664342433214,-0.002633608877658844,-0.006641743704676628,-0.7975925207138062,0.36885929107666016,-0.1231008768081665,-0.614540696144104,0.10303449630737305,-0.1527644544839859,0.007728234399110079,0.8873358368873596,0.6415709853172302,-1.4698427901331037,1.3602577712934,-1.025099070128056,0.002904631197452545,-0.001987088704481721,0.004993039183318615,-0.042389288544654846,0.03233221173286438,-0.10583771765232086,-0.2265799194574356,0.40502846240997314,0.06995916366577148,0.006108669564127922,0.11850673705339432,0.46934083104133606,-0.1640526111542855,0.742162528672119,-1.3597137143614275,0.007478022016584873,0.003260717261582613,-0.005302525125443935,0.14882051944732666,0.02879440039396286,-0.07167085260152817,-0.08152738213539124,-0.3999170660972595,1.1740572452545166,0.009729843586683273,0.16767044365406036,1.2429765462875366,-0.13005635586930103,0.38698018665544104,0.15928338305750045,0.0011373331071808934,-0.0019486094824969769,0.0013666681479662657,0.012330694124102592,0.04619202762842178,-0.0631505697965622,-0.21441146731376648,0.005623031407594681,-0.0912056490778923,0.002637875499203801,0.07920696586370468,0.23307159543037415,-1.0860856690649736,1.2896295570696465,-1.143243732449784
0.0028698272071778774,-0.0027085677720606327,-0.00660842377692461,-0.792813777923584,0.37848570942878723,-0.12564820051193237,-0.613369345664978,0.09865642338991165,-0.15176749229431152,0.007696980610489845,0.8874641060829163,0.6395220160484314,-1.4698427901331037,1.3602577712934,-1.025099070128056,0.002896882826462388,-0.0018439621198922396,0.005193897057324648,-0.04459653049707413,0.03468451648950577,-0.10399928689002991,-0.20605432987213135,0.4458981454372406,0.0974280834197998,0.006226451136171818,0.1183542013168335,0.500775158405304,-0.1640526111542855,0.742162528672119,-1.3597137143614275,0.007322050631046295,0.0031242906115949154,-0.005100068636238575,0.14659574627876282,0.027887791395187378,-0.07474566996097565,-0.08129207789897919,-0.39985835552215576,1.1741321086883545,0.009454328566789627,0.16689804196357727,1.2430130243301392,-0.13005635586930103,0.38698018665544104,0.15928338305750045,0.0011674909619614482,-0.0021213931031525135,0.0014365061651915312,0.012137044221162796,0.042241036891937256,-0.059028275310993195,-0.18339616060256958,0.023234862834215164,-0.09801127016544342,0.0028154740575701,0.0735931396484375,0.2092372328042984,-1.0860856690649736,1.2896295570696465,-1.143243732449784
0.002856356790289283,-0.00279205827973783,-0.006587676238268614,-0.7900331616401672,0.3833705186843872,-0.12989667057991028,-0.6119774580001831,0.09666529297828674,-0.15058429539203644,0.007704014424234629,0.8876928091049194,0.637601912021637,-1.4698427901331037,1.3602577712934,-1.025099070128056,0.0028766649775207043,-0.0016466551460325718,0.005369060207158327,-0.04260299354791641,0.03398526459932327,-0.09725659340620041,-0.19105619192123413,0.4772798418998718,0.11841411888599396,0.006309792399406433,0.11148478835821152,0.527560830116272,-0.16397464631786746,0.74235356917402,-1.3591849158019977,0.007209508214145899,0.0030172416009008884,-0.004858174826949835,0.13818566501140594,0.020980777218937874,-0.07858757674694061,-0.0833699107170105,-0.3951816260814667,1.1621856689453125,0.009202315472066402,0.16034799814224243,1.2303636074066162,-0.13005635586930103,0.38698018665544104,0.15928338305750045,0.0012333617778494954,-0.0022971383295953274,0.0015033609233796597,0.012326322495937347,0.03864133358001709,-0.05851392820477486,-0.16178520023822784,0.035824649035930634,-0.10344076156616211,0.003009671112522483,0.07119670510292053,0.1953403353691101,-1.0856425754961396,1.2895941156801705,-1.143143299235998
0.0028986046090722084,-0.002866576425731182,-0.006575391162186861,-0.7884716391563416,0.38512375950813293,-0.13610419631004333,-0.6114180684089661,0.0966816321015358,-0.15008684992790222,0.0077365972101688385,0.887993335723877,0.6369501352310181,-1.4698427901331037,1.3602577712934,-1.025099070128056,0.0028419317677617073,-0.0014264355413615704,0.005502639338374138,-0.03646280616521835,0.03135986998677254,-0.08729754388332367,-0.18128478527069092,0.5000811219215393,0.13313379883766174,0.006355338729918003,0.09966864436864853,0.5483337640762329,-0.16397464631786746,0.74235356917402,-1.3591849158019977,0.0071534342132508755,0.0029465488623827696,-0.004635730758309364,0.12312979251146317,0.008352236822247505,-0.08050424605607986,-0.08858269453048706,-0.3854328989982605,1.1365712881088257,0.009019077755510807,0.14734870195388794,1.2034116983413696,-0.13005635586930103,0.38698018665544104,0.15928338305750045,0.0013253637589514256,-0.002456813585013151,0.0015684613026678562,0.012995554134249687,0.03639504685997963,-0.06287242472171783,-0.14864502847194672,0.044013313949108124,-0.10761067271232605,0.003201967105269432,0.07379990071058273,0.188712939620018,-1.0856425754961396,1.2895941156801705,-1.143143299235998
0.002980321878567338,-0.002912700641900301,-0.006564980372786522,-0.7872220873832703,0.385699063539505,-0.1442689597606659,-0.6129779815673828,0.09862704575061798,-0.15133146941661835,0.007775931619107723,0.8884232640266418,0.6390387415885925,-1.4698427901331037,1.3602577712934,-1.025099070128056,0.002790633589029312,-0.0012155997101217508,0.0055958861485123634,-0.026724491268396378,0.028275420889258385,-0.07694685459136963,-0.17566514015197754,0.5156909823417664,0.142805278301239,0.006370185408741236,0.08622363954782486,0.5631951689720154,-0.16397464631786746,0.74235356917402,-1.3591849158019977,0.0071481638588011265,0.0028988595586270094,-0.004467261955142021,0.10378365963697433,-0.008727382868528366,-0.07896484434604645,-0.09800459444522858,-0.3695528209209442,1.0941040515899658,0.008913813158869743,0.13070066273212433,1.158981442451477,-0.13005635586930103,0.38698018665544104,0.15928338305750045,0.0014276464935392141,-0.00258196284994483,0.0016305813333019614,0.014072349295020103,0.0362967811524868,-0.07208044081926346,-0.14235925674438477,0.04856079816818237,-0.1107051745057106,0.0033709793351590633,0.08192116022109985,0.186761736869812,-1.0856425754961396,1.2895941156801705,-1.143143299235998
0.0030775293707847595,-0.002915711374953389,-0.006551362574100494,-0.7857094407081604,0.38648003339767456,-0.1538257896900177,-0.6181768774986267,0.10272477567195892,-0.1555584967136383,0.007803391199558973,0.8890267014503479,0.6456729173660278,-1.4698427901331037,1.3602577712934,-1.025099070128056,0.002727242186665535,-0.0010327727068215609,0.00566460145637393,-0.013830562122166157,0.02591446414589882,-0.06910556554794312,-0.17312689125537872,0.525431752204895,0.1484677791595459,0.006371199153363705,0.07508943229913712,0.572795033454895,-0.16397464631786746,0.74235356917402,-1.3591849158019977,0.0071793608367443085,0.002844339469447732,-0.0043571144342422485,0.08458181470632553,-0.028172647580504417,-0.07380847632884979,-0.11284121870994568,-0.3460939824581146,1.0306353569030762,0.008866675198078156,0.11573880910873413,1.093034029006958,-0.13005635586930103,0.38698018665544104,0.15928338305750045,0.0015204083174467087,-0.002648637630045414,0.0016799378208816051,0.015304505825042725,0.039331693202257156,-0.08458229899406433,-0.14090171456336975,0.05043507739901543,-0.1128547415137291,0.0034855578560382128,0.09452711045742035,0.1874384731054306,-1.0856425754961396,1.2895941156801705,-1.143143299235998
0.0031643419060856104,-0.0028694679494947195,-0.006536846049129963,-0.7837920784950256,0.38809430599212646,-0.16352936625480652,-0.6287171244621277,0.10945596545934677,-0.16415256261825562,0.007808793801814318,0.8897690773010254,0.6589475870132446,-1.4698427901331037,1.3602577712934,-1.025099070128056,0.0026575704105198383,-0.0008870256133377552,0.005720654968172312,0.001956227235496044,0.02497980184853077,-0.06561131775379181,-0.17259743809700012,0.5302321910858154,0.15097668766975403,0.006369881331920624,0.07023291289806366,0.5776937007904053,-0.16397464631786746,0.74235356917402,-1.3591849158019977,0.007231458090245724,0.0027657230384647846,-0.004295379854738712,0.07028015702962875,-0.04733718931674957,-0.06569105386734009,-0.13421688973903656,-0.31357190012931824,0.941996693611145,0.00885401014238596,0.1072167158126831,1.0018479824066162,-0.13005635586930103,0.38698018665544104,0.15928338305750045,0.0015890338690951467,-0.0026260444428771734,0.0017002210952341557,0.016282599419355392,0.04627909138798714,-0.09734044969081879,-0.14199510216712952,0.050640225410461426,-0.1140773594379425,0.0035088302101939917,0.10900477319955826,0.18905207514762878,-1.0856425754961396,1.2895941156801705,-1.143143299235998
0.0032199695706367493,-0.0027730613946914673,-0.006530558690428734,-0.7816137671470642,0.39067965745925903,-0.17165222764015198,-0.646356463432312,0.11946824193000793,-0.17853854596614838,0.00779142277315259,0.8905139565467834,0.6811206936836243,-1.4698427901331037,1.3602577712934,-1.025099070128056,0.0025809200014919043,-0.0007773188408464193,0.005761768668889999,0.020054008811712265,0.025671837851405144,-0.06654538214206696,-0.1730673611164093,0.5304114818572998,0.15087497234344482,0.006361080799251795,0.0740911215543747,0.5779722332954407,-0.16397464631786746,0.74235356917402,-1.3591849158019977,0.007289680652320385,0.0026827163528651,-0.004272024612873793,0.06357879936695099,-0.06334288418292999,-0.05512844771146774,-0.1628492921590805,-0.27097755670547485,0.8253860473632812,0.00886490847915411,0.10532677918672562,0.8838613629341125,-0.13005635586930103,0.38698018665544104,0.15928338305750045,0.001627086428925395,-0.0024907030165195465,0.001681902096606791,0.016605038195848465,0.05685519799590111,-0.10672079026699066,-0.14316575229167938,0.05016617104411125,-0.1142328530550003,0.0034175729379057884,0.12205559760332108,0.18990054726600647,-1.0856425754961396,1.2895941156801705,-1.143143299235998
0.003233393421396613,-0.0026285855565220118,-0.006539740599691868,-0.7794950604438782,0.3940497636795044,-0.17625069618225098,-0.6726663112640381,0.1334259808063507,-0.19998492300510406,0.007754514925181866,0.8910399079322815,0.7143363356590271,-1.4698427901331037,1.3602577712934,-1.025099070128056,0.0024927384220063686,-0.000694298418238759,0.005777259357273579,0.03917531669139862,0.02771594002842903,-0.07025109231472015,-0.17361199855804443,0.5255738496780396,0.14833420515060425,0.006330285686999559,0.08507699519395828,0.5730375051498413,-0.16397464631786746,0.74235356917402,-1.3591849158019977,0.007340224925428629,0.002644771710038185,-0.00427633710205555,0.0638791099190712,-0.07341570407152176,-0.04206715524196625,-0.19858911633491516,-0.21847595274448395,0.6812732815742493,0.008897234685719013,0.10601910948753357,0.7424975633621216,-0.13005635586930103,0.38698018665544104,0.15928338305750045,0.0016373258549720049,-0.00224421382881701,0.001634839572943747,0.016077574342489243,0.0692312940955162,-0.10990916192531586,-0.14174681901931763,0.04997390881180763,-0.11299855262041092,0.003223357256501913,0.13088729977607727,0.18803784251213074,-1.0856425754961396,1.2895941156801705,-1.143143299235998
0.0032064171973615885,-0.002445712685585022,-0.0065651158802211285,-0.7780019044876099,0.39748629927635193,-0.17539265751838684,-0.7086416482925415,0.15179182589054108,-0.22928549349308014,0.007704762741923332,0.8910920023918152,0.7601221203804016,-1.4698427901331037,1.3602577712934,-1.025099070128056,0.002388042863458395,-0.0006281591486185789,0.005759917199611664,0.05740348622202873,0.0303456149995327,-0.07416403293609619,-0.17339155077934265,0.5146094560623169,0.14315497875213623,0.006266895215958357,0.09857139736413956,0.5615878105163574,-0.16397464631786746,0.74235356917402,-1.3591849158019977,0.007368558086454868,0.0026923050172626972,-0.004293285775929689,0.06872886419296265,-0.07565546780824661,-0.02666960284113884,-0.23981629312038422,-0.15830567479133606,0.515861988067627,0.008942955173552036,0.10563462972640991,0.5904965400695801,-0.13005635586930103,0.38698018665544104,0.15928338305750045,0.0016315665561705828,-0.00191388966049999,0.0015812090132385492,0.014818456023931503,0.08040988445281982,-0.10605156421661377,-0.1348816156387329,0.05099531263113022,-0.10986929386854172,0.0029707245994359255,0.13391143083572388,0.18128660321235657,-1.0856425754961396,1.2895941156801705,-1.143143299235998
0.003157597268000245,-0.0022459696047008038,-0.00660437298938632,-0.7779995203018188,0.3994026780128479,-0.16801384091377258,-0.7541340589523315,0.174526184797287,-0.26629766821861267,0.007657188922166824,0.8905248045921326,0.8185914754867554,-1.4698427901331037,1.3602577712934,-1.025099070128056,0.0022586421109735966,-0.0005789040587842464,0.005706107243895531,0.07255619764328003,0.032229550182819366,-0.07597841322422028,-0.17164820432662964,0.495808482170105,0.13482266664505005,0.00616410980001092,0.10989023745059967,0.5417252779006958,-0.16397464631786746,0.74235356917402,-1.3591849158019977,0.007364732678979635,0.002827499760314822,-0.004314057528972626,0.07569503784179688,-0.06954139471054077,-0.010629426687955856,-0.2831357717514038,-0.09523895382881165,0.3423459827899933,0.008991392329335213,0.10333793610334396,0.4543534815311432,-0.13005635586930103,0.38698018665544104,0.15928338305750045,0.001628792262636125,-0.0015422715805470943,0.0015369756147265434,0.013187713921070099,0.08722367882728577,-0.0962689220905304,-0.11958390474319458,0.05412738770246506,-0.10418899357318878,0.0027191652916371822,0.1305740922689438,0.16758708655834198,-1.0856425754961396,1.2895941156801705,-1.143143299235998
0.003120807697996497,-0.002061755396425724,-0.006655377335846424,-0.7801692485809326,0.39811861515045166,-0.1549369990825653,-0.8070918321609497,0.20069921016693115,-0.3093235194683075,0.007634417153894901,0.8894761800765991,0.8873322010040283,-1.4698427901331037,1.3602577712934,-1.025099070128056,0.002097649499773979,-0.0005575441755354404,0.005610698834061623,0.08284100145101547,0.03169559687376022,-0.07456953078508377,-0.16771885752677917,0.46711093187332153,0.12262267619371414,0.006015889812260866,0.1158786341547966,0.5112323760986328,-0.16397464631786746,0.74235356917402,-1.3591849158019977,0.007330083753913641,0.003033524379134178,-0.004352788906544447,0.08301131427288055,-0.0556090772151947,0.0024838726967573166,-0.32428181171417236,-0.03529582545161247,0.17735737562179565,0.009048711508512497,0.09994707256555557,0.3712952136993408,-0.13005635586930103,0.38698018665544104,0.15928338305750045,0.0016529313288629055,-0.001186527544632554,0.001503865816630423,0.01158246211707592,0.08742491155862808,-0.08257623016834259,-0.09291472285985947,0.060201115906238556,-0.09522376954555511,0.002530146623030305,0.12081433087587357,0.14603044092655182,-1.0856425754961396,1.2895941156801705,-1.143143299235998
0.0031316126696765423,-0.0019335836404934525,-0.006717083975672722,-0.7842904329299927,0.3935362696647644,-0.13837608695030212,-0.8631807565689087,0.2282913327217102,-0.35480186343193054,0.007659305818378925,0.8883299827575684,0.9607717394828796,-1.4698427901331037,1.3602577712934,-1.025099070128056,0.0019161936361342669,-0.0005739799235016108,0.005473052151501179,0.08736863732337952,0.02788718417286873,-0.07037457823753357,-0.1610792577266693,0.4265262484550476,0.10582397878170013,0.0058271391317248344,0.11560084670782089,0.468049019575119,-0.16397464631786746,0.74235356917402,-1.3591849158019977,0.007272996008396149,0.003298536641523242,-0.004436885938048363,0.09029939770698547,-0.03532378748059273,0.00912562943994999,-0.3598576486110687,0.016748016700148582,0.03409454971551895,0.009135795757174492,0.09739111363887787,0.36185696721076965,-0.13005635586930103,0.38698018665544104,0.15928338305750045,0.001727391965687275,-0.000912868301384151,0.0014731739647686481,0.010302569717168808,0.08073840290307999,-0.06738264113664627,-0.05233720690011978,0.06990649551153183,-0.08228983730077744,0.0024469271302223206,0.10566575825214386,0.11999049037694931,-1.0856425754961396,1.2895941156801705,-1.143143299235998
0.0032120109535753727,-0.0019000148167833686,-0.006788983009755611,-0.7893679141998291,0.387201726436615,-0.1206323504447937,-0.9169524312019348,0.25474774837493896,-0.3982614278793335,0.00774708716198802,0.8874565362930298,1.0316541194915771,-1.4698427901331037,1.3602577712934,-1.025099070128056,0.001751739764586091,-0.0006243225652724504,0.005304100923240185,0.08599230647087097,0.02186664193868637,-0.06532080471515656,-0.15143242478370667,0.3727618455886841,0.08394524455070496,0.005620663519948721,0.11018000543117523,0.4110109210014343,-0.16397464631786746,0.74235356917402,-1.3591849158019977,0.0072065237909555435,0.0035990749020129442,-0.0045742797665297985,0.09871156513690948,-0.011033576913177967,0.008497154340147972,-0.3882414996623993,0.05865194648504257,-0.08123812824487686,0.009263441897928715,0.09968908876180649,0.400962769985199,-0.13005635586930103,0.38698018665544104,0.15928338305750045,0.001865713275037706,-0.0007691774517297745,0.00143317854963243,0.009565440937876701,0.06946421414613724,-0.053996212780475616,0.003692321479320526,0.08365656435489655,-0.06495053321123123,0.002475180895999074,0.08850065618753433,0.10597464442253113,-1.0856425754961396,1.2895941156801705,-1.143143299235998
0.0033624116331338882,-0.00197818735614419,-0.006869179662317038,-0.7943259477615356,0.38085031509399414,-0.10394605994224548,-0.9640824198722839,0.2780522108078003,-0.4361456632614136,0.007899662479758263,0.8870205283164978,1.0940707921981812,-1.4698427901331037,1.3602577712934,-1.025099070128056,0.001652594655752182,-0.0006890436634421349,0.005122197791934013,0.0789671391248703,0.015982620418071747,-0.062317851930856705,-0.13885226845741272,0.3060954213142395,0.05711539089679718,0.005426118616014719,0.10185660421848297,0.34093478322029114,-0.16397464631786746,0.74235356917402,-1.3591849158019977,0.007150320801883936,0.003892655484378338,-0.004736504517495632,0.10959208011627197,0.014810455963015556,0.0027133524417877197,-0.40927034616470337,0.08990318328142166,-0.16842159628868103,0.009418828412890434,0.11062159389257431,0.45160892605781555,-0.129373554525236,0.38644911082726885,0.15907046006260842,0.002061987528577447,-0.0007621829863637686,0.0013740629656240344,0.009504427202045918,0.05785587430000305,-0.0462212935090065,0.07484940439462662,0.10137787461280823,-0.043294548988342285,0.002592443721368909,0.07465951889753342,0.1332453489303589,-1.0856425754961396,1.2895941156801705,-1.143143299235998
0.0035597095265984535,-0.0021525046322494745,-0.0069540636613965034,-0.7981511354446411,0.375973105430603,-0.09098401665687561,-1.0025221109390259,0.29727569222450256,-0.4667580723762512,0.008103320375084877,0.8869493007659912,1.1451141834259033,-1.4698427901331037,1.3602577712934,-1.025099070128056,0.0016523931408300996,-0.0007422685157507658,0.004945280496031046,0.06710205972194672,0.012266652658581734,-0.06406019628047943,-0.12398719787597656,0.22950944304466248,0.026534929871559143,0.0052666086703538895,0.09357812255620956,0.2622050940990448,-0.16397464631786746,0.74235356917402,-1.3591849158019977,0.0071295020170509815,0.0041229259222745895,-0.004882912151515484,0.123568594455719,0.03997904807329178,-0.005601249635219574,-0.4236898422241211,0.1122317835688591,-0.2298840433359146,0.009574505500495434,0.12999576330184937,0.4949299991130829,-0.129373554525236,0.38644911082726885,0.15907046006260842,0.0022878239396959543,-0.0008601017761975527,0.0012901347363367677,0.010073517449200153,0.050584565848112106,-0.0465790256857872,0.1577594131231308,0.12222012877464294,-0.01830187439918518,0.002763758646324277,0.06949733942747116,0.20040148496627808,-1.0856425754961396,1.2895941156801705,-1.143143299235998
0.0037663280963897705,-0.0023783575743436813,-0.007037266623228788,-0.7997586131095886,0.3741874098777771,-0.08453643321990967,-1.0320837497711182,0.31213366985321045,-0.49008017778396606,0.008328561671078205,0.8870041966438293,1.1843998432159424,-1.4687851429449132,1.3603139646540017,-1.0242820855998873,0.0017525168368592858,-0.0007656414527446032,0.004786191042512655,0.05208447203040123,0.011574085801839828,-0.07173778116703033,-0.10815726220607758,0.14926522970199585,-0.005289148539304733,0.005154138896614313,0.0894039198756218,0.18440736830234528,-0.16397464631786746,0.74235356917402,-1.3591849158019977,0.007162837311625481,0.004269740078598261,-0.004967814777046442,0.14084868133068085,0.06314565986394882,-0.014551162719726562,-0.432653546333313,0.12688155472278595,-0.2701597213745117,0.009706498123705387,0.1550401896238327,0.5256180167198181,-0.129373554525236,0.38644911082726885,0.15907046006260842,0.0025012679398059845,-0.0010117711499333382,0.0011862465180456638,0.010989092290401459,0.05139906331896782,-0.054969120770692825,0.24541477859020233,0.14441585540771484,0.007972583174705505,0.002947406144812703,0.07605411112308502,0.28486472368240356,-1.0856425754961396,1.2895941156801705,-1.143143299235998
0.003935151733458042,-0.002601235406473279,-0.007108564022928476,-0.7978703379631042,0.3779609501361847,-0.0856691300868988,-1.0536293983459473,0.32350003719329834,-0.5065442323684692,0.008531326428055763,0.8870123028755188,1.2130022048950195,-1.4687851429449132,1.3603139646540017,-1.0242820855998873,0.0019188935402780771,-0.0007544446270912886,0.004654110874980688,0.03606182336807251,0.013715878129005432,-0.08462446928024292,-0.0930071622133255,0.07323618233203888,-0.035204216837882996,0.005090391729027033,0.0930047333240509,0.12350387126207352,-0.16397464631786746,0.74235356917402,-1.3591849158019977,0.007252134382724762,0.004339943639934063,-0.004969587549567223,0.16115187108516693,0.0835430771112442,-0.0232622642070055,-0.43741610646247864,0.13544422388076782,-0.29367756843566895,0.00980435498058796,0.18300411105155945,0.5439894199371338,-0.129373554525236,0.38644911082726885,0.15907046006260842,0.0026622950099408627,-0.0011677719885483384,0.0010838496964424849,0.011823009699583054,0.06218532472848892,-0.06888394057750702,0.3290441930294037,0.16575992107391357,0.03294892609119415,0.003102617571130395,0.09355102479457855,0.3699081838130951,-1.0856425754961396,1.2895941156801705,-1.143143299235998
0.004028928466141224,-0.0027639465406537056,-0.007151797413825989,-0.7922067642211914,0.38817694783210754,-0.09331563115119934,-1.0684361457824707,0.3317110538482666,-0.517403244972229,0.008661401458084583,0.8871192932128906,1.232596516609192,-1.4687851429449132,1.3603139646540017,-1.0242820855998873,0.002096528187394142,-0.0007118992507457733,0.004562670364975929,0.020620284602046013,0.017985064536333084,-0.10047505050897598,-0.07985227555036545,0.007691152393817902,-0.06069394201040268,0.005071507766842842,0.10413402318954468,0.10059470683336258,-0.16397464631786746,0.74235356917402,-1.3591849158019977,0.007370910607278347,0.0043588001281023026,-0.00489053875207901,0.18256326019763947,0.10087662935256958,-0.031101439148187637,-0.4391339123249054,0.13921482861042023,-0.3040720820426941,0.00986138079315424,0.21088559925556183,0.5519775152206421,-0.129373554525236,0.38644911082726885,0.15907046006260842,0.002746583428233862,-0.001290076063014567,0.001014759298413992,0.012216327711939812,0.08206535130739212,-0.08468528091907501,0.40167441964149475,0.1845163255929947,0.0545792430639267,0.003199649043381214,0.11855613440275192,0.445384681224823,-1.0856425754961396,1.2895941156801705,-1.143143299235998
0.004023831337690353,-0.0028284077998250723,-0.007152848411351442,-0.7837352752685547,0.4034850597381592,-0.10464632511138916,-1.077727198600769,0.3372275233268738,-0.5237963795661926,0.008680688217282295,0.8876891732215881,1.2448216676712036,-1.4687851429449132,1.3603139646540017,-1.0242820855998873,0.0022329501807689667,-0.0006408228073269129,0.004532070830464363,0.006418053060770035,0.023490440100431442,-0.11620251834392548,-0.06933768838644028,-0.04438402131199837,-0.08055325597524643,0.005092777777463198,0.11872665584087372,0.11518022418022156,-0.16397464631786746,0.74235356917402,-1.3591849158019977,0.007470855489373207,0.004348011687397957,-0.00474131666123867,0.20127922296524048,0.1151195839047432,-0.036978524178266525,-0.43875253200531006,0.13899698853492737,-0.30364730954170227,0.009858953766524792,0.23480471968650818,0.5513851642608643,-0.129373554525236,0.38644911082726885,0.15907046006260842,0.0027510323561728,-0.0013503364752978086,0.0010065606329590082,0.012064371258020401,0.10701607912778854,-0.0989595502614975,0.4599835276603699,0.19988664984703064,0.07189762592315674,0.003225639695301652,0.14625656604766846,0.5066643953323364,-1.0856425754961396,1.2895941156801705,-1.143143299235998
0.003921040333807468,-0.002785312244668603,-0.007103304378688335,-0.7745829820632935,0.42004719376564026,-0.11679708957672119,-1.0823450088500977,0.34023094177246094,-0.5266488790512085,0.00857842992991209,0.8888531923294067,1.2508344650268555,-1.4687851429449132,1.3603139646540017,-1.0242820855998873,0.002290927106514573,-0.0005402346141636372,0.0045780641958117485,-0.006170665845274925,0.029154565185308456,-0.12869757413864136,-0.06145595386624336,-0.08278481662273407,-0.09469932317733765,0.005147705785930157,0.13210272789001465,0.13999329507350922,-0.16320572298749086,0.7420355642967483,-1.3591505361507306,0.00750541128218174,0.004318374674767256,-0.004530596546828747,0.213058203458786,0.12626703083515167,-0.03961075842380524,-0.43696022033691406,0.13501441478729248,-0.293132483959198,0.009772710502147675,0.25081104040145874,0.543221652507782,-0.129373554525236,0.38644911082726885,0.15907046006260842,0.002688127802684903,-0.0013297514524310827,0.0010740531142801046,0.011553864926099777,0.13077814877033234,-0.10937756299972534,0.5035892724990845,0.2120012789964676,0.08503159880638123,0.0031855704728513956,0.17087969183921814,0.5529711246490479,-1.0841561825601458,1.2894096758608784,-1.141913770081766
0.0037468934897333384,-0.0026557534001767635,-0.006999912206083536,-0.7672065496444702,0.433150053024292,-0.12753704190254211,-1.0825459957122803,0.34050461649894714,-0.5265281200408936,0.008372037671506405,0.8902193903923035,1.2510319948196411,-1.4687851429449132,1.3603139646540017,-1.0242820855998873,0.0022542341612279415,-0.00041769840754568577,0.004696979653090239,-0.016581514850258827,0.033745184540748596,-0.13569854199886322,-0.05611368268728256,-0.10879158228635788,-0.10368078947067261,0.005226630251854658,0.14081114530563354,0.16041839122772217,-0.16320572298749086,0.7420355642967483,-1.3591505361507306,0.007448604330420494,0.004279090091586113,-0.004273875616490841,0.21470162272453308,0.13387365639209747,-0.03867563232779503,-0.43418848514556885,0.12691330909729004,-0.27168309688568115,0.00959470309317112,0.2559584677219391,0.5276725888252258,-0.129373554525236,0.38644911082726885,0.15907046006260842,0.002578598214313388,-0.0012292478932067752,0.0012119929306209087,0.011049509048461914,0.14679911732673645,-0.11506493389606476,0.5342021584510803,0.2209877222776413,0.09407021105289459,0.003103086492046714,0.18684756755828857,0.5857104659080505,-1.0841561825601458,1.2894096758608784,-1.141913770081766
0.003543401602655649,-0.0024825932923704386,-0.006849241908639669,-0.7635550498962402,0.4390234053134918,-0.13521525263786316,-1.0779002904891968,0.33737269043922424,-0.5235759019851685,0.00810130126774311,0.8910898566246033,1.2449181079864502,-1.4687851429449132,1.3603139646540017,-1.0242820855998873,0.0021233856678009033,-0.0002811157610267401,0.004868431016802788,-0.02402946725487709,0.03607269376516342,-0.13634663820266724,-0.052823856472969055,-0.1246463730931282,-0.10848462581634521,0.005318779498338699,0.14307011663913727,0.17348195612430573,-0.16320572298749086,0.7420355642967483,-1.3591505361507306,0.007300239056348801,0.004247194156050682,-0.0040008206851780415,0.20508567988872528,0.13652543723583221,-0.035476986318826675,-0.43064549565315247,0.11385029554367065,-0.23711270093917847,0.009345518425107002,0.24891354143619537,0.5046185255050659,-0.129373554525236,0.38644911082726885,0.15907046006260842,0.002450560685247183,-0.00106954132206738,0.001398279331624508,0.010947078466415405,0.15023934841156006,-0.11633657664060593,0.5541200041770935,0.22760573029518127,0.09991258382797241,0.0030173417180776596,0.19033102691173553,0.6073185801506042,-1.0841561825601458,1.2894096758608784,-1.141913770081766
0.003355308435857296,-0.0023159801494330168,-0.0066777742467820644,-0.7646100521087646,0.43578124046325684,-0.13895395398139954,-1.0672919750213623,0.32970136404037476,-0.517510712146759,0.007823971100151539,0.8909780979156494,1.2311103343963623,-1.4687851429449132,1.3603139646540017,-1.0242820855998873,0.0019228009041398764,-0.00014316546730697155,0.005055741406977177,-0.027712751179933548,0.035353850573301315,-0.13101235032081604,-0.051103390753269196,-0.13277152180671692,-0.1102573424577713,0.005410931538790464,0.13849955797195435,0.17999032139778137,-0.16320572298749086,0.7420355642967483,-1.3591505361507306,0.00708686513826251,0.004246131982654333,-0.003746303031221032,0.18596692383289337,0.13207362592220306,-0.03212316706776619,-0.42637282609939575,0.09467281401157379,-0.18636980652809143,0.00907127745449543,0.2303454726934433,0.4748583436012268,-0.129373554525236,0.38644911082726885,0.15907046006260842,0.002339219208806753,-0.000890092458575964,0.0015905860345810652,0.01146680861711502,0.13925421237945557,-0.11392885446548462,0.5659220218658447,0.23247019946575165,0.10333628952503204,0.002965497551485896,0.18028591573238373,0.6204744577407837,-1.0841561825601458,1.2894096758608784,-1.141913770081766
0.0032210256904363632,-0.002198623027652502,-0.006529422476887703,-0.7702687382698059,0.42359042167663574,-0.138961523771286,-1.0490291118621826,0.3159773051738739,-0.5076925754547119,0.007605412974953651,0.8899736404418945,1.2074997425079346,-1.4687851429449132,1.3603139646540017,-1.0242820855998873,0.0016951286233961582,-1.6126548871397972e-05,0.005214142147451639,-0.02695212885737419,0.031588565558195114,-0.12060709297657013,-0.05048919841647148,-0.13546235859394073,-0.11021199822425842,0.005482790991663933,0.12755519151687622,0.18178528547286987,-0.16320572298749086,0.7420355642967483,-1.3591505361507306,0.006856537889689207,0.004296795930713415,-0.003537467448040843,0.16142958402633667,0.11885400116443634,-0.030128255486488342,-0.42131972312927246,0.06820762157440186,-0.11630126088857651,0.008831094950437546,0.20271530747413635,0.44236698746681213,-0.129373554525236,0.38644911082726885,0.15907046006260842,0.0022803517058491707,-0.000732981541659683,0.0017428570427000523,0.012540947645902634,0.11545414477586746,-0.10826720297336578,0.5719308257102966,0.23604531586170197,0.10504287481307983,0.0029622316360473633,0.1587725579738617,0.6275796890258789,-1.0841561825601458,1.2894096758608784,-1.141913770081766
0.003169556148350239,-0.0021545435301959515,-0.006443483289331198,-0.7794646620750427,0.40446901321411133,-0.13631510734558105,-1.0210857391357422,0.2944856882095337,-0.4932580888271332,0.007497107610106468,0.8886743783950806,1.1715978384017944,-1.4687851429449132,1.3603139646540017,-1.0242820855998873,0.0014864496188238263,9.073526598513126e-05,0.005307410843670368,-0.02192389965057373,0.02574174851179123,-0.10614846646785736,-0.05057942867279053,-0.1346910148859024,-0.10957782715559006,0.00551238376647234,0.11140373349189758,0.18085145950317383,-0.16320572298749086,0.7420355642967483,-1.3591505361507306,0.006661331746727228,0.004407645668834448,-0.0033884793519973755,0.13584239780902863,0.09691128879785538,-0.029830340296030045,-0.4154340326786041,0.03367909416556358,-0.02475982904434204,0.008676547557115555,0.16951343417167664,0.4175317585468292,-0.129373554525236,0.38644911082726885,0.15907046006260842,0.002298449631780386,-0.0006263532559387386,0.0018278048373758793,0.01383325457572937,0.08341813087463379,-0.0993291586637497,0.5739387273788452,0.23853656649589539,0.10557803511619568,0.003002675250172615,0.13044625520706177,0.6304380297660828,-1.0841561825601458,1.2894096758608784,-1.141913770081766
0.003216559300199151,-0.002183587057515979,-0.006434803828597069,-0.7904906868934631,0.38180094957351685,-0.13214468955993652,-0.9815107583999634,0.2636190354824066,-0.4733376204967499,0.007518045604228973,0.8877554535865784,1.1211185455322266,-1.4687851429449132,1.3603139646540017,-1.0242820855998873,0.0013322688173502684,0.00017496501095592976,0.005327086895704269,-0.01427044253796339,0.019465751945972443,-0.0888337716460228,-0.051050759851932526,-0.13202860951423645,-0.10958828032016754,0.0054939426481723785,0.0920543298125267,0.17901766300201416,-0.16320572298749086,0.7420355642967483,-1.3591505361507306,0.006536661181598902,0.0045653642155230045,-0.0032999843824654818,0.11218594759702682,0.06855181604623795,-0.030609343200922012,-0.4087699055671692,-0.008722665719687939,0.08789099752902985,0.008629043586552143,0.13498876988887787,0.4182029962539673,-0.129373554525236,0.38644911082726885,0.15907046006260842,0.0023976867087185383,-0.0005780527135357261,0.0018453685333952308,0.014897353947162628,0.04923512041568756,-0.08709116280078888,0.5730608105659485,0.23981311917304993,0.10528984665870667,0.0030803296249359846,0.10114790499210358,0.6300753951072693,-1.0841561825601458,1.2894096758608784,-1.141913770081766
0.0033569997176527977,-0.002263992791995406,-0.006493919994682074,-0.8014931082725525,0.35943403840065,-0.1270093321800232,-0.9290387630462646,0.22234877943992615,-0.44736987352371216,0.0076528494246304035,0.8875333666801453,1.0548419952392578,-1.4687851429449132,1.3603139646540017,-1.0242820855998873,0.0012518017319962382,0.00024244352243840694,0.005295081064105034,-0.006557542830705643,0.014388514682650566,-0.07022465765476227,-0.051659874618053436,-0.12864498794078827,-0.11148133128881454,0.00544643634930253,0.07198286801576614,0.1778942495584488,-0.16320572298749086,0.7420355642967483,-1.3591505361507306,0.006490753032267094,0.004734943620860577,-0.003259191755205393,0.09176850318908691,0.03800007700920105,-0.031302183866500854,-0.40161141753196716,-0.05711323022842407,0.21684351563453674,0.008670172654092312,0.10414072871208191,0.4599725604057312,-0.129373554525236,0.38644911082726885,0.15907046006260842,0.002562464214861393,-0.0005784685490652919,0.001812957227230072,0.015386158600449562,0.01859866827726364,-0.07213469594717026,0.569681704044342,0.23935635387897491,0.10431361198425293,0.003191811963915825,0.07606614381074905,0.6266658306121826,-1.0841561825601458,1.2894096758608784,-1.141913770081766
0.0035622240975499153,-0.0023620505817234516,-0.006597422529011965,-0.8109480142593384,0.3406252861022949,-0.12100711464881897,-0.8639410734176636,0.17088931798934937,-0.4155288338661194,0.007860961370170116,0.887865424156189,0.973787248134613,-1.4687851429449132,1.3603139646540017,-1.0242820855998873,0.0012455941177904606,0.00030195480212569237,0.005244107451289892,-0.0010475562885403633,0.011473115533590317,-0.05219125747680664,-0.05223611742258072,-0.1253526508808136,-0.11648618429899216,0.005398457404226065,0.05344770476222038,0.17891597747802734,-0.16320572298749086,0.7420355642967483,-1.3591505361507306,0.006509051192551851,0.004877061583101749,-0.0032438095659017563,0.07436733692884445,0.009923513047397137,-0.03061051294207573,-0.39453864097595215,-0.10754339396953583,0.35185718536376953,0.008756470866501331,0.08103074133396149,0.5394718050956726,-0.129373554525236,0.38644911082726885,0.15907046006260842,0.0027639740146696568,-0.0006060280138626695,0.0017520193941891193,0.015181951224803925,-0.004676477983593941,-0.055834218859672546,0.5634691715240479,0.23623839020729065,0.10257679224014282,0.0033281217329204082,0.058050163090229034,0.6195386052131653,-1.0841561825601458,1.2894096758608784,-1.141913770081766
0.0037871841341257095,-0.002443442353978753,-0.006716207601130009,-0.8178890943527222,0.32746854424476624,-0.11408990621566772,-0.7891336679458618,0.11156898736953735,-0.3792722821235657,0.008088301867246628,0.8883663415908813,0.8826251029968262,-1.4687851429449132,1.3603139646540017,-1.0242820855998873,0.0012948273215442896,0.0003569568507373333,0.005195109639316797,0.0010655946098268032,0.01085122674703598,-0.03638555109500885,-0.052670322358608246,-0.12266973406076431,-0.12577016651630402,0.005365925841033459,0.03798411414027214,0.18341253697872162,-0.16320572298749086,0.7420355642967483,-1.3591505361507306,0.006567738018929958,0.004969805479049683,-0.003232407383620739,0.05841885507106781,-0.012428583577275276,-0.027557894587516785,-0.3882835805416107,-0.1550443321466446,0.4800136089324951,0.008847746066749096,0.06577742844820023,0.6365657448768616,-0.129373554525236,0.38644911082726885,0.15907046006260842,0.002965155290439725,-0.0006346497102640569,0.001680437009781599,0.014377306215465069,-0.019175473600625992,-0.0398683063685894,0.5534496307373047,0.22914156317710876,0.09982001781463623,0.0034668133594095707,0.04651760309934616,0.6072695851325989,-1.0841561825601458,1.2894096758608784,-1.141913770081766
0.003982921130955219,-0.0024826491717249155,-0.00682170270010829,-0.8219616413116455,0.32077157497406006,-0.10609003901481628,-0.7107362151145935,0.0492687001824379,-0.3416152000427246,0.00828026793897152,0.8886902928352356,0.7901102900505066,-1.4687851429449132,1.3603139646540017,-1.0242820855998873,0.001368135679513216,0.000402186531573534,0.005149809643626213,-0.0002874908968806267,0.011925069615244865,-0.023605071008205414,-0.05290386080741882,-0.12088420242071152,-0.14032061398029327,0.005343602504581213,0.026447858661413193,0.1926179826259613,-0.16320572298749086,0.7420355642967483,-1.3591505361507306,0.0066452003084123135,0.005017493385821581,-0.003215465694665909,0.04193346947431564,-0.02785884216427803,-0.021984513849020004,-0.3834386169910431,-0.19565404951572418,0.5910596251487732,0.00892598181962967,0.05493495985865593,0.7312025427818298,-0.129373554525236,0.38644911082726885,0.15907046006260842,0.0031246128492057323,-0.0006435306859202683,0.0016103747766464949,0.013169262558221817,-0.02555813267827034,-0.025514906272292137,0.5381497144699097,0.21643835306167603,0.09563696384429932,0.003573603928089142,0.038440316915512085,0.5878750681877136,-1.0841561825601458,1.2894096758608784,-1.141913770081766
0.004107424058020115,-0.0024691696744412184,-0.00689250323921442,-0.8234516382217407,0.31995218992233276,-0.09687569737434387,-0.6364433765411377,-0.009876389056444168,-0.3063294589519501,0.008394898846745491,0.8887220621109009,0.7063961029052734,-1.4687851429449132,1.3603139646540017,-1.0242820855998873,0.0014348612166941166,0.00042689195834100246,0.005098162218928337,-0.004349639639258385,0.013571427203714848,-0.013708668760955334,-0.052920032292604446,-0.12010763585567474,-0.1607377678155899,0.0053134094923734665,0.01977449283003807,0.20751626789569855,-0.16320572298749086,0.7420355642967483,-1.3591505361507306,0.006726808845996857,0.005043763667345047,-0.003197581274434924,0.023639488965272903,-0.03639467433094978,-0.01474231481552124,-0.3802933692932129,-0.22748138010501862,0.6801789999008179,0.008995222859084606,0.045833759009838104,0.8117969632148743,-0.129373554525236,0.38644911082726885,0.15907046006260842,0.003204518696293235,-0.0006265696138143539,0.0015468732453882694,0.011780532076954842,-0.025852831080555916,-0.013416803441941738,0.5158238410949707,0.19635875523090363,0.08953680098056793,0.003613079898059368,0.03141910955309868,0.5591492056846619,-1.0841561825601458,1.2894096758608784,-1.141913770081766
0.0041336421854794025,-0.0024067291524261236,-0.006922028958797455,-0.8232813477516174,0.32292550802230835,-0.08669382333755493,-0.5724020600318909,-0.06108875200152397,-0.2763276696205139,0.008413907140493393,0.8885881900787354,0.6385396718978882,-1.4691020622692046,1.3604326753615625,-1.0248579757071066,0.0014778748154640198,0.000421963632106781,0.005029213614761829,-0.009903891012072563,0.014600185677409172,-0.005911077838391066,-0.05273931100964546,-0.12031170725822449,-0.18692073225975037,0.005258817225694656,0.018606271594762802,0.2284637838602066,-0.16320572298749086,0.7420355642967483,-1.3591505361507306,0.0068037365563213825,0.00508126150816679,-0.003184669651091099,0.0036067671608179808,-0.0386500246822834,-0.007366068661212921,-0.3792157769203186,-0.25062936544418335,0.7467728853225708,0.009069298394024372,0.03951065614819527,0.8742364645004272,-0.1283783453662032,0.3856160124802766,0.1589939995471056,0.0031830137595534325,-0.000595373276155442,0.0014852752210572362,0.010428131558001041,-0.022694699466228485,-0.0037886351346969604,0.4847964942455292,0.16727770864963531,0.08103777468204498,0.003562595695257187,0.025261612609028816,0.5192076563835144,-1.0841561825601458,1.2894096758608784,-1.141913770081766
0.0040566585958004,-0.002316555008292198,-0.006918593775480986,-0.8223620653152466,0.3274310231208801,-0.07695361971855164,-0.5214731693267822,-0.10179316997528076,-0.25312912464141846,0.008348044939339161,0.88848876953125,0.5885324478149414,-1.4691020622692046,1.3604326753615625,-1.0248579757071066,0.0015004747547209263,0.00038359477184712887,0.004934458527714014,-0.015505040995776653,0.01426777895539999,0.00093470374122262,-0.052418775856494904,-0.12134502828121185,-0.21763655543327332,0.0051717935130000114,0.021091455593705177,0.2546330988407135,-0.16320572298749086,0.7420355642967483,-1.3591505361507306,0.006883564405143261,0.005131280515342951,-0.0031936794985085726,-0.017045339569449425,-0.03612174466252327,-0.0013882636558264494,-0.3793262243270874,-0.2654922604560852,0.7936406135559082,0.00916040875017643,0.03996562585234642,0.9188253283500671,-0.1283783453662032,0.3856160124802766,0.1589939995471056,0.0030640442855656147,-0.0005706381052732468,0.0014132563956081867,0.009292583912611008,-0.01860823854804039,0.003398900618776679,0.44395238161087036,0.1281573623418808,0.06980173289775848,0.0034221759997308254,0.02107536979019642,0.4673224687576294,-1.0841561825601458,1.2894096758608784,-1.141913770081766
0.003893517889082432,-0.0022221505641937256,-0.006905318237841129,-0.8217669129371643,0.3307696282863617,-0.06902080774307251,-0.4839399456977844,-0.13188974559307098,-0.23664456605911255,0.008232912980020046,0.8885231018066406,0.554611086845398,-1.4691020622692046,1.3604326753615625,-1.0248579757071066,0.0015214099548757076,0.0003096936270594597,0.004805716685950756,-0.019743941724300385,0.012409522198140621,0.007978657260537148,-0.05205027014017105,-0.12295188009738922,-0.2503102421760559,0.0050502982921898365,0.024647077545523643,0.2836928069591522,-0.16320572298749086,0.7420355642967483,-1.3591505361507306,0.006972126662731171,0.005199734587222338,-0.0032233742531389,-0.03673815727233887,-0.031107470393180847,0.0025547309778630733,-0.38057684898376465,-0.27382463216781616,0.823940634727478,0.009275663644075394,0.04820678010582924,0.947996199131012,-0.1283783453662032,0.3856160124802766,0.1589939995471056,0.0028757969848811626,-0.0005694425781257451,0.0013210237957537174,0.00849003717303276,-0.015442145988345146,0.008304902352392673,0.39340490102767944,0.07917316257953644,0.05581726133823395,0.003215521341189742,0.01948106847703457,0.4051559865474701,-1.0841561825601458,1.2894096758608784,-1.141913770081766
0.0036789937876164913,-0.002150434534996748,-0.006903606001287699,-0.8220455646514893,0.33140453696250916,-0.06425288319587708,-0.4584510028362274,-0.1524115800857544,-0.2259828895330429,0.008112899959087372,0.8886598348617554,0.5333618521690369,-1.4691020622692046,1.3604326753615625,-1.0248579757071066,0.001558669377118349,0.00019841152243316174,0.0046385228633880615,-0.021739497780799866,0.009249851107597351,0.015969008207321167,-0.051745980978012085,-0.12483955919742584,-0.28172725439071655,0.004897418897598982,0.028516218066215515,0.3124625086784363,-0.16320572298749086,0.7420355642967483,-1.3591505361507306,0.007076069246977568,0.005279145669192076,-0.003275662660598755,-0.05456792190670967,-0.025921832770109177,0.0047852881252765656,-0.3824222683906555,-0.277353972196579,0.8412350416183472,0.009416480548679829,0.060601141303777695,0.9648048877716064,-0.1283783453662032,0.3856160124802766,0.1589939995471056,0.0026583317667245865,-0.0006013913080096245,0.0012109115486964583,0.008071370422840118,-0.014104478992521763,0.011060506105422974,0.33535832166671753,0.022539833560585976,0.03963753581047058,0.0029823994264006615,0.019657520577311516,0.3384440541267395,-1.0841561825601458,1.2894096758608784,-1.141913770081766
0.003452553879469633,-0.002121494384482503,-0.0069216396659612656,-0.8231973648071289,0.3291332721710205,-0.06343728303909302,-0.44286638498306274,-0.16500169038772583,-0.2197260558605194,0.008020596578717232,0.8888233304023743,0.5211868286132812,-1.4691020622692046,1.3604326753615625,-1.0248579757071066,0.00161813385784626,5.364720709621906e-05,0.004440285265445709,-0.02147144265472889,0.005256269127130508,0.024921804666519165,-0.051614679396152496,-0.12677672505378723,-0.30936354398727417,0.004726242274045944,0.03331287205219269,0.33829307556152344,-0.16320572298749086,0.7420355642967483,-1.3591505361507306,0.007193082012236118,0.005360172595828772,-0.003351209219545126,-0.07018983364105225,-0.022073766216635704,0.006056786980479956,-0.3841215670108795,-0.27785524725914,0.8485414981842041,0.009576140902936459,0.0738278329372406,0.9719956517219543,-0.1283783453662032,0.3856160124802766,0.1589939995471056,0.002449199091643095,-0.0006718018557876348,0.0010949616553261876,0.008035317063331604,-0.014542071148753166,0.01164332590997219,0.2745419144630432,-0.037075161933898926,0.022501327097415924,0.002765652723610401,0.020288055762648582,0.2779462933540344,-1.0841561825601458,1.2894096758608784,-1.141913770081766
0.0032469872385263443,-0.0021427012979984283,-0.006956198252737522,-0.8247730135917664,0.3248962461948395,-0.06668272614479065,-0.4348197877407074,-0.1714613437652588,-0.21616990864276886,0.007970118895173073,0.8889626860618591,0.5149725079536438,-1.4691020622692046,1.3604326753615625,-1.0248579757071066,0.0017003860557451844,-0.0001134364865720272,0.004232347477227449,-0.019595272839069366,0.0010806061327457428,0.03388829529285431,-0.05174672231078148,-0.12864215672016144,-0.33207201957702637,0.004562559071928263,0.039160680025815964,0.35985881090164185,-0.16320572298749086,0.7420355642967483,-1.3591505361507306,0.007315056398510933,0.005429127253592014,-0.003449107054620981,-0.08306588232517242,-0.020344752818346024,0.006917033810168505,-0.3847070634365082,-0.2770571708679199,0.8479344844818115,0.009740729816257954,0.08580031991004944,0.9714695811271667,-0.1283783453662032,0.3856160124802766,0.1589939995471056,0.0022754636593163013,-0.0007813185220584273,0.0009873098460957408,0.008330177515745163,-0.015827558934688568,0.009917243383824825,0.2169337272644043,-0.09380130469799042,0.005984999239444733,0.0026005718391388655,0.020451288670301437,0.23642070591449738,-1.0841561825601458,1.2894096758608784,-1.141913770081766
0.0030853403732180595,-0.0022092873696237803,-0.007003273349255323,-0.8260552883148193,0.3203028440475464,-0.07374334335327148,-0.43207305669784546,-0.17346453666687012,-0.21347463130950928,0.007965306751430035,0.8890440464019775,0.5121996402740479,-1.4691020622692046,1.3604326753615625,-1.0248579757071066,0.0018099690787494183,-0.00029132876079529524,0.004046745132654905,-0.016885869204998016,-0.0026059607043862343,0.041068315505981445,-0.05194670706987381,-0.13044194877147675,-0.3498679995536804,0.004442635457962751,0.04448067024350166,0.3769896328449249,-0.1624965061387108,0.7415239748233476,-1.3590436612043832,0.007434451021254063,0.005462858825922012,-0.0035708595532923937,-0.09203542768955231,-0.021344471722841263,0.007439720444381237,-0.3829587697982788,-0.27661386132240295,0.8403693437576294,0.009892670437693596,0.09477054327726364,0.9640504717826843,-0.1283783453662032,0.3856160124802766,0.1589939995471056,0.002153781708329916,-0.0009205425158143044,0.0009075797279365361,0.00884455256164074,-0.016407497227191925,0.00593794509768486,0.16740012168884277,-0.14285507798194885,-0.008601151406764984,0.0025119464844465256,0.0195624977350235,0.22023704648017883,-1.0818385677430091,1.2892815605477643,-1.1401689206281007
0.0029815509915351868,-0.002308076713234186,-0.007056587375700474,-0.826198935508728,0.3172638714313507,-0.08427503705024719,-0.43271028995513916,-0.17240369319915771,-0.20975930988788605,0.008000767789781094,0.8890238404273987,0.5108426213264465,-1.4691020622692046,1.3604326753615625,-1.0248579757071066,0.001955511048436165,-0.0004761448362842202,0.003919514827430248,-0.013642574660480022,-0.005266716703772545,0.04431561008095741,-0.05277855694293976,-0.13213059306144714,-0.3633437156677246,0.004406056832522154,0.04666617140173912,0.39020854234695435,-0.1624965061387108,0.7415239748233476,-1.3590436612043832,0.007537513040006161,0.00543266860768199,-0.003719853702932596,-0.09526257961988449,-0.025433829054236412,0.007308320142328739,-0.3774043917655945,-0.2781035006046295,0.825684666633606,0.010008261539041996,0.09886986762285233,0.9494897723197937,-0.1283783453662032,0.3856160124802766,0.1589939995471056,0.00209056562744081,-0.0010750482324510813,0.000882031861692667,0.00937566626816988,-0.014616819098591805,0.0002771560102701187,0.12805843353271484,-0.1822449117898941,-0.020839307457208633,0.0025108112022280693,0.017367536202073097,0.22371062636375427,-1.0818385677430091,1.2892815605477643,-1.1401689206281007
0.0029400947969406843,-0.0024213031865656376,-0.007096187211573124,-0.8243886828422546,0.3177284002304077,-0.09753933548927307,-0.43521642684936523,-0.16933251917362213,-0.20317906141281128,0.008053740486502647,0.8888655304908752,0.5092824101448059,-1.4691020622692046,1.3604326753615625,-1.0248579757071066,0.0021184394136071205,-0.0006531007820740342,0.003891870379447937,-0.00990291964262724,-0.0065748430788517,0.04151466116309166,-0.053996019065380096,-0.1337820291519165,-0.373442143201828,0.0044789486564695835,0.04318290948867798,0.40034013986587524,-0.1624965061387108,0.7415239748233476,-1.3590436612043832,0.0075940643437206745,0.005320083349943161,-0.00388781214132905,-0.09000514447689056,-0.031985022127628326,0.005945227108895779,-0.3663727641105652,-0.28302162885665894,0.8027641773223877,0.010054262354969978,0.09570430219173431,0.9266933798789978,-0.1283783453662032,0.3856160124802766,0.1589939995471056,0.002081468468531966,-0.001221923972479999,0.0009397818357683718,0.009703630581498146,-0.009242696687579155,-0.0058979978784918785,0.09916379302740097,-0.21162621676921844,-0.03059937059879303,0.002590134972706437,0.014641526155173779,0.2357020080089569,-1.0818385677430091,1.2892815605477643,-1.1401689206281007
0.0029559656977653503,-0.0025304893497377634,-0.0070917634293437,-0.8201243877410889,0.3231738805770874,-0.11199349164962769,-0.4384792447090149,-0.1649773269891739,-0.19202293455600739,0.008089141920208931,0.8885875940322876,0.5063145160675049,-1.4691020622692046,1.3604326753615625,-1.0248579757071066,0.0022594803012907505,-0.0007922451477497816,0.003993595950305462,-0.00598226860165596,-0.006257548928260803,0.03128959611058235,-0.05555357784032822,-0.13541465997695923,-0.3810582756996155,0.004656362347304821,0.03246510773897171,0.40820184350013733,-0.1624965061387108,0.7415239748233476,-1.3590436612043832,0.007564987521618605,0.005131006706506014,-0.004043636843562126,-0.07257552444934845,-0.03930158168077469,0.002520626876503229,-0.34812813997268677,-0.2927335500717163,0.7698593139648438,0.009995361790060997,0.08257223665714264,0.8941864967346191,-0.1283783453662032,0.3856160124802766,0.1589939995471056,0.0021141311153769493,-0.0013398600276559591,0.0010892408899962902,0.009601293131709099,0.0001142008404713124,-0.010897981002926826,0.07966598868370056,-0.23198893666267395,-0.038126736879348755,0.0027296924963593483,0.014524594880640507,0.24823212623596191,-1.0818385677430091,1.2892815605477643,-1.1401689206281007
0.0030154874548316,-0.0026198062114417553,-0.007022582460194826,-0.813599705696106,0.33373305201530457,-0.1255139410495758,-0.44174861907958984,-0.1597941815853119,-0.1748713105916977,0.008079184219241142,0.8882995247840881,0.5012544393539429,-1.4691020622692046,1.3604326753615625,-1.0248579757071066,0.002335180062800646,-0.0008577813860028982,0.004226916469633579,-0.0028150153812021017,-0.004180488642305136,0.014132414944469929,-0.05732706934213638,-0.13699102401733398,-0.3868415355682373,0.004904658999294043,0.01500419806689024,0.4143661558628082,-0.1624965061387108,0.7415239748233476,-1.3590436612043832,0.0074234032072126865,0.0048971641808748245,-0.004143068566918373,-0.0398278571665287,-0.04593145474791527,-0.0038217687979340553,-0.3211226463317871,-0.30835577845573425,0.7250925302505493,0.009810919873416424,0.06091438606381416,0.8508597016334534,-0.1283783453662032,0.3856160124802766,0.1589939995471056,0.0021744000259786844,-0.001412989222444594,0.0013069187989458442,0.008849382400512695,0.01304240059107542,-0.012591508217155933,0.06788937002420425,-0.24488693475723267,-0.04373808577656746,0.002903892192989588,0.020173296332359314,0.25785964727401733,-1.0818385677430091,1.2892815605477643,-1.1401689206281007
0.0030976436100900173,-0.0026777840685099363,-0.006893183570355177,-0.8058708906173706,0.34762895107269287,-0.13617417216300964,-0.44457530975341797,-0.15405642986297607,-0.1508471667766571,0.00801759958267212,0.8881538510322571,0.4941006302833557,-1.4691020622692046,1.3604326753615625,-1.0248579757071066,0.0023174304515123367,-0.0008229762315750122,0.004559839144349098,-0.001511643989942968,-0.0005779589992016554,-0.007029545493423939,-0.059082187712192535,-0.13838349282741547,-0.39102810621261597,0.005180724430829287,0.0072134328074753284,0.41897931694984436,-0.1624965061387108,0.7415239748233476,-1.3590436612043832,0.0071737864054739475,0.004665036220103502,-0.00415053591132164,0.007501091808080673,-0.05199529975652695,-0.01309339702129364,-0.28439831733703613,-0.3305388391017914,0.6671738624572754,0.009510664269328117,0.054140690714120865,0.7970315217971802,-0.1283783453662032,0.3856160124802766,0.1589939995471056,0.0022529922425746918,-0.0014349845005199313,0.0015453886007890105,0.007273050025105476,0.02828081138432026,-0.008693373762071133,0.06196301057934761,-0.25199079513549805,-0.04765859991312027,0.0030859976541250944,0.030467627570033073,0.2638373076915741,-1.0818385677430091,1.2892815605477643,-1.1401689206281007
0.003178979502990842,-0.002698033582419157,-0.006732777692377567,-0.7985550165176392,0.3617255687713623,-0.14262470602989197,-0.4467463195323944,-0.14796146750450134,-0.11998802423477173,0.007919317111372948,0.8881876468658447,0.48566654324531555,-1.4691020622692046,1.3604326753615625,-1.0248579757071066,0.002206321805715561,-0.000678039388731122,0.004940355196595192,-0.0024071435909718275,0.003757755272090435,-0.0275404155254364,-0.06043937802314758,-0.1393423080444336,-0.3933159112930298,0.005452953279018402,0.02789963223040104,0.42162376642227173,-0.1624965061387108,0.7415239748233476,-1.3590436612043832,0.006854701787233353,0.004474649205803871,-0.0040474263951182365,0.06275759637355804,-0.058951109647750854,-0.023792220279574394,-0.2381686419248581,-0.3591298460960388,0.596360981464386,0.009131872095167637,0.08932983130216599,0.7357615232467651,-0.1283783453662032,0.3856160124802766,0.1589939995471056,0.0023515624925494194,-0.0014089456526562572,0.0017594258533790708,0.004837146028876305,0.043456196784973145,0.0025865347124636173,0.06008973345160484,-0.254797101020813,-0.04990095645189285,0.003257384290918708,0.043801017105579376,0.2665003538131714,-1.0818385677430091,1.2892815605477643,-1.1401689206281007
0.003241854952648282,-0.0026801147032529116,-0.0065767536871135235,-0.7932907342910767,0.37279409170150757,-0.14369675517082214,-0.44822752475738525,-0.14174984395503998,-0.08375394344329834,0.007806813344359398,0.8882197737693787,0.47750985622406006,-1.4691020622692046,1.3604326753615625,-1.0248579757071066,0.002033733297139406,-0.0004353479016572237,0.0053274682722985744,-0.004409174434840679,0.007469542324542999,-0.04228860139846802,-0.06084073334932327,-0.13946881890296936,-0.39277929067611694,0.0057190484367311,0.04316898062825203,0.42122286558151245,-0.1624965061387108,0.7415239748233476,-1.3590436612043832,0.0065173013135790825,0.004335234872996807,-0.0038241958245635033,0.11602938175201416,-0.0689501017332077,-0.03397614508867264,-0.18459370732307434,-0.3927045464515686,0.5156828761100769,0.00871171336621046,0.13918085396289825,0.6739588379859924,-0.1283783453662032,0.3856160124802766,0.1589939995471056,0.0024791602045297623,-0.0013431990519165993,0.0019263990689069033,0.0017651263624429703,0.055055923759937286,0.021544693037867546,0.06069047749042511,-0.25446227192878723,-0.05018222704529762,0.00341488397680223,0.05914764478802681,0.26636937260627747,-1.0818385677430091,1.2892815605477643,-1.1401689206281007
0.003279578872025013,-0.002630106871947646,-0.006443649996072054,-0.7913250923156738,0.37845709919929504,-0.1381928026676178,-0.4491140842437744,-0.13578394055366516,-0.04526957869529724,0.007693746127188206,0.8879879117012024,0.4713704288005829,-1.4691020622692046,1.3604326753615625,-1.0248579757071066,0.0018515405245125294,-0.00013021635822951794,0.005705521907657385,-0.005191914737224579,0.008883137255907059,-0.046914905309677124,-0.05952725559473038,-0.13819940388202667,-0.3878304064273834,0.005999844986945391,0.048029933124780655,0.41599878668785095,-0.1624965061387108,0.7415239748233476,-1.3590436612043832,0.006202837452292442,0.004216543398797512,-0.0034890128299593925,0.15886494517326355,-0.08461019396781921,-0.04324487969279289,-0.12816548347473145,-0.4283408522605896,0.43156686425209045,0.008272100239992142,0.18511368334293365,0.6214114427566528,-0.1283783453662032,0.3856160124802766,0.1589939995471056,0.0026374042499810457,-0.001247496111318469,0.002044678432866931,-0.0014342330396175385,0.05911824107170105,0.046322405338287354,0.06246069818735123,-0.2517313063144684,-0.04787937551736832,0.0035627037286758423,0.07511849701404572,0.26374688744544983,-1.0818385677430091,1.2892815605477643,-1.1401689206281007
0.0032967485021799803,-0.002558657666668296,-0.006330592092126608,-0.7933160066604614,0.37738242745399475,-0.12578079104423523,-0.4495818316936493,-0.13048367202281952,-0.008475318551063538,0.007582326885312796,0.8874619007110596,0.4682111144065857,-1.4691020622692046,1.3604326753615625,-1.0248579757071066,0.0017056928481906652,0.0001803354825824499,0.006061462685465813,-0.0019399533048272133,0.006414802744984627,-0.03892771899700165,-0.055538199841976166,-0.13480861485004425,-0.3762471675872803,0.00629946356639266,0.03950038552284241,0.40350931882858276,-0.1624965061387108,0.7415239748233476,-1.3590436612043832,0.005940753035247326,0.004075198899954557,-0.0030972003005445004,0.18632186949253082,-0.10772956907749176,-0.05346861854195595,-0.07451493293046951,-0.4623924493789673,0.3521236181259155,0.007841711863875389,0.22176653146743774,0.5859609842300415,-0.1283783453662032,0.3856160124802766,0.1589939995471056,0.0028127620462328196,-0.0011412100866436958,0.002120194025337696,-0.004111971706151962,0.0524173304438591,0.07340160757303238,0.06437139213085175,-0.24693633615970612,-0.042029909789562225,0.0037025955971330404,0.09028998017311096,0.25862663984298706,-1.0818385677430091,1.2892815605477643,-1.1401689206281007
0.0033055676613003016,-0.002478404436260462,-0.0062277670949697495,-0.7991741895675659,0.36934998631477356,-0.10805338621139526,-0.44984275102615356,-0.12616033852100372,0.023473471403121948,0.0074735768139362335,0.8870030045509338,0.46778833866119385,-1.4691020622692046,1.3604326753615625,-1.0248579757071066,0.001614558044821024,0.0004243697039783001,0.006365406792610884,0.0074747963808476925,-0.0008902838453650475,-0.018743904307484627,-0.04774921387434006,-0.1284438967704773,-0.35530179738998413,0.006580675486475229,0.020198989659547806,0.3808112144470215,-0.1624965061387108,0.7415239748233476,-1.3590436612043832,0.005750336684286594,0.003902563126757741,-0.0027517066337168217,0.1966210901737213,-0.13798055052757263,-0.06784641742706299,-0.028127998113632202,-0.4919523596763611,0.28380972146987915,0.007474507205188274,0.24960292875766754,0.5686442255973816,-0.1283783453662032,0.3856160124802766,0.1589939995471056,0.0029863337986171246,-0.0010685073211789131,0.002152523025870323,-0.005676019936800003,0.03368472680449486,0.09852120280265808,0.06564261019229889,-0.2400514781475067,-0.031390879303216934,0.0038331779651343822,0.10427514463663101,0.25083670020103455,-1.0818385677430091,1.2892815605477643,-1.1401689206281007
0.003317368682473898,-0.002407396212220192,-0.006135533098131418,-0.8079045414924622,0.35577964782714844,-0.08780643343925476,-0.4501165747642517,-0.12293380498886108,0.049043476581573486,0.007378702983260155,0.887129545211792,0.46917256712913513,-1.4691020622692046,1.3604326753615625,-1.0248579757071066,0.001578555558808148,0.0005415172781795263,0.006584561429917812,0.023334242403507233,-0.012914489954710007,0.009884607046842575,-0.03496856987476349,-0.11820624023675919,-0.3220345973968506,0.006792755797505379,0.028442509472370148,0.34482142329216003,-0.1624965061387108,0.7415239748233476,-1.3590436612043832,0.005640815477818251,0.0037369090132415295,-0.0025556813925504684,0.19094160199165344,-0.17337973415851593,-0.08862483501434326,0.008845627307891846,-0.5156164765357971,0.22968581318855286,0.007232896517962217,0.2727152109146118,0.5645300149917603,-0.1283783453662032,0.3856160124802766,0.1589939995471056,0.0031471673864871264,-0.001086740754544735,0.0021294094622135162,-0.0057115331292152405,0.004587481264024973,0.11709149181842804,0.06571119278669357,-0.23079435527324677,-0.01457565650343895,0.003952221479266882,0.11732043325901031,0.24040891230106354,-1.0818385677430091,1.2892815605477643,-1.1401689206281007
0.0033348589204251766,-0.0023688161745667458,-0.006071799900382757,-0.8181109428405762,0.33909672498703003,-0.06708350777626038,-0.45055216550827026,-0.12097316235303879,0.06814932823181152,0.007321156095713377,0.8881397843360901,0.4714616537094116,-1.4697098166475377,1.3605837273991632,-1.0259100485193509,0.0016077731270343065,0.0005116588436067104,0.006698960438370705,0.04403224214911461,-0.02859841100871563,0.040900662541389465,-0.016114555299282074,-0.10329441726207733,-0.2737283706665039,0.006908169016242027,0.06655502319335938,0.2930130362510681,-0.1624965061387108,0.7415239748233476,-1.3590436612043832,0.005621145945042372,0.0036225749645382166,-0.0025640272069722414,0.17355932295322418,-0.21097463369369507,-0.11490574479103088,0.03634701296687126,-0.533172607421875,0.19014157354831696,0.007162022404372692,0.2963721752166748,0.5672283172607422,-0.12819390587908402,0.3855146972007731,0.15870596030643297,0.0032921559177339077,-0.0012232622830197215,0.002037442522123456,-0.004072915762662888,-0.030240068212151527,0.1249590590596199,0.06420987844467163,-0.2187746912240982,0.009706191718578339,0.004060274921357632,0.12863054871559143,0.22820930182933807,-1.0818385677430091,1.2892815605477643,-1.1401689206281007
0.0033529973588883877,-0.002386057283729315,-0.006056424230337143,-0.8281214237213135,0.3224012851715088,-0.04812881350517273,-0.4514840841293335,-0.11977344006299973,0.08125512301921844,0.007322303950786591,0.8899685740470886,0.4741159677505493,-1.4697098166475377,1.3605837273991632,-1.0259100485193509,0.0017198501154780388,0.0003562977071851492,0.006697322707623243,0.06669571995735168,-0.0464186854660511,0.0679733157157898,0.009502582252025604,-0.08323004841804504,-0.20864129066467285,0.006923797074705362,0.10594047605991364,0.22483044862747192,-0.1624965061387108,0.7415239748233476,-1.3590436612043832,0.0057089668698608875,0.003573652124032378,-0.0027690085116773844,0.1504025161266327,-0.2473190277814865,-0.14349079132080078,0.05505914241075516,-0.5453571081161499,0.16344133019447327,0.007282217964529991,0.3230746388435364,0.5719780921936035,-0.12819390587908402,0.3855146972007731,0.15870596030643297,0.0034135037567466497,-0.0014466054271906614,0.0018776593497022986,-0.0009735077619552612,-0.06461304426193237,0.12006362527608871,0.06096973642706871,-0.2036944478750229,0.04227945953607559,0.004155752714723349,0.13634906709194183,0.21678628027439117,-1.0818385677430091,1.2892815605477643,-1.1401689206281007
0.00335954362526536,-0.002451602602377534,-0.006099715828895569,-0.8371750116348267,0.3067362308502197,-0.0331706702709198,-0.4530275762081146,-0.11938679218292236,0.08950348198413849,0.0073826429434120655,0.8922160267829895,0.47696757316589355,-1.4697098166475377,1.3605837273991632,-1.0259100485193509,0.0019084315281361341,0.00011958740651607513,0.006572464480996132,0.08763494342565536,-0.06471110880374908,0.08613999933004379,0.04177447035908699,-0.058178238570690155,-0.12704722583293915,0.0068449764512479305,0.13887949287891388,0.14584515988826752,-0.1624965061387108,0.7415239748233476,-1.3590436612043832,0.00591244688257575,0.0035896236076951027,-0.0031205033883452415,0.1267155110836029,-0.2790096700191498,-0.17102167010307312,0.06666076928377151,-0.553088366985321,0.1474660336971283,0.007588146720081568,0.3509296476840973,0.5762782096862793,-0.12819390587908402,0.3855146972007731,0.15870596030643297,0.0034888237714767456,-0.0016827324870973825,0.0016699653351679444,0.0030215494334697723,-0.09285162389278412,0.10366678237915039,0.05605371668934822,-0.18560510873794556,0.08298084139823914,0.0042180875316262245,0.13920257985591888,0.21089592576026917,-1.0818385677430091,1.2892815605477643,-1.1401689206281007
0.0033398778177797794,-0.0025328148622065783,-0.006192064844071865,-0.8443925380706787,0.29327285289764404,-0.02501612901687622,-0.4553143382072449,-0.11966263502836227,0.09406870603561401,0.007477405946701765,0.8942223191261292,0.48008251190185547,-1.4697098166475377,1.3605837273991632,-1.0259100485193509,0.002127819461748004,-0.000147669343277812,0.006324385292828083,0.10315748304128647,-0.08192920684814453,0.09262758493423462,0.07925374805927277,-0.02937026135623455,-0.03261016309261322,0.006674373988062143,0.1610395312309265,0.09059355407953262,-0.1624965061387108,0.7415239748233476,-1.3590436612043832,0.006222423166036606,0.0036734032910317183,-0.003546003019437194,0.10493011027574539,-0.3028181791305542,-0.19567817449569702,0.07286090403795242,-0.5574597120285034,0.13971854746341705,0.00804901123046875,0.375498503446579,0.5793024301528931,-0.12819390587908402,0.3855146972007731,0.15870596030643297,0.0034834975376725197,-0.0018575119320303202,0.0014453893527388573,0.00715290755033493,-0.11124275624752045,0.0799235999584198,0.049824509769678116,-0.1652265191078186,0.12997141480445862,0.004204076249152422,0.13716375827789307,0.2160436362028122,-1.0818385677430091,1.2892815605477643,-1.1401689206281007
0.0032776237931102514,-0.00258158752694726,-0.006313628517091274,-0.849016547203064,0.2833084464073181,-0.024965792894363403,-0.4583955705165863,-0.12045329809188843,0.09605936706066132,0.007567649241536856,0.8953859806060791,0.48359373211860657,-1.4697098166475377,1.3605837273991632,-1.0259100485193509,0.0023107656743377447,-0.0003969753161072731,0.005960819777101278,0.11063027381896973,-0.09685753285884857,0.087224580347538,0.11888022720813751,0.0006902553141117096,0.06692413240671158,0.006405356805771589,0.17096364498138428,0.13642515242099762,-0.1624965061387108,0.7415239748233476,-1.3590436612043832,0.006614359561353922,0.003844425082206726,-0.003973411861807108,0.08526962250471115,-0.315607488155365,-0.21662373840808868,0.07527083158493042,-0.5594986081123352,0.13783147931098938,0.008620752021670341,0.39217960834503174,0.5811212658882141,-0.12819390587908402,0.3855146972007731,0.15870596030643297,0.003366173943504691,-0.0019291371572762728,0.0012328651500865817,0.010712048038840294,-0.11865971237421036,0.05417867749929428,0.04297127574682236,-0.14411303400993347,0.17939190566539764,0.004070952534675598,0.1308824121952057,0.23408663272857666,-1.0818385677430091,1.2892815605477643,-1.1401689206281007
0.0031576799228787422,-0.0025534373708069324,-0.00644579716026783,-0.8509507179260254,0.27739936113357544,-0.031673967838287354,-0.4621928930282593,-0.12160970270633698,0.09640969336032867,0.007618351839482784,0.8955840468406677,0.4875510334968567,-1.4697098166475377,1.3605837273991632,-1.0259100485193509,0.00240140687674284,-0.0005910100881010294,0.005499565973877907,0.10892108082771301,-0.10853637754917145,0.07239720970392227,0.15679562091827393,0.028888113796710968,0.161795511841774,0.006030031014233828,0.169956773519516,0.22715012729167938,-0.1624965061387108,0.7415239748233476,-1.3590436612043832,0.007054258603602648,0.004128401167690754,-0.004346644505858421,0.06687847524881363,-0.3155866861343384,-0.23281031847000122,0.07525601983070374,-0.5600626468658447,0.13975638151168823,0.009257406927645206,0.397829532623291,0.5821214914321899,-0.12819390587908402,0.3855146972007731,0.15870596030643297,0.0031299120746552944,-0.0018902934389188886,0.00104997749440372,0.013270463794469833,-0.11662247776985168,0.03104650229215622,0.036339983344078064,-0.12423348426818848,0.22639726102352142,0.003804209642112255,0.12141166627407074,0.2607877850532532,-1.0818385677430091,1.2892815605477643,-1.1401689206281007
0.002976496471092105,-0.0024271963629871607,-0.006573798600584269,-0.8510264754295349,0.2745971083641052,-0.041873157024383545,-0.4664337635040283,-0.12296629697084427,0.0958281010389328,0.007613516878336668,0.8952111601829529,0.49179691076278687,-1.4697098166475377,1.3605837273991632,-1.0259100485193509,0.002382054924964905,-0.0007087925914674997,0.004975847899913788,0.09839627891778946,-0.115879587829113,0.05283080413937569,0.18998359143733978,0.052797093987464905,0.24413588643074036,0.0055619808845222,0.16093787550926208,0.313821017742157,-0.16224060731630055,0.7418911501777412,-1.3590557159219543,0.007500195410102606,0.004527408629655838,-0.004628028254956007,0.04825400561094284,-0.3034763038158417,-0.24251270294189453,0.07387054711580276,-0.5597874522209167,0.1438252329826355,0.00990802701562643,0.3914571702480316,0.5826702117919922,-0.12819390587908402,0.3855146972007731,0.15870596030643297,0.002800398040562868,-0.0017492956249043345,0.0009049696382135153,0.014782569371163845,-0.10866256803274155,0.013133421540260315,0.03062831610441208,-0.10714492201805115,0.26714444160461426,0.0034236288629472256,0.11044710874557495,0.2894551455974579,-1.0818385677430091,1.2892815605477643,-1.1401689206281007
0.002750723622739315,-0.002214377513155341,-0.0066821156069636345,-0.850674033164978,0.27273112535476685,-0.05202436447143555,-0.47057440876960754,-0.12431813776493073,0.09478163719177246,0.007557818200439215,0.8948380351066589,0.495861679315567,-1.4697098166475377,1.3605837273991632,-1.0259100485193509,0.0022654517088085413,-0.0007467446848750114,0.004446510691195726,0.08075220882892609,-0.11769533157348633,0.034227047115564346,0.21679505705833435,0.07120548188686371,0.31028521060943604,0.005045924801379442,0.14678078889846802,0.3851587176322937,-0.16224060731630055,0.7418911501777412,-1.3590557159219543,0.007906324230134487,0.005002980586141348,-0.004798128269612789,0.027791038155555725,-0.28203147649765015,-0.24409838020801544,0.0718463808298111,-0.5590682625770569,0.1487274169921875,0.010514837689697742,0.3740295469760895,0.5829571485519409,-0.12819390587908402,0.3855146972007731,0.15870596030643297,0.002424732781946659,-0.0015184276271611452,0.0008034566417336464,0.015496219508349895,-0.09904267638921738,0.00099839735776186,0.0262245312333107,-0.09356187283992767,0.29982638359069824,0.0029716147109866142,0.10025259107351303,0.31517836451530457,-1.0818385677430091,1.2892815605477643,-1.1401689206281007
0.0025130922440439463,-0.001954343169927597,-0.0067563746124506,-0.851188063621521,0.2697001099586487,-0.059451907873153687,-0.4737156927585602,-0.12539471685886383,0.09350404143333435,0.007468847557902336,0.8948708176612854,0.49887213110923767,-1.4697098166475377,1.3605837273991632,-1.0259100485193509,0.002088381676003337,-0.0007151119643822312,0.003970583435148001,0.058956217020750046,-0.11349037289619446,0.021285174414515495,0.23704466223716736,0.08414910733699799,0.35971346497535706,0.004542934708297253,0.12964937090873718,0.4389362335205078,-0.16224060731630055,0.7418911501777412,-1.3590557159219543,0.008229670114815235,0.005488373339176178,-0.004860131070017815,0.004138931632041931,-0.254706472158432,-0.23732192814350128,0.06961479783058167,-0.558061420917511,0.15343742072582245,0.011021369136869907,0.3481582999229431,0.5829423666000366,-0.12819390587908402,0.3855146972007731,0.15870596030643297,0.0020549301989376545,-0.001224531210027635,0.0007469743140973151,0.015736691653728485,-0.09141632169485092,-0.00595095194876194,0.023319214582443237,-0.0835035890340805,0.32432061433792114,0.0025060297921299934,0.09295160323381424,0.33570894598960876,-1.0826944069313087,1.289392719318623,-1.1409389734919564
0.002301945583894849,-0.0017032802570611238,-0.00679420679807663,-0.8530884981155396,0.26475101709365845,-0.0627320408821106,-0.47452473640441895,-0.12583382427692413,0.09201475977897644,0.007373015861958265,0.8954263925552368,0.49947431683540344,-1.4697098166475377,1.3605837273991632,-1.0259100485193509,0.0018880909774452448,-0.0006368195172399282,0.0035949372686445713,0.03572820499539375,-0.10468294471502304,0.01689719781279564,0.25121375918388367,0.09238335490226746,0.39386096596717834,0.004110231064260006,0.11189521104097366,0.47620323300361633,-0.16224060731630055,0.7418911501777412,-1.3590557159219543,0.00843910314142704,0.005915606860071421,-0.004837486892938614,-0.023995596915483475,-0.22516679763793945,-0.22408117353916168,0.06734485924243927,-0.5566977858543396,0.15712207555770874,0.011384821496903896,0.31857219338417053,0.5823530554771423,-0.12819390587908402,0.3855146972007731,0.15870596030643297,0.0017369091510772705,-0.0009236831101588905,0.0007292360533028841,0.01579766348004341,-0.08779377490282059,-0.008748186752200127,0.02172788977622986,-0.07657305151224136,0.34152114391326904,0.0020980536937713623,0.08963171392679214,0.35067397356033325,-1.0826944069313087,1.289392719318623,-1.1409389734919564
0.0021537551656365395,-0.0015222887741401792,-0.006808878853917122,-0.8560270667076111,0.2586267590522766,-0.061895012855529785,-0.47118303179740906,-0.12516281008720398,0.09014616906642914,0.00730183906853199,0.8963822722434998,0.49578776955604553,-1.4697098166475377,1.3605837273991632,-1.0259100485193509,0.001705658040009439,-0.0005409058649092913,0.0033438256941735744,0.012917503714561462,-0.09405240416526794,0.021880432963371277,0.2600683867931366,0.09713472425937653,0.41502153873443604,0.003792495233938098,0.09742417186498642,0.4993131160736084,-0.16224060731630055,0.7418911501777412,-1.3590557159219543,0.008529821410775185,0.006235755048692226,-0.004762113094329834,-0.0571550652384758,-0.19756561517715454,-0.20775653421878815,0.06498865783214569,-0.5547051429748535,0.1590496301651001,0.011589660309255123,0.2923382520675659,0.5807048082351685,-0.12819390587908402,0.3855146972007731,0.15870596030643297,0.001507556764408946,-0.000694955640938133,0.0007348557119257748,0.015849290415644646,-0.0879526361823082,-0.009090345352888107,0.021349281072616577,-0.07218697667121887,0.35277658700942993,0.0018154073040932417,0.08983039855957031,0.36071881651878357,-1.0826944069313087,1.289392719318623,-1.1409389734919564
0.002095949137583375,-0.0014624822651967406,-0.006817876361310482,-0.8591278195381165,0.2528114914894104,-0.058512717485427856,-0.4613882005214691,-0.12279431521892548,0.08757679164409637,0.007281159982085228,0.8974619507789612,0.4854144752025604,-1.4697098166475377,1.3605837273991632,-1.0259100485193509,0.001587261096574366,-0.00045391079038381577,0.0032220855355262756,-0.00743681937456131,-0.0840856283903122,0.03489861637353897,0.2643512487411499,0.09991355240345001,0.4255959391593933,0.0036203961353749037,0.09134338051080704,0.5108778476715088,-0.16224060731630055,0.7418911501777412,-1.3590557159219543,0.008528478443622589,0.006423098500818014,-0.004662314895540476,-0.09320789575576782,-0.17596867680549622,-0.19123156368732452,0.062329959124326706,-0.5516393780708313,0.15851953625679016,0.011650249361991882,0.27608367800712585,0.5773382782936096,-0.12819390587908402,0.3855146972007731,0.15870596030643297,0.0013955137692391872,-0.0006030285730957985,0.0007513377349823713,0.016051501035690308,-0.08978445082902908,-0.009670702740550041,0.021945282816886902,-0.06971937417984009,0.35953545570373535,0.0016957625048235059,0.09171924740076065,0.3668898046016693,-1.0826944069313087,1.289392719318623,-1.1409389734919564
0.002137262374162674,-0.0015476129483431578,-0.006829484365880489,-0.8613938093185425,0.24880047142505646,-0.05511781573295593,-0.4424492120742798,-0.11804652959108353,0.08387413620948792,0.007321533747017384,0.8982977867126465,0.4655439555644989,-1.4697098166475377,1.3605837273991632,-1.0259100485193509,0.0015674816677346826,-0.00039027794264256954,0.003224198939278722,-0.02225136198103428,-0.07594416290521622,0.052457839250564575,0.26458626985549927,0.10239753127098083,0.4276184141635895,0.003606213256716728,0.094944529235363,0.5131750702857971,-0.16224060731630055,0.7418911501777412,-1.3590557159219543,0.008474672213196754,0.006471832748502493,-0.00455571711063385,-0.12664911150932312,-0.1631888598203659,-0.1753360778093338,0.05903630331158638,-0.5469319224357605,0.15482904016971588,0.011595656163990498,0.27094897627830505,0.5714821219444275,-0.12819390587908402,0.3855146972007731,0.15870596030643297,0.0014154711971059442,-0.0006643715314567089,0.0007752468809485435,0.01657533459365368,-0.09081565588712692,-0.01350686140358448,0.023213014006614685,-0.06860366463661194,0.3630865216255188,0.001745266723446548,0.0932987704873085,0.3702392876148224,-1.0826944069313087,1.289392719318623,-1.1409389734919564
0.002261412562802434,-0.0017617212142795324,-0.006838747300207615,-0.8620593547821045,0.24765720963478088,-0.0539860725402832,-0.4115220904350281,-0.11020075529813766,0.07855381071567535,0.007415262050926685,0.8985515832901001,0.4332035779953003,-1.4697098166475377,1.3605837273991632,-1.0259100485193509,0.0016507668187841773,-0.00034784781746566296,0.003339011687785387,-0.02856474556028843,-0.06940086930990219,0.06956406682729721,0.260982871055603,0.10635514557361603,0.4225116968154907,0.0037409928627312183,0.1023307591676712,0.50787752866745,-0.16224060731630055,0.7418911501777412,-1.3590557159219543,0.00839590560644865,0.006390023045241833,-0.004450960550457239,-0.15089477598667145,-0.16038022935390472,-0.15927067399024963,0.05471876636147499,-0.5399604439735413,0.14729197323322296,0.01145140454173088,0.2717686593532562,0.5623578429222107,-0.12819390587908402,0.3855146972007731,0.15870596030643297,0.0015554683050140738,-0.0008455872302874923,0.0008117501856759191,0.017548132687807083,-0.089537113904953,-0.02263675443828106,0.024775326251983643,-0.06839064508676529,0.36440223455429077,0.001947675016708672,0.09400667250156403,0.3715912997722626,-1.0826944069313087,1.289392719318623,-1.1409389734919564
0.002430712804198265,-0.0020519804675132036,-0.0068316408433020115,-0.8607754707336426,0.24982643127441406,-0.056308627128601074,-0.3660406470298767,-0.09860917180776596,0.07116280496120453,0.0075359339825809,0.8980636596679688,0.3857119083404541,-1.4697098166475377,1.3605837273991632,-1.0259100485193509,0.0018143486231565475,-0.000316753052175045,0.003548006061464548,-0.025685008615255356,-0.0634503960609436,0.08152149617671967,0.2534283995628357,0.11357435584068298,0.4110291004180908,0.003997566644102335,0.1064491719007492,0.49605444073677063,-0.16224060731630055,0.7418911501777412,-1.3590557159219543,0.008301321417093277,0.006192980334162712,-0.004358506761491299,-0.16213855147361755,-0.16688382625579834,-0.14241206645965576,0.04900577291846275,-0.5301547646522522,0.1353239119052887,0.011236615478992462,0.27280086278915405,0.5493434071540833,-0.12819390587908402,0.3855146972007731,0.15870596030643297,0.0017707006772980094,-0.00108672387432307,0.0008711923146620393,0.018963774666190147,-0.08539588749408722,-0.03735525906085968,0.026158109307289124,-0.06877697259187698,0.36405324935913086,0.0022528483532369137,0.09511832892894745,0.37141525745391846,-1.0826944069313087,1.289392719318623,-1.1409389734919564
0.002597527578473091,-0.002348286798223853,-0.006794598884880543,-0.857566773891449,0.25524160265922546,-0.06213867664337158,-0.30439817905426025,-0.08286800980567932,0.061396874487400055,0.0076438323594629765,0.8969003558158875,0.32139530777931213,-1.4697098166475377,1.3605837273991632,-1.0259100485193509,0.0020224309992045164,-0.0002955439267680049,0.0038250326178967953,-0.016116589307785034,-0.057262830436229706,0.08585153520107269,0.24156570434570312,0.12576007843017578,0.39335450530052185,0.004336870741099119,0.10444740951061249,0.47843217849731445,-0.16224060731630055,0.7418911501777412,-1.3590557159219543,0.00819251500070095,0.005903850309550762,-0.004297928884625435,-0.16157115995883942,-0.17989219725131989,-0.12557342648506165,0.041638441383838654,-0.5171506404876709,0.11860804259777069,0.010974741540849209,0.2724612355232239,0.5322089791297913,-0.12819390587908402,0.3855146972007731,0.15870596030643297,0.0019943309016525745,-0.0013261177809908986,0.0009634086163714528,0.020624905824661255,-0.07818451523780823,-0.05610330402851105,0.02676212787628174,-0.06961288303136826,0.36217445135116577,0.002581491833552718,0.09841639548540115,0.36977359652519226,-1.0826944069313087,1.289392719318623,-1.1409389734919564
0.0027162390761077404,-0.002588306786492467,-0.006725604645907879,-0.8527864813804626,0.26340577006340027,-0.07044988870620728,-0.22692662477493286,-0.06306684762239456,0.04926034063100815,0.007701366674154997,0.8953158855438232,0.2406235635280609,-1.4697098166475377,1.3605837273991632,-1.0259100485193509,0.002234239596873522,-0.0002928513567894697,0.004142365418374538,-0.004227898083627224,-0.05085131153464317,0.08267655968666077,0.22495684027671814,0.14436322450637817,0.3693434000015259,0.004715588875114918,0.09715525805950165,0.4559175968170166,-0.16224060731630055,0.7418911501777412,-1.3590557159219543,0.008071609772741795,0.00555596174672246,-0.004287866875529289,-0.15393690764904022,-0.19515733420848846,-0.11075424402952194,0.03259410709142685,-0.501001238822937,0.09735148400068283,0.01069604605436325,0.27212029695510864,0.511411726474762,-0.12819390587908402,0.3855146972007731,0.15870596030643297,0.0021641580387949944,-0.0015160400653257966,0.0010877377353608608,0.022175204008817673,-0.06795734912157059,-0.07579684257507324,0.025840148329734802,-0.07089554518461227,0.3584710359573364,0.002857469255104661,0.10418782383203506,0.3663268983364105,-1.0826944069313087,1.289392719318623,-1.1409389734919564
0.0027537476271390915,-0.0027340538799762726,-0.0066381050273776054,-0.8472109436988831,0.27316048741340637,-0.07924562692642212,-0.1371975541114807,-0.04012081027030945,0.03527247905731201,0.0076891230419278145,0.8936794400215149,0.1472311019897461,-1.4697098166475377,1.3605837273991632,-1.0259100485193509,0.002410867717117071,-0.00031155324541032314,0.004473930224776268,0.006334868259727955,-0.04515581578016281,0.07375101745128632,0.2033385932445526,0.17030765116214752,0.3388984799385071,0.005091699305921793,0.08670865744352341,0.43035271763801575,-0.16224060731630055,0.7418911501777412,-1.3590557159219543,0.007942654192447662,0.005189170129597187,-0.004328655079007149,-0.14381729066371918,-0.20890174806118011,-0.10017845779657364,0.022242512553930283,-0.48245149850845337,0.07263699173927307,0.010428350418806076,0.2726885974407196,0.48839566111564636,-0.12819390587908402,0.3855146972007731,0.15870596030643297,0.0022475351579487324,-0.0016247802414000034,0.0012270661536604166,0.023253336548805237,-0.0556749552488327,-0.0927395299077034,0.02249211072921753,-0.07275143265724182,0.352261483669281,0.0030326582491397858,0.11063922941684723,0.36039814352989197,-1.0826944069313087,1.289392719318623,-1.1409389734919564
0.0026985271833837032,-0.002772536361590028,-0.006554191932082176,-0.841977596282959,0.28266018629074097,-0.08617237210273743,-0.042671822011470795,-0.01593681238591671,0.02057015523314476,0.007610941771417856,0.8923276662826538,0.04997997358441353,-1.4697098166475377,1.3605837273991632,-1.0259100485193509,0.0025255740620195866,-0.00034076860174536705,0.004789216909557581,0.014382838271558285,-0.041791580617427826,0.0616757795214653,0.17697674036026,0.20358659327030182,0.3024786412715912,0.005425056908279657,0.07587689906358719,0.40529200434684753,-0.16224060731630055,0.7418911501777412,-1.3590557159219543,0.007816463708877563,0.004845124203711748,-0.004400231875479221,-0.13313153386116028,-0.21947863698005676,-0.09580808132886887,0.011422976851463318,-0.4630754590034485,0.04660023748874664,0.010194821283221245,0.2739964723587036,0.46555444598197937,-0.12819390587908402,0.3855146972007731,0.15870596030643297,0.0022423823829740286,-0.0016319112619385123,0.0013539473293349147,0.023670688271522522,-0.0437280610203743,-0.10381537675857544,0.01569397747516632,-0.07540784776210785,0.3425629138946533,0.0030861927662044764,0.11510898172855377,0.351115345954895,-1.0826944069313087,1.289392719318623,-1.1409389734919564
0.002564398106187582,-0.002707042498514056,-0.00649653747677803,-0.8381509780883789,0.290071040391922,-0.08944189548492432,0.04728689789772034,0.007093776483088732,0.006596656516194344,0.007490608375519514,0.8914247751235962,0.048268917948007584,-1.4697098166475377,1.3605837273991632,-1.0259100485193509,0.002568887546658516,-0.000365501269698143,0.005047769285738468,0.02091197483241558,-0.04263985902070999,0.049664076417684555,0.1471206098794937,0.24271412193775177,0.2617383897304535,0.00567562784999609,0.06871672719717026,0.38608497381210327,-0.16224060731630055,0.7418911501777412,-1.3590557159219543,0.007716853637248278,0.004565481096506119,-0.004477907903492451,-0.12158597260713577,-0.2275732159614563,-0.09937836974859238,0.0012133494019508362,-0.44486650824546814,0.021885551512241364,0.010022230446338654,0.27649372816085815,0.4454061985015869,-0.12819390587908402,0.3855146972007731,0.15870596030643297,0.0021612942218780518,-0.0015322404215112329,0.0014385799877345562,0.023459341377019882,-0.03529799357056618,-0.1073007732629776,0.004379779100418091,-0.07915124297142029,0.32823288440704346,0.0030147081706672907,0.11536786705255508,0.33766984939575195,-1.0826944069313087,1.289392719318623,-1.1409389734919564
0.002387890126556158,-0.002553809667006135,-0.00648647453635931,-0.8362876176834106,0.2943424880504608,-0.08847188949584961,0.12522059679031372,0.027067463845014572,-0.005495034158229828,0.007368739228695631,0.8909779787063599,0.12823042273521423,-1.4697098166475377,1.3605837273991632,-1.0259100485193509,0.002545105293393135,-0.00037769414484500885,0.005205444060266018,0.027529682964086533,-0.04926489666104317,0.04110689088702202,0.1162378191947937,0.28445398807525635,0.2198735475540161,0.0058066220954060555,0.06981898099184036,0.377848744392395,-0.16224060731630055,0.7418911501777412,-1.3590557159219543,0.007678268477320671,0.0043889377266168594,-0.0045502763241529465,-0.10856667160987854,-0.23478379845619202,-0.11219140142202377,-0.007514109835028648,-0.42944735288619995,0.0006026327610015869,0.009946034289896488,0.28195223212242126,0.42951348423957825,-0.12819390587908402,0.3855146972007731,0.15870596030643297,0.002026144415140152,-0.0013440754264593124,0.0014519754331558943,0.022757824510335922,-0.03280079737305641,-0.10286395251750946,-0.01240377128124237,-0.0842679813504219,0.3081868886947632,0.0028319661505520344,0.11033949255943298,0.3197406828403473,-1.0826944069313087,1.289392719318623,-1.1409389734919564
0.002218185691162944,-0.0023435649927705526,-0.006539781577885151,-0.8363726139068604,0.2953466773033142,-0.08388075232505798,0.18755869567394257,0.04307400435209274,-0.015153869986534119,0.007292557042092085,0.8909460306167603,0.1930369734764099,-1.4697098166475377,1.3605837273991632,-1.0259100485193509,0.0024675633758306503,-0.0003792962525039911,0.005229459144175053,0.03501799702644348,-0.0623089075088501,0.038788337260484695,0.08738044649362564,0.3246975839138031,0.1808205246925354,0.005794823169708252,0.08132155239582062,0.38178518414497375,-0.16224060731630055,0.7418911501777412,-1.3590557159219543,0.007732827216386795,0.004341463092714548,-0.004624168388545513,-0.09424696862697601,-0.24218584597110748,-0.13451041281223297,-0.014327146112918854,-0.4176524579524994,-0.016217337921261787,0.010001392103731632,0.29262521862983704,0.4182126820087433,-0.12819390587908402,0.3855146972007731,0.15870596030643297,0.0018717303173616529,-0.0011028175940737128,0.0013750301441177726,0.021658912301063538,-0.036672431975603104,-0.09102518856525421,-0.035247333347797394,-0.09096211194992065,0.2817128598690033,0.002571048215031624,0.1004965752363205,0.29812517762184143,-1.0826944069313087,1.289392719318623,-1.1409389734919564
0.0020923952106386423,-0.0021148594096302986,-0.006657607853412628,-0.838079571723938,0.2935306429862976,-0.07619717717170715,0.23391759395599365,0.055108483880758286,-0.022552698850631714,0.0072920843958854675,0.8912596106529236,0.2413773238658905,-1.473835585466283,1.3607114483508616,-1.0304834871464728,0.0023589138872921467,-0.00038103177212178707,0.005109863821417093,0.042769383639097214,-0.08115243166685104,0.0441221222281456,0.06291957199573517,0.3600921928882599,0.14776156842708588,0.005640954710543156,0.10179242491722107,0.3942825496196747,-0.16177028198298904,0.7422548903910885,-1.3586608758669934,0.007888725027441978,0.004428294021636248,-0.004722585901618004,-0.07980027794837952,-0.25037506222724915,-0.1652551144361496,-0.019132403656840324,-0.40963155031204224,-0.028713952749967575,0.01020512543618679,0.31042715907096863,0.4110821783542633,-0.12779635748435286,0.3870854887254463,0.1592826365182087,0.0017357426695525646,-0.0008424781262874603,0.001211756025440991,0.02018143981695175,-0.04533783346414566,-0.07293520867824554,-0.06401783972978592,-0.09924495220184326,0.24890288710594177,0.0022783600725233555,0.08821765333414078,0.27550044655799866,-1.0826944069313087,1.289392719318623,-1.1409389734919564
0.002040665131062269,-0.0019056277815252542,-0.006815441884100437,-0.8400410413742065,0.2912273705005646,-0.06866857409477234,0.2659406065940857,0.0634172335267067,-0.027521982789039612,0.007365187164396048,0.8917385339736938,0.27477923035621643,-1.473835585466283,1.3607114483508616,-1.0304834871464728,0.0022417628206312656,-0.0003937722649425268,0.004867504350841045,0.04892170801758766,-0.10410387068986893,0.05690063163638115,0.04398588836193085,0.3890541195869446,0.12188597023487091,0.005373375024646521,0.12833017110824585,0.4100659191608429,-0.16177028198298904,0.7422548903910885,-1.3586608758669934,0.008158096112310886,0.00461020739749074,-0.00483805313706398,-0.06638795137405396,-0.26052233576774597,-0.20205937325954437,-0.02216978743672371,-0.4051617980003357,-0.03675267472863197,0.010545866563916206,0.33631420135498047,0.40742895007133484,-0.12779635748435286,0.3870854887254463,0.1592826365182087,0.0016382999019697309,-0.0005882996483705938,0.0009887376800179482,0.018365057185292244,-0.05614084005355835,-0.050601642578840256,-0.0973765105009079,-0.10879328101873398,0.21121254563331604,0.002001930493861437,0.0777791440486908,0.25676625967025757,-1.0826944069313087,1.289392719318623,-1.1409389734919564
0.002049811417236924,-0.0017388410633429885,-0.006988673470914364,-0.8410513401031494,0.2907254695892334,-0.062125056982040405,0.2860809564590454,0.06869401037693024,-0.03063197433948517,0.007487780414521694,0.8920471668243408,0.29580312967300415,-1.473835585466283,1.3607114483508616,-1.0304834871464728,0.002141851931810379,-0.0004348563961684704,0.004542927257716656,0.05144904553890228,-0.12917020916938782,0.07500942051410675,0.030547715723514557,0.41120800375938416,0.10324724018573761,0.005041311029344797,0.15798215568065643,0.4250708222389221,-0.16177028198298904,0.7422548903910885,-1.3586608758669934,0.008516428992152214,0.004844028502702713,-0.004980210214853287,-0.055701106786727905,-0.27319657802581787,-0.2421240657567978,-0.023676685988903046,-0.4037333130836487,-0.041313521564006805,0.010990753769874573,0.36927366256713867,0.4065316319465637,-0.12779635748435286,0.3870854887254463,0.1592826365182087,0.0015750059392303228,-0.0003658012137748301,0.0007400783360935748,0.016323454678058624,-0.06616317480802536,-0.02683081477880478,-0.13253869116306305,-0.11887890100479126,0.17174144089221954,0.0017782491631805897,0.07323874533176422,0.24737383425235748,-1.0826944069313087,1.289392719318623,-1.1409389734919564
0.0020943486597388983,-0.0016265114536508918,-0.007153740152716637,-0.8399075269699097,0.29426077008247375,-0.05797767639160156,0.2970314025878906,0.07161342352628708,-0.03230778127908707,0.007629405707120895,0.8918494582176208,0.3072457015514374,-1.473835585466283,1.3607114483508616,-1.0304834871464728,0.0020752009004354477,-0.0005194423720240593,0.004185480065643787,0.049175091087818146,-0.15455834567546844,0.09485039860010147,0.021870635449886322,0.42694878578186035,0.09094806015491486,0.0047004809603095055,0.18789111077785492,0.437075674533844,-0.16177028198298904,0.7422548903910885,-1.3586608758669934,0.008939361199736595,0.005082981660962105,-0.0051434957422316074,-0.04842977598309517,-0.2875664532184601,-0.2822311818599701,-0.023997163400053978,-0.40469813346862793,-0.04319754242897034,0.01149801816791296,0.40582549571990967,0.4077039062976837,-0.12779635748435286,0.3870854887254463,0.1592826365182087,0.0015314409974962473,-0.00020517485972959548,0.0004967359127476811,0.014185657724738121,-0.0724911317229271,-0.004557392559945583,-0.16601592302322388,-0.12857967615127563,0.13440626859664917,0.0016230079345405102,0.07400653511285782,0.24931718409061432,-1.0826944069313087,1.289392719318623,-1.1409389734919564
0.0021452996879816055,-0.0015729502774775028,-0.0072864508256316185,-0.8362485766410828,0.3024105429649353,-0.057016074657440186,0.30124008655548096,0.07277767360210419,-0.03293827921152115,0.007756858132779598,0.8910750150680542,0.31165221333503723,-1.473835585466283,1.3607114483508616,-1.0304834871464728,0.0020488975569605827,-0.0006530048558488488,0.003842573147267103,0.04242878034710884,-0.17857235670089722,0.11211583018302917,0.016800113022327423,0.4369242787361145,0.08362917602062225,0.004403381142765284,0.21507731080055237,0.44517290592193604,-0.16177028198298904,0.7422548903910885,-1.3586608758669934,0.009396419860422611,0.005291264969855547,-0.005309791769832373,-0.04404100775718689,-0.3016473650932312,-0.31867966055870056,-0.02349548041820526,-0.407297283411026,-0.043205492198467255,0.012020152993500233,0.4410073459148407,0.4102558195590973,-0.12779635748435286,0.3870854887254463,0.1592826365182087,0.00150210945867002,-0.0001273836096515879,0.00029053044272586703,0.012044738978147507,-0.07279099524021149,0.013955865055322647,-0.1950361281633377,-0.13718387484550476,0.102346271276474,0.0015352418413385749,0.07508908212184906,0.2594865560531616,-1.0826944069313087,1.289392719318623,-1.1409389734919564
0.0021836855448782444,-0.001574780442751944,-0.007357594557106495,-0.8306560516357422,0.313903272151947,-0.05930161476135254,0.3006526827812195,0.07264849543571472,-0.032836370170116425,0.007834705524146557,0.8899670839309692,0.31104353070259094,-1.473835585466283,1.3607114483508616,-1.0304834871464728,0.0020590010099112988,-0.0008227383950725198,0.0035579493269324303,0.032867759466171265,-0.19944146275520325,0.12290794402360916,0.013957172632217407,0.4416947364807129,0.079743891954422,0.004192301072180271,0.23656617105007172,0.44905248284339905,-0.16177028198298904,0.7422548903910885,-1.3586608758669934,0.009848689660429955,0.005443616770207882,-0.005445167422294617,-0.04132658988237381,-0.31360578536987305,-0.34756526350975037,-0.022545479238033295,-0.4106487035751343,-0.0420895479619503,0.012501179240643978,0.4699554145336151,0.41341525316238403,-0.12779635748435286,0.3870854887254463,0.1592826365182087,0.0014937208034098148,-0.00012753056944347918,0.00016109348507598042,0.009992517530918121,-0.06632878631353378,0.027461593970656395,-0.21828290820121765,-0.1443980634212494,0.07708816230297089,0.0015077854041010141,0.07248101383447647,0.27283841371536255,-1.0826944069313087,1.289392719318623,-1.1409389734919564
0.0022038789466023445,-0.001618727808818221,-0.007340539246797562,-0.8242700099945068,0.32635360956192017,-0.06453227996826172,0.2966030538082123,0.07151740789413452,-0.03222251683473587,0.007833318784832954,0.8888713121414185,0.3068002760410309,-1.473835585466283,1.3607114483508616,-1.0304834871464728,0.0020843329839408398,-0.001001977827399969,0.0033665301743894815,0.022280806675553322,-0.21546567976474762,0.1246090829372406,0.011860370635986328,0.4415166974067688,0.07772944867610931,0.004084351938217878,0.24989861249923706,0.4484635293483734,-0.16177028198298904,0.7422548903910885,-1.3586608758669934,0.01024955790489912,0.0055276937782764435,-0.005516440607607365,-0.039175406098365784,-0.3215259909629822,-0.36565881967544556,-0.02153727598488331,-0.413701593875885,-0.040545180439949036,0.012885648757219315,0.48848751187324524,0.41624125838279724,-0.12779635748435286,0.3870854887254463,0.1592826365182087,0.0015114338602870703,-0.00017863349057734013,0.0001470175920985639,0.008177964948117733,-0.054167490452528,0.03555753827095032,-0.23559218645095825,-0.15033870935440063,0.05886422097682953,0.001529037719592452,0.06530953198671341,0.2856053113937378,-1.083157656121956,1.2896186019939926,-1.141702341257391
0.002206691773608327,-0.0016839754534885287,-0.007228583097457886,-0.8183746933937073,0.3371151089668274,-0.07221364974975586,0.28981131315231323,0.06950567662715912,-0.031224332749843597,0.007743234280496836,0.8880307078361511,0.2996608018875122,-1.473835585466283,1.3607114483508616,-1.0304834871464728,0.002091050613671541,-0.0011680311290547252,0.0032832613214850426,0.01098607573658228,-0.22523616254329681,0.11626030504703522,0.009001627564430237,0.4362385869026184,0.0761057585477829,0.004064061213284731,0.25370943546295166,0.44291895627975464,-0.16177028198298904,0.7422548903910885,-1.3586608758669934,0.01055204402655363,0.005549942143261433,-0.005514627788215876,-0.03697962313890457,-0.3217257559299469,-0.3713165819644928,-0.020893163979053497,-0.415176659822464,-0.039227381348609924,0.01313615683466196,0.4926976263523102,0.4175487756729126,-0.12779635748435286,0.3870854887254463,0.1592826365182087,0.0015459205023944378,-0.00025336904218420386,0.000263072841335088,0.006660212762653828,-0.038194816559553146,0.03848351910710335,-0.24769484996795654,-0.15510329604148865,0.046932123601436615,0.0015884814783930779,0.0546276830136776,0.2959938943386078,-1.083157656121956,1.2896186019939926,-1.141702341257391
0.002193368971347809,-0.001747493864968419,-0.007049101404845715,-0.8140809535980225,0.34410610795021057,-0.0811101496219635,0.28046196699142456,0.0665866807103157,-0.029888413846492767,0.007586463820189238,0.8875334858894348,0.2898034155368805,-1.473835585466283,1.3607114483508616,-1.0304834871464728,0.0020523257553577423,-0.0013114153407514095,0.003295397851616144,-0.002151127904653549,-0.22775761783123016,0.09851484000682831,0.003906458616256714,0.42530620098114014,0.07353350520133972,0.004097742959856987,0.24815990030765533,0.431633859872818,-0.16177028198298904,0.7422548903910885,-1.3586608758669934,0.010719719342887402,0.005536162294447422,-0.005457318387925625,-0.03467998653650284,-0.3089655935764313,-0.364633709192276,-0.021084550768136978,-0.41351473331451416,-0.03877644240856171,0.013241744600236416,0.47918701171875,0.41586369276046753,-0.12779635748435286,0.3870854887254463,0.1592826365182087,0.0015806391602382064,-0.00033254321897402406,0.00047816679580137134,0.005509070120751858,-0.02025340124964714,0.03701743483543396,-0.2554880678653717,-0.1590537428855896,0.04028182476758957,0.0016845321515575051,0.04255397245287895,0.3036360740661621,-1.083157656121956,1.2896186019939926,-1.141702341257391
0.00216554943472147,-0.001790208974853158,-0.006857302505522966,-0.8121707439422607,0.3462754487991333,-0.08873754739761353,0.26834583282470703,0.06262895464897156,-0.0282009094953537,0.007410604041069746,0.8873569369316101,0.2769967019557953,-1.473835585466283,1.3607114483508616,-1.0304834871464728,0.001960641471669078,-0.001424616202712059,0.0033702366054058075,-0.017549362033605576,-0.2224690169095993,0.07352298498153687,-0.004789873957633972,0.40788066387176514,0.06886288523674011,0.004151161294430494,0.23495973646640778,0.41368064284324646,-0.16177028198298904,0.7422548903910885,-1.3586608758669934,0.010737539269030094,0.005521058104932308,-0.005372552201151848,-0.032664183527231216,-0.27970972657203674,-0.3465999960899353,-0.022640543058514595,-0.4068624675273895,-0.039839036762714386,0.013215187005698681,0.4465826153755188,0.4094347655773163,-0.12779635748435286,0.3870854887254463,0.1592826365182087,0.0016094937454909086,-0.00040282937698066235,0.0007265305612236261,0.004720558412373066,-0.002223184099420905,0.032380979508161545,-0.2600097954273224,-0.16244210302829742,0.03769516944885254,0.0018112394027411938,0.03279868885874748,0.3088906705379486,-1.083157656121956,1.2896186019939926,-1.141702341257391
0.002126997336745262,-0.0018039356218650937,-0.006709312088787556,-0.8130232691764832,0.3435670733451843,-0.09212663769721985,0.25305986404418945,0.05745929479598999,-0.026115894317626953,0.007265890948474407,0.8874303102493286,0.26081201434135437,-1.473835585466283,1.3607114483508616,-1.0304834871464728,0.001826839055866003,-0.0014906070427969098,0.0034751940984278917,-0.03318609297275543,-0.20923247933387756,0.04481450468301773,-0.018220067024230957,0.3830781579017639,0.06120002269744873,0.004199550487101078,0.21653610467910767,0.3883635997772217,-0.16177028198298904,0.7422548903910885,-1.3586608758669934,0.010616080835461617,0.005528206471353769,-0.005285426042973995,-0.03154604136943817,-0.23496098816394806,-0.31822165846824646,-0.02613835036754608,-0.3931269347667694,-0.04307094216346741,0.01308426447212696,0.39682093262672424,0.3963421583175659,-0.12779635748435286,0.3870854887254463,0.1592826365182087,0.0016409950330853462,-0.00045053267967887223,0.0009401187999173999,0.0043268343433737755,0.013578150421380997,0.025762826204299927,-0.2622014880180359,-0.16539092361927032,0.037949204444885254,0.0019441366894170642,0.029441652819514275,0.3123202323913574,-1.083157656121956,1.2896186019939926,-1.141702341257391
0.00208429922349751,-0.0017920306418091059,-0.006635570432990789,-0.8164680600166321,0.3367076516151428,-0.08988091349601746,0.23426783084869385,0.05094820633530617,-0.023591533303260803,0.007182372268289328,0.8877334594726562,0.24090184271335602,-1.473835585466283,1.3607114483508616,-1.0304834871464728,0.0016778991557657719,-0.0014892446342855692,0.0035854638554155827,-0.04524178057909012,-0.18854153156280518,0.01654757559299469,-0.037088893353939056,0.3503483235836029,0.050015538930892944,0.0042295088060200214,0.19459843635559082,0.3558385670185089,-0.16177028198298904,0.7422548903910885,-1.3586608758669934,0.010391157120466232,0.005557218566536903,-0.005215326324105263,-0.031519535928964615,-0.17881453037261963,-0.2805163264274597,-0.03216419368982315,-0.3701384663581848,-0.04910760372877121,0.012886366806924343,0.334151953458786,0.37476468086242676,-0.12779635748435286,0.3870854887254463,0.1592826365182087,0.0016843680059537292,-0.00045921053970232606,0.0010764383478090167,0.004448474384844303,0.024543404579162598,0.017776286229491234,-0.2628023326396942,-0.16782033443450928,0.039883553981781006,0.002051021670922637,0.030629461631178856,0.3143555819988251,-1.083157656121956,1.2896186019939926,-1.141702341257391
0.0020467122085392475,-0.0017622533487156034,-0.006634285673499107,-0.8217395544052124,0.32695528864860535,-0.08353975415229797,0.2120274007320404,0.043120868504047394,-0.020634829998016357,0.007162982132285833,0.8883324265480042,0.21734954416751862,-1.473835585466283,1.3607114483508616,-1.0304834871464728,0.0015465267933905125,-0.0014158566482365131,0.0036735436879098415,-0.05018486827611923,-0.16192442178726196,-0.007864519953727722,-0.061381541192531586,0.3100046217441559,0.03531181812286377,0.004229812882840633,0.16970530152320862,0.3179897367954254,-0.16177028198298904,0.7422548903910885,-1.3586608758669934,0.01012155320495367,0.00559969199821353,-0.005179474130272865,-0.031546350568532944,-0.1144670695066452,-0.23503117263317108,-0.04123316705226898,-0.33596423268318176,-0.05848904699087143,0.012673962861299515,0.2633202075958252,0.3435012400150299,-0.12779635748435286,0.3870854887254463,0.1592826365182087,0.001736234175041318,-0.00041766377398744226,0.0011246663052588701,0.005264478735625744,0.028326958417892456,0.0083689633756876,-0.262295126914978,-0.16938656568527222,0.04240752011537552,0.0021104090847074986,0.03000284731388092,0.3151014745235443,-1.083157656121956,1.2896186019939926,-1.141702341257391
0.0020253995899111032,-0.0017247921787202358,-0.006688380613923073,-0.8276848793029785,0.31603288650512695,-0.0760890543460846,0.18718713521957397,0.0342944860458374,-0.01735471934080124,0.007198026869446039,0.8892291784286499,0.19109243154525757,-1.473835585466283,1.3607114483508616,-1.0304834871464728,0.0014498591190204024,-0.0012955231359228492,0.0037033201660960913,-0.046806540340185165,-0.13171570003032684,-0.02689388394355774,-0.08996446430683136,0.26391369104385376,0.017860107123851776,0.004182708449661732,0.14234872162342072,0.2793976068496704,-0.16177028198298904,0.7422548903910885,-1.3586608758669934,0.009874042123556137,0.0056752837263047695,-0.005196095444262028,-0.029258228838443756,-0.04367264360189438,-0.18446184694766998,-0.05365623161196709,-0.2894153296947479,-0.07152639329433441,0.012518185190856457,0.19180592894554138,0.30291295051574707,-0.12779635748435286,0.3870854887254463,0.1592826365182087,0.001783485640771687,-0.00033612572588026524,0.0010923948138952255,0.006911538541316986,0.02375027909874916,-0.0028848322108387947,-0.26088830828666687,-0.16943392157554626,0.04447072744369507,0.0021182841155678034,0.024903159588575363,0.31424227356910706,-1.083157656121956,1.2896186019939926,-1.141702341257391
0.002031495328992605,-0.0016940735513344407,-0.006785759702324867,-0.8330990076065063,0.3060673773288727,-0.06937950849533081,0.16159674525260925,0.025149814784526825,-0.013990648090839386,0.007283089682459831,0.8902497887611389,0.16413944959640503,-1.473835585466283,1.3607114483508616,-1.0304834871464728,0.0013818182051181793,-0.0011755804298445582,0.0036375424824655056,-0.03686801344156265,-0.09986834228038788,-0.0411379411816597,-0.12039481848478317,0.2158510386943817,-0.0006950907409191132,0.004064864944666624,0.11412829160690308,0.2471579760313034,-0.16177028198298904,0.7422548903910885,-1.3586608758669934,0.009701324626803398,0.005835347343236208,-0.005282249301671982,-0.021627552807331085,0.030438538640737534,-0.13234668970108032,-0.06934502720832825,-0.23078198730945587,-0.0881001204252243,0.012492763809859753,0.13751327991485596,0.25657492876052856,-0.12779635748435286,0.3870854887254463,0.1592826365182087,0.0018173831049352884,-0.0002438901283312589,0.000987872015684843,0.009366078302264214,0.01213915180414915,-0.01661655493080616,-0.2585248053073883,-0.16696888208389282,0.04502056539058685,0.0020828477572649717,0.022609563544392586,0.31103140115737915,-1.083157656121956,1.2896186019939926,-1.141702341257391
0.002070391084998846,-0.0016811334062367678,-0.006921528838574886,-0.8369258642196655,0.2991727590560913,-0.06405717134475708,0.13760876655578613,0.01654765196144581,-0.010847259312868118,0.007417566142976284,0.8910962343215942,0.13902395963668823,-1.473835585466283,1.3607114483508616,-1.0304834871464728,0.0013299365527927876,-0.0010985472472384572,0.0034541741479188204,-0.02374284155666828,-0.06694282591342926,-0.05251424014568329,-0.1495872586965561,0.17052361369132996,-0.01827726699411869,0.003860939759761095,0.08833351731300354,0.22757132351398468,-0.16177028198298904,0.7422548903910885,-1.3586608758669934,0.00962915550917387,0.006113533396273851,-0.005442709196358919,-0.0061785634607076645,0.10300307720899582,-0.0812130868434906,-0.08755001425743103,-0.1628160923719406,-0.10738541185855865,0.012637998908758163,0.13131402432918549,0.2137889415025711,-0.12779635748435286,0.3870854887254463,0.1592826365182087,0.001839234959334135,-0.00016425520880147815,0.0008161101141013205,0.012378951534628868,-0.0021057669073343277,-0.033463262021541595,-0.25491204857826233,-0.16066937148571014,0.04297003895044327,0.0020188612397760153,0.03574160858988762,0.3043701946735382,-1.083157656121956,1.2896186019939926,-1.141702341257391
0.0021346958819776773,-0.0016845767386257648,-0.00708733219653368,-0.8382264375686646,0.297089546918869,-0.06123211979866028,0.11708800494670868,0.009168477728962898,-0.008164443075656891,0.007591113448143005,0.8914231061935425,0.11772986501455307,-1.473835585466283,1.3607114483508616,-1.0304834871464728,0.0012900404399260879,-0.0010771737433969975,0.0031632508616894484,-0.01080344058573246,-0.032354939728975296,-0.06316276639699936,-0.17507120966911316,0.13166791200637817,-0.03319712355732918,0.0035819916520267725,0.07178503274917603,0.2215590476989746,-0.16177028198298904,0.7422548903910885,-1.3586608758669934,0.009653997607529163,0.006486922036856413,-0.00565352151170373,0.0175012219697237,0.16936007142066956,-0.03175654634833336,-0.10673025995492935,-0.09122057259082794,-0.12771713733673096,0.01293221302330494,0.1731981635093689,0.1898004412651062,-0.12779635748435286,0.3870854887254463,0.1592826365182087,0.0018531791865825653,-9.76098672254011e-05,0.0005905566504225135,0.0155040193349123,-0.012889358215034008,-0.05344071984291077,-0.24957525730133057,-0.14895103871822357,0.037197306752204895,0.001947449054569006,0.05711760371923447,0.29301512241363525,-1.083157656121956,1.2896186019939926,-1.141702341257391
0.0022057676687836647,-0.0016908732941374183,-0.007263124920427799,-0.8361701965332031,0.3010862171649933,-0.0629456639289856,0.10089480876922607,0.0033242306672036648,-0.006049077957868576,0.007776724640280008,0.8909521102905273,0.10113063454627991,-1.473835585466283,1.3607114483508616,-1.0304834871464728,0.0012621378991752863,-0.001088146585971117,0.002807543845847249,-0.0009847655892372131,0.0042844731360673904,-0.07469871640205383,-0.19564491510391235,0.10105684399604797,-0.04459153488278389,0.003264867002144456,0.07482796907424927,0.22467270493507385,-0.16177028198298904,0.7422548903910885,-1.3586608758669934,0.00975046493113041,0.006890888325870037,-0.0058579640462994576,0.04705144092440605,0.22570885717868805,0.015562636777758598,-0.12496012449264526,-0.023141425102949142,-0.14702674746513367,0.013299310579895973,0.23108553886413574,0.19433842599391937,-0.12779635748435286,0.3870854887254463,0.1592826365182087,0.0018571236869320273,-2.59082589764148e-05,0.00034302525455132127,0.018220022320747375,-0.015033245086669922,-0.07533933222293854,-0.241938978433609,-0.1301172971725464,0.026601068675518036,0.0018887154292315245,0.07895557582378387,0.27599382400512695,-1.083157656121956,1.2896186019939926,-1.141702341257391
0.002262773225083947,-0.0016787756467238069,-0.007418140769004822,-0.8302112817764282,0.3118669092655182,-0.07103139162063599,0.08905893564224243,-0.000979654025286436,-0.0044978223741054535,0.007935190573334694,0.8896949887275696,0.08917781710624695,-1.473835585466283,1.3607114483508616,-1.0304834871464728,0.0012426566099748015,-0.0010897679021582007,0.002443034201860428,0.0033562667667865753,0.04202965646982193,-0.0875115916132927,-0.21119603514671326,0.07884416729211807,-0.05214245617389679,0.002949611283838749,0.09713926166296005,0.23138496279716492,-0.16113357994083105,0.7429170182327376,-1.3578414043035842,0.009881844744086266,0.007259703706949949,-0.005986464209854603,0.07808338850736618,0.26930010318756104,0.05918315798044205,-0.1407070904970169,0.03572215884923935,-0.16367529332637787,0.013645214959979057,0.2865697145462036,0.2187787890434265,-0.12779635748435286,0.3870854887254463,0.1592826365182087,0.0018392788479104638,7.091964653227478e-05,0.00011908897431567311,0.020076729357242584,-0.006211378611624241,-0.0967557281255722,-0.2314458191394806,-0.10262514650821686,0.010234519839286804,0.0018444941379129887,0.09901175647974014,0.2533847689628601,-1.083157656121956,1.2896186019939926,-1.141702341257391
0.0022888565436005592,-0.0016257446259260178,-0.007520879618823528,-0.8203786611557007,0.32936999201774597,-0.08547413349151611,0.08112192153930664,-0.003920658025890589,-0.003441818058490753,0.008027797564864159,0.8881506323814392,0.08128950744867325,-1.473835585466283,1.3607114483508616,-1.0304834871464728,0.001214202493429184,-0.001039393711835146,0.002127144020050764,0.0011525154113769531,0.07847065478563309,-0.10048134624958038,-0.22212675213813782,0.06413596868515015,-0.05653310567140579,0.0026607082691043615,0.12749694287776947,0.23801198601722717,-0.16113357994083105,0.7429170182327376,-1.3578414043035842,0.010002772323787212,0.007555434945970774,-0.005985485389828682,0.10579530894756317,0.29879510402679443,0.09690142422914505,-0.15323784947395325,0.0826236680150032,-0.17688940465450287,0.013891222886741161,0.3314529359340668,0.24819017946720123,-0.12779635748435286,0.3870854887254463,0.1592826365182087,0.0017879405058920383,0.00019830616656690836,-3.4060387406498194e-05,0.020771414041519165,0.012755420058965683,-0.11456452310085297,-0.21772420406341553,-0.06550009548664093,-0.012460753321647644,0.001799226738512516,0.11712891608476639,0.22770455479621887,-1.083157656121956,1.2896186019939926,-1.141702341257391
0.0022709527984261513,-0.0015182315837591887,-0.007552696391940117,-0.8075686693191528,0.3524564802646637,-0.1032206118106842,0.07639003545045853,-0.005780181847512722,-0.0028158314526081085,0.008031530305743217,0.8871567845344543,0.0766601413488388,-1.4761464647023155,1.3608180839243564,-1.0326567821724577,0.001159587292931974,-0.0009167262469418347,0.0019080210477113724,-0.007387334015220404,0.11125507950782776,-0.11119858175516129,-0.2292294055223465,0.05557756498456001,-0.05822885036468506,0.0024136225692927837,0.15747186541557312,0.24295181035995483,-0.16113357994083105,0.7429170182327376,-1.3578414043035842,0.01005988847464323,0.007762696128338575,-0.00583338038995862,0.12611761689186096,0.3136286437511444,0.12701043486595154,-0.16248667240142822,0.11727435886859894,-0.18662430346012115,0.013981742784380913,0.3611097037792206,0.27383172512054443,-0.12779635748435286,0.3870854887254463,0.1592826365182087,0.0017085836734622717,0.0003430649812798947,-7.854215800762177e-05,0.020177263766527176,0.03845955431461334,-0.12551742792129517,-0.20081424713134766,-0.018928127363324165,-0.04130232334136963,0.0017444542609155178,0.13281899690628052,0.20588956773281097,-1.083157656121956,1.2896186019939926,-1.141702341257391
0.0022189333103597164,-0.001364226220175624,-0.0075082494877278805,-0.7936553955078125,0.3779795467853546,-0.12064582109451294,0.07411889731884003,-0.006822237744927406,-0.0024383626878261566,0.007947237230837345,0.8873065114021301,0.07447213679552078,-1.4761464647023155,1.3608180839243564,-1.0326567821724577,0.0010697520337998867,-0.0007188896415755153,0.0018336817156523466,-0.020863257348537445,0.13871099054813385,-0.1164749339222908,-0.23331071436405182,0.05161236971616745,-0.058086834847927094,0.002241329988464713,0.1823250651359558,0.2459101527929306,-0.16113357994083105,0.7429170182327376,-1.3578414043035842,0.010003282688558102,0.007865075953304768,-0.0055410112254321575,0.13567587733268738,0.3133218586444855,0.14898698031902313,-0.16879110038280487,0.1408538520336151,-0.1932845413684845,0.01387904491275549,0.37252604961395264,0.29272711277008057,-0.12779635748435286,0.3870854887254463,0.1592826365182087,0.001627021236345172,0.0004811225226148963,3.7025893107056618e-06,0.01838429644703865,0.06551345437765121,-0.1269812136888504,-0.18145763874053955,0.03496073931455612,-0.0748886987566948,0.0016966704279184341,0.14406326413154602,0.19939269125461578,-1.083157656121956,1.2896186019939926,-1.141702341257391
0.0021438077092170715,-0.0011992250801995397,-0.007398255169391632,-0.7809584140777588,0.40213483572006226,-0.1330675184726715,0.07360740005970001,-0.007336602080613375,-0.0022440366446971893,0.007795398123562336,0.8884342908859253,0.07400615513324738,-1.4761464647023155,1.3608180839243564,-1.0326567821724577,0.0009565399959683418,-0.00046305765863507986,0.0019414908019825816,-0.037199877202510834,0.1595689058303833,-0.11301388591527939,-0.23506614565849304,0.05069471895694733,-0.057131096720695496,0.002213318133726716,0.19904322922229767,0.24716392159461975,-0.16113357994083105,0.7429170182327376,-1.3578414043035842,0.009805964305996895,0.007838647812604904,-0.005147158168256283,0.13170358538627625,0.2981262505054474,0.1633092164993286,-0.17269249260425568,0.15526458621025085,-0.19751384854316711,0.013568145222961903,0.3645476698875427,0.3048630952835083,-0.12779635748435286,0.3870854887254463,0.1592826365182087,0.0015776146901771426,0.0005833243485540152,0.00020492513431236148,0.01572418212890625,0.08754212409257889,-0.11778126657009125,-0.16124369204044342,0.09170153737068176,-0.11036179959774017,0.0016944408416748047,0.14759166538715363,0.21584352850914001,-1.083157656121956,1.2896186019939926,-1.141702341257391
0.0020674795377999544,-0.001075943000614643,-0.007239188998937607,-0.771797776222229,0.42055296897888184,-0.1379885971546173,0.07426251471042633,-0.007556058932095766,-0.0021455399692058563,0.007605128455907106,0.8897063732147217,0.0746767595410347,-1.4761464647023155,1.3608180839243564,-1.0326567821724577,0.0008503916906192899,-0.00018349592573940754,0.0022420103196054697,-0.0538070909678936,0.17224323749542236,-0.0987170934677124,-0.23498626053333282,0.05138997733592987,-0.056544940918684006,0.002404879778623581,0.20568908751010895,0.24709674715995789,-0.16113357994083105,0.7429170182327376,-1.3578414043035842,0.009475584141910076,0.00766373984515667,-0.004710673354566097,0.11304318904876709,0.27017417550086975,0.17070652544498444,-0.17479702830314636,0.162612646818161,-0.20004715025424957,0.01306560542434454,0.3389890193939209,0.3114734888076782,-0.12779635748435286,0.3870854887254463,0.1592826365182087,0.0015916457632556558,0.0006177350296638906,0.0004951580776832998,0.012710217386484146,0.09886179864406586,-0.0987529456615448,-0.14218688011169434,0.14568941295146942,-0.1441580355167389,0.0017776710446923971,0.1403116136789322,0.24944749474525452,-1.083157656121956,1.2896186019939926,-1.141702341257391
0.0020084900315850973,-0.0010438489262014627,-0.00705096498131752,-0.7680458426475525,0.4292468726634979,-0.1352098286151886,0.0756140947341919,-0.007657868787646294,-0.002076316624879837,0.007405387237668037,0.8901848196983337,0.07602924108505249,-1.4761464647023155,1.3608180839243564,-1.0326567821724577,0.0007867415552027524,7.804099004715681e-05,0.002708928193897009,-0.06770367175340652,0.17497816681861877,-0.07383138686418533,-0.23331432044506073,0.05240919440984726,-0.05767839029431343,0.002821939764544368,0.20162396132946014,0.2459859549999237,-0.16113357994083105,0.7429170182327376,-1.3578414043035842,0.009046603925526142,0.007351033389568329,-0.004291526973247528,0.08129078149795532,0.23331983387470245,0.17172929644584656,-0.175842747092247,0.16498059034347534,-0.20139582455158234,0.012421592138707638,0.3008941411972046,0.31416481733322144,-0.12680604279683277,0.38749921001181975,0.1603302496205709,0.0016880594193935394,0.0005559141864068806,0.0008300000336021185,0.009867634624242783,0.09628067910671234,-0.07242883741855621,-0.1259101778268814,0.19247043132781982,-0.17344272136688232,0.0019615008495748043,0.12088538706302643,0.28806355595588684,-1.083157656121956,1.2896186019939926,-1.141702341257391
0.001975888619199395,-0.0011344437953084707,-0.006854353006929159,-0.7706576585769653,0.4257873594760895,-0.12621358036994934,0.07730594277381897,-0.007757226936519146,-0.001993361860513687,0.007223105523735285,0.8894593715667725,0.07771973311901093,-1.4761464647023155,1.3608180839243564,-1.0326567821724577,0.0007894004229456186,0.0002831490710377693,0.00327762751840055,-0.07634646445512772,0.16691607236862183,-0.04080566018819809,-0.23004543781280518,0.05260801315307617,-0.06204647570848465,0.00338321877643466,0.18802887201309204,0.24400465190410614,-0.16113357994083105,0.7429170182327376,-1.3578414043035842,0.008594363927841187,0.006916077341884375,-0.003956453874707222,0.040939100086688995,0.1924469769001007,0.16581794619560242,-0.17602458596229553,0.16385242342948914,-0.20265862345695496,0.011719588190317154,0.25730806589126587,0.31448814272880554,-0.12680604279683277,0.38749921001181975,0.1603302496205709,0.001863849931396544,0.0003838922712020576,0.0011586950859054923,0.007558815181255341,0.0800488069653511,-0.04214559495449066,-0.11321573704481125,0.22993434965610504,-0.19685658812522888,0.002227977616712451,0.09078104794025421,0.3231719732284546,-1.083157656121956,1.2896186019939926,-1.141702341257391
0.0019730732310563326,-0.0013517719926312566,-0.006671356502920389,-0.779240608215332,0.4104495644569397,-0.11331814527511597,0.07907098531723022,-0.007903900928795338,-0.0018791258335113525,0.007087122183293104,0.8879897594451904,0.07948725670576096,-1.4761464647023155,1.3608180839243564,-1.0326567821724577,0.0008618751307949424,0.0004028627881780267,0.003854809096083045,-0.07879070937633514,0.14917688071727753,-0.003183465451002121,-0.22496189177036285,0.050977256149053574,-0.07128918915987015,0.003970475867390633,0.1687360405921936,0.24143049120903015,-0.16113357994083105,0.7429170182327376,-1.3578414043035842,0.008186649531126022,0.0064384848810732365,-0.003741731634363532,-0.0028776414692401886,0.15200047194957733,0.15336771309375763,-0.1759057641029358,0.16064423322677612,-0.20417329668998718,0.011066881939768791,0.21594925224781036,0.3137453496456146,-0.12680604279683277,0.38749921001181975,0.1603302496205709,0.0020917903166264296,0.0001101906382245943,0.0014345524832606316,0.005922714713960886,0.05356667563319206,-0.011298774741590023,-0.10414338856935501,0.25798365473747253,-0.21422626078128815,0.002538832137361169,0.05506477504968643,0.35113289952278137,-1.0814881946034856,1.2897204357771452,-1.1399887739891827
0.002001295331865549,-0.001666954718530178,-0.006527128629386425,-0.7920887470245361,0.38630783557891846,-0.09902632236480713,0.08069832623004913,-0.008079614490270615,-0.001743454486131668,0.007027612067759037,0.8868170976638794,0.08112052828073502,-1.4761464647023155,1.3608180839243564,-1.0326567821724577,0.0009938322473317385,0.00041942112147808075,0.00434475764632225,-0.07610144466161728,0.12521307170391083,0.03522001579403877,-0.21770480275154114,0.04664933681488037,-0.08706167340278625,0.004476665519177914,0.15069900453090668,0.2390633374452591,-0.16113357994083105,0.7429170182327376,-1.3578414043035842,0.007886332459747791,0.005995041225105524,-0.0036677245516330004,-0.04532651975750923,0.11652044206857681,0.13584016263484955,-0.17578785121440887,0.15631747245788574,-0.20635350048542023,0.010563473217189312,0.18461868166923523,0.3129189908504486,-0.12680604279683277,0.38749921001181975,0.1603302496205709,0.0023351209238171577,-0.00023418600903823972,0.0016197095392271876,0.004880741238594055,0.02234557829797268,0.01697319932281971,-0.0985286608338356,0.2774881422519684,-0.22623014450073242,0.0028515069279819727,0.028482206165790558,0.3713322579860687,-1.0814881946034856,1.2897204357771452,-1.1399887739891827
0.0020562931895256042,-0.0020256005227565765,-0.006445752456784248,-0.8067936897277832,0.35805851221084595,-0.0854806900024414,0.08199812471866608,-0.008195111528038979,-0.0016259178519248962,0.007062515709549189,0.8868082761764526,0.0824226662516594,-1.4761464647023155,1.3608180839243564,-1.0326567821724577,0.0011765587842091918,0.00032914220355451107,0.004684700630605221,-0.07058440148830414,0.10008388757705688,0.07050712406635284,-0.20788532495498657,0.03894195705652237,-0.1108211874961853,0.0048413886688649654,0.14131595194339752,0.238776296377182,-0.16113357994083105,0.7429170182327376,-1.3578414043035842,0.007728904485702515,0.00563345942646265,-0.0037275184877216816,-0.08226670324802399,0.09062103927135468,0.11644425988197327,-0.17586436867713928,0.15153539180755615,-0.20943683385849,0.01026480458676815,0.168935626745224,0.31265801191329956,-0.12680604279683277,0.38749921001181975,0.1603302496205709,0.0025612851604819298,-0.0006066017085686326,0.0016952026635408401,0.004273964092135429,-0.007330398075282574,0.040055789053440094,-0.09576791524887085,0.29005682468414307,-0.23379939794540405,0.003130792174488306,0.04094469174742699,0.38466426730155945,-1.0814881946034856,1.2897204357771452,-1.1399887739891827
0.00212390860542655,-0.002365607302635908,-0.006439932622015476,-0.8209710717201233,0.3304831385612488,-0.07433876395225525,0.08276914060115814,-0.008087394759058952,-0.001598261296749115,0.007181908935308456,0.8881097435951233,0.08317866921424866,-1.4761464647023155,1.3608180839243564,-1.0326567821724577,0.001411123899742961,0.00014515663497149944,0.004863841459155083,-0.06444315612316132,0.0787636935710907,0.09894441068172455,-0.19524237513542175,0.027456939220428467,-0.1434779167175293,0.005066487472504377,0.14193885028362274,0.2438429445028305,-0.16113357994083105,0.7429170182327376,-1.3578414043035842,0.007720138877630234,0.005354465451091528,-0.0038899602368474007,-0.11036839336156845,0.07824503630399704,0.0991964116692543,-0.17622095346450806,0.1467476636171341,-0.21343639492988586,0.010168708860874176,0.1677599400281906,0.3132791221141815,-0.12680604279683277,0.38749921001181975,0.1603302496205709,0.002748487051576376,-0.0009586001979187131,0.001661605085246265,0.003954069688916206,-0.030213534832000732,0.05571497604250908,-0.09522204101085663,0.2973652482032776,-0.23798984289169312,0.0033517200499773026,0.06350315362215042,0.39259710907936096,-1.0814881946034856,1.2897204357771452,-1.1399887739891827
0.0021800012327730656,-0.0026313713751733303,-0.006504024378955364,-0.832700252532959,0.30744725465774536,-0.06697589159011841,0.08277340978384018,-0.007519033271819353,-0.0017661191523075104,0.007347030099481344,0.8901681303977966,0.08313298225402832,-1.4761464647023155,1.3608180839243564,-1.0326567821724577,0.0017021425301209092,-0.00010585016570985317,0.004908761940896511,-0.05894705653190613,0.06440669298171997,0.11751765012741089,-0.1798531711101532,0.012247473001480103,-0.18488265573978424,0.0051965792663395405,0.14640142023563385,0.2582223117351532,-0.16113357994083105,0.7429170182327376,-1.3578414043035842,0.007842779159545898,0.005127924960106611,-0.00411403551697731,-0.12784640491008759,0.08134226500988007,0.08732548356056213,-0.17683319747447968,0.1422867625951767,-0.2180752158164978,0.010233771987259388,0.1748914122581482,0.3147575259208679,-0.12680604279683277,0.38749921001181975,0.1603302496205709,0.0028762968722730875,-0.001241397112607956,0.0015380840050056577,0.003874216228723526,-0.043631263077259064,0.0624622106552124,-0.09621383249759674,0.3009309768676758,-0.23978067934513092,0.0034899646416306496,0.07629039883613586,0.39662492275238037,-1.0814881946034856,1.2897204357771452,-1.1399887739891827
0.0021966893691569567,-0.0027802716940641403,-0.006616691127419472,-0.8406661748886108,0.29163673520088196,-0.06429651379585266,0.08172239363193512,-0.006182886194437742,-0.002268485724925995,0.007505728397518396,0.892135500907898,0.08198733627796173,-1.4761464647023155,1.3608180839243564,-1.0326567821724577,0.0020439152140170336,-0.0003921098541468382,0.004850441589951515,-0.05435667932033539,0.057595789432525635,0.12436774373054504,-0.16239988803863525,-0.0059394314885139465,-0.23313739895820618,0.005278079304844141,0.14744240045547485,0.28418663144111633,-0.16113357994083105,0.7429170182327376,-1.3578414043035842,0.008065039291977882,0.004927333910018206,-0.004362877458333969,-0.1345752775669098,0.09935013204813004,0.08237314224243164,-0.17755912244319916,0.1384657919406891,-0.22270467877388,0.01040952280163765,0.18645720183849335,0.3166976273059845,-0.12680604279683277,0.38749921001181975,0.1603302496205709,0.002920024562627077,-0.001413659192621708,0.001354013103991747,0.00402102991938591,-0.04774891212582588,0.06033529341220856,-0.09804673492908478,0.3019425868988037,-0.23997551202774048,0.0035154414363205433,0.07704852521419525,0.3979582190513611,-1.0814881946034856,1.2897204357771452,-1.1399887739891827
0.0021542785689234734,-0.002787490841001272,-0.006750930566340685,-0.8441431522369385,0.2846892774105072,-0.06631991267204285,0.07928001880645752,-0.00371745927259326,-0.0032726936042308807,0.007614859379827976,0.8933218717575073,0.07943457365036011,-1.4761464647023155,1.3608180839243564,-1.0326567821724577,0.0024083226453512907,-0.0006863221060484648,0.0047034271992743015,-0.0501156784594059,0.056646477431058884,0.1190478503704071,-0.14430609345436096,-0.02554646134376526,-0.2842520475387573,0.005328534636646509,0.1410418301820755,0.3198063373565674,-0.16113357994083105,0.7429170182327376,-1.3578414043035842,0.00834706611931324,0.004752799402922392,-0.00461175199598074,-0.13100488483905792,0.1298041045665741,0.08404049277305603,-0.178127720952034,0.1356695145368576,-0.22621318697929382,0.010655086487531662,0.20266768336296082,0.3182893395423889,-0.12680604279683277,0.38749921001181975,0.1603302496205709,0.0028598951175808907,-0.0014516294468194246,0.0011417058994993567,0.0043091122061014175,-0.04436581954360008,0.05109448730945587,-0.09999104589223862,0.3011719286441803,-0.23915588855743408,0.003404367947950959,0.06780517101287842,0.39736416935920715,-1.0814881946034856,1.2897204357771452,-1.1399887739891827
0.00205034576356411,-0.002651462098583579,-0.006883527152240276,-0.8429703712463379,0.2871927320957184,-0.07233753800392151,0.07508836686611176,0.0002610578667372465,-0.004962041974067688,0.007656181696802378,0.8934827446937561,0.07525259256362915,-1.4761464647023155,1.3608180839243564,-1.0326567821724577,0.0027437452226877213,-0.0009719857480376959,0.0044694459065794945,-0.04538033530116081,0.05852894484996796,0.10274580121040344,-0.1273629367351532,-0.04462766647338867,-0.33321693539619446,0.005333745386451483,0.12665587663650513,0.3595086634159088,-0.16113357994083105,0.7429170182327376,-1.3578414043035842,0.00864325650036335,0.004629606381058693,-0.0048497458919882774,-0.11794862896203995,0.16881638765335083,0.09019406139850616,-0.17812661826610565,0.1344311684370041,-0.22694000601768494,0.010938883759081364,0.2248239666223526,0.3182806968688965,-0.12680604279683277,0.38749921001181975,0.1603302496205709,0.002695143222808838,-0.0013550311559811234,0.0009333359776064754,0.004591931588947773,-0.03554364666342735,0.03734029829502106,-0.10125304758548737,0.2989446520805359,-0.2376711666584015,0.0031576924957334995,0.051756493747234344,0.39510461688041687,-1.0814881946034856,1.2897204357771452,-1.1399887739891827
0.0018967029172927141,-0.00239750649780035,-0.0069985100999474525,-0.8375710248947144,0.29847779870033264,-0.08146470785140991,0.06882321834564209,0.006102544255554676,-0.007512563839554787,0.007637058384716511,0.8928889632225037,0.06950046867132187,-1.4761464647023155,1.3608180839243564,-1.0326567821724577,0.0029898262582719326,-0.0012410543859004974,0.004154939670115709,-0.039804667234420776,0.06011778861284256,0.07815289497375488,-0.11300109326839447,-0.06163901090621948,-0.3760511875152588,0.005267143715173006,0.1063317209482193,0.3974708914756775,-0.16113357994083105,0.7429170182327376,-1.3578414043035842,0.008904130198061466,0.004592105746269226,-0.005071702878922224,-0.09750835597515106,0.21091604232788086,0.09719286859035492,-0.17699429392814636,0.13548600673675537,-0.22261866927146912,0.011229120194911957,0.25187280774116516,0.31502780318260193,-0.12680604279683277,0.38749921001181975,0.1603302496205709,0.0024512833915650845,-0.0011449430603533983,0.0007586810970678926,0.004763719160109758,-0.02321092039346695,0.021491069346666336,-0.10094228386878967,0.29515260457992554,-0.23565194010734558,0.00280985445715487,0.03198915347456932,0.3909427523612976,-1.0814881946034856,1.2897204357771452,-1.1399887739891827
0.001710732001811266,-0.0020754728466272354,-0.007085784804075956,-0.8289316296577454,0.31657668948173523,-0.09285345673561096,0.060286153107881546,0.014035068452358246,-0.01105543039739132,0.0075790854170918465,0.8921716213226318,0.06287786364555359,-1.4761464647023155,1.3608180839243564,-1.0326567821724577,0.0030994086991995573,-0.0014814091846346855,0.003783809021115303,-0.033692143857479095,0.059233635663986206,0.04871087893843651,-0.10190591216087341,-0.07584095001220703,-0.41085976362228394,0.005110588856041431,0.08376475423574448,0.4300493001937866,-0.16113357994083105,0.7429170182327376,-1.3578414043035842,0.009084377437829971,0.004667168948799372,-0.005265377461910248,-0.0724266916513443,0.2492821216583252,0.1008240282535553,-0.17402596771717072,0.1397896409034729,-0.2103852480649948,0.011490543372929096,0.2784828245639801,0.30673789978027344,-0.12680604279683277,0.38749921001181975,0.1603302496205709,0.0021757706999778748,-0.0008585441973991692,0.0006408829940482974,0.004852619953453541,-0.009585090912878513,0.005371131002902985,-0.09805405139923096,0.2893025875091553,-0.23304033279418945,0.0024252438452094793,0.01201128400862217,0.38421139121055603,-1.0814881946034856,1.2897204357771452,-1.1399887739891827
0.0015139023307710886,-0.0017459188820794225,-0.007138793356716633,-0.8183963298797607,0.3386806845664978,-0.10547968745231628,0.049539197236299515,0.024038856849074364,-0.015621629543602467,0.007503499276936054,0.8919658660888672,0.057236649096012115,-1.4761464647023155,1.3608180839243564,-1.0326567821724577,0.003052833955734968,-0.0016636193031445146,0.0033965022303164005,-0.027509702369570732,0.055108048021793365,0.017611918970942497,-0.09398577362298965,-0.08740653097629547,-0.4374391436576843,0.004860416986048222,0.06406138092279434,0.4558796286582947,-0.16137298787828105,0.7425408407724774,-1.3585193869352694,0.009154915809631348,0.004863344598561525,-0.005407290533185005,-0.044085849076509476,0.2770884037017822,0.09753060340881348,-0.16840523481369019,0.1484856754541397,-0.18690049648284912,0.011692022904753685,0.2970416843891144,0.2921302914619446,-0.12680604279683277,0.38749921001181975,0.1603302496205709,0.0019230316393077374,-0.0005440771928988397,0.0005907900631427765,0.005044946447014809,0.002608752343803644,-0.009725937619805336,-0.09148681163787842,0.28060153126716614,-0.22963304817676544,0.0020840114448219538,0.011262811720371246,0.37394973635673523,-1.0814881946034856,1.2897204357771452,-1.1399887739891827
0.001336137531325221,-0.00146026024594903,-0.007155553437769413,-0.8072826862335205,0.3619619905948639,-0.11798697710037231,0.03708484396338463,0.035678692162036896,-0.021066639572381973,0.00742425536736846,0.8925484418869019,0.05560627952218056,-1.4761464647023155,1.3608180839243564,-1.0326567821724577,0.0028642695397138596,-0.0017578928964212537,0.003031080588698387,-0.021544186398386955,0.04835783690214157,-0.012581638991832733,-0.08918453007936478,-0.09608049690723419,-0.45662057399749756,0.004525668453425169,0.054414428770542145,0.47506600618362427,-0.16137298787828105,0.7425408407724774,-1.3585193869352694,0.00910924281924963,0.005165250971913338,-0.005472214892506599,-0.0124114491045475,0.2892984449863434,0.08550231158733368,-0.1592753380537033,0.1628025621175766,-0.14864380657672882,0.011815382167696953,0.30192428827285767,0.2719711363315582,-0.12680604279683277,0.38749921001181975,0.1603302496205709,0.001739229541271925,-0.0002521780552342534,0.0006043064640834928,0.005616554990410805,0.010931765660643578,-0.02281923219561577,-0.08011486381292343,0.268088698387146,-0.2251390516757965,0.0018584131030365825,0.02591845951974392,0.3591344356536865,-1.0814881946034856,1.2897204357771452,-1.1399887739891827
0.0012146264780312777,-0.0012505294289439917,-0.007141188718378544,-0.7965655326843262,0.3841727375984192,-0.128807932138443,0.02395671233534813,0.04801980406045914,-0.02703113853931427,0.007350899279117584,0.8936983942985535,0.060087502002716064,-1.4761464647023155,1.3608180839243564,-1.0326567821724577,0.0025723229628056288,-0.0017380171921104193,0.002725697122514248,-0.016087360680103302,0.04055299982428551,-0.040322523564100266,-0.08679564297199249,-0.10248205065727234,-0.469593346118927,0.00413121934980154,0.05940753221511841,0.48841986060142517,-0.16137298787828105,0.7425408407724774,-1.3585193869352694,0.008960368111729622,0.005536511540412903,-0.00544706080108881,0.022289909422397614,0.2842666208744049,0.06536522507667542,-0.145867258310318,0.1838565617799759,-0.092447429895401,0.011857977136969566,0.2925354242324829,0.2522439658641815,-0.12680604279683277,0.38749921001181975,0.1603302496205709,0.0016530138673260808,-2.2048159735277295e-05,0.0006688855937682092,0.006829963065683842,0.014326037839055061,-0.03294676914811134,-0.06293928623199463,0.2508300244808197,-0.21925461292266846,0.0017833532765507698,0.03657011687755585,0.3390422463417053,-1.0814881946034856,1.2897204357771452,-1.1399887739891827
0.001182252075523138,-0.001131413970142603,-0.007103193551301956,-0.7867501974105835,0.4038395285606384,-0.1362968385219574,0.011446613818407059,0.05988343432545662,-0.0330527126789093,0.0072892508469522,0.8947843313217163,0.06935079395771027,-1.4761464647023155,1.3608180839243564,-1.0326567821724577,0.0022288034670054913,-0.0016070751007646322,0.002508560661226511,-0.011328236199915409,0.03331697732210159,-0.06493306905031204,-0.08612790703773499,-0.1069018691778183,-0.4775469899177551,0.0037206357810646296,0.07385562360286713,0.4968874454498291,-0.16137298787828105,0.7425408407724774,-1.3585193869352694,0.008729985915124416,0.0059318444691598415,-0.00533558614552021,0.0582624115049839,0.26446810364723206,0.0400073267519474,-0.12770088016986847,0.21233701705932617,-0.016339421272277832,0.011826576665043831,0.27374890446662903,0.24831733107566833,-0.12680604279683277,0.38749921001181975,0.1603302496205709,0.0016721537103876472,0.0001310919178649783,0.0007770389202050865,0.008867298252880573,0.013262659311294556,-0.03864959999918938,-0.039339013397693634,0.22819280624389648,-0.21176153421401978,0.001848532585427165,0.04181290045380592,0.3137872815132141,-1.0814881946034856,1.2897204357771452,-1.1399887739891827
0.0012548493687063456,-0.0011029388988390565,-0.007042828015983105,-0.7778830528259277,0.42022034525871277,-0.1386842131614685,0.0005804058164358139,0.07033608853816986,-0.038779258728027344,0.007238269783556461,0.8949416279792786,0.08032018691301346,-1.4761464647023155,1.3608180839243564,-1.0326567821724577,0.00187872932292521,-0.001390429213643074,0.0023998001124709845,-0.007509796880185604,0.027857646346092224,-0.08633188903331757,-0.08642730861902237,-0.1094130277633667,-0.48137205839157104,0.00334991910494864,0.09102549403905869,0.501158595085144,-0.16137298787828105,0.7425408407724774,-1.3585193869352694,0.008435412310063839,0.006306413561105728,-0.005150444805622101,0.09251669049263,0.23514531552791595,0.01341238059103489,-0.10487396270036697,0.24805358052253723,0.0792464166879654,0.011724082753062248,0.25304654240608215,0.28072962164878845,-0.12680604279683277,0.38749921001181975,0.1603302496205709,0.0017866997513920069,0.00021726528939325362,0.0009319775272160769,0.011815744452178478,0.009138713590800762,-0.037553124129772186,-0.009440943598747253,0.20021745562553406,-0.2026541829109192,0.0020268403459340334,0.04041491076350212,0.2850348651409149,-1.0814881946034856,1.2897204357771452,-1.1399887739891827
0.0014257112052291632,-0.0011496766237542033,-0.006954033859074116,-0.769757866859436,0.43287941813468933,-0.13401532173156738,-0.00815369002521038,0.07894033193588257,-0.04406840726733208,0.007191174663603306,0.8932367563247681,0.09077490121126175,-1.4761464647023155,1.3608180839243564,-1.0326567821724577,0.0015472465893253684,-0.001117656589485705,0.0024143452756106853,-0.0051924921572208405,0.024974726140499115,-0.10442986339330673,-0.08689887076616287,-0.10977716743946075,-0.4814823567867279,0.0030776923522353172,0.10750021040439606,0.5014256834983826,-0.16137298787828105,0.7425408407724774,-1.3585193869352694,0.008084945380687714,0.006620119325816631,-0.004903329536318779,0.12151502072811127,0.20169171690940857,-0.010674956254661083,-0.07844537496566772,0.28933557868003845,0.18986470997333527,0.011542744934558868,0.23571041226387024,0.35484835505485535,-0.12680604279683277,0.38749921001181975,0.1603302496205709,0.0019731882493942976,0.00025799989816732705,0.0011361624347046018,0.015717316418886185,0.0036787865683436394,-0.026692073792219162,0.025382153689861298,0.16809597611427307,-0.1922977864742279,0.0022914845030754805,0.031193498522043228,0.25666895508766174,-1.0814881946034856,1.2897204357771452,-1.1399887739891827
0.0016639097593724728,-0.0012438182020559907,-0.006831245496869087,-0.7623728513717651,0.44081634283065796,-0.1202247142791748,-0.014749910682439804,0.08565808087587357,-0.04891776666045189,0.0071401395834982395,0.8888112306594849,0.09973873198032379,-1.476740420754864,1.3608712787097805,-1.0336027409389767,0.001237861579284072,-0.0008091662311926484,0.0025592204183340073,-0.0051531121134757996,0.0251382514834404,-0.11884202063083649,-0.0867089107632637,-0.10739336907863617,-0.4777294099330902,0.002955784322693944,0.12158088386058807,0.49726971983909607,-0.16137298787828105,0.7425408407724774,-1.3585193869352694,0.00768375676125288,0.006849441211670637,-0.004601406864821911,0.14217409491539001,0.1682596653699875,-0.02948935329914093,-0.050625771284103394,0.3327324390411377,0.30626052618026733,0.011275101453065872,0.22224853932857513,0.45504873991012573,-0.12680604279683277,0.38749921001181975,0.1603302496205709,0.0021955478005111217,0.0002679136232472956,0.001371940365061164,0.020666737109422684,-0.0015844865702092648,-0.0035688215866684914,0.062262143939733505,0.13441285490989685,-0.1815088391304016,0.002602773252874613,0.021032381802797318,0.2342836856842041,-1.0814881946034856,1.2897204357771452,-1.1399887739891827
0.0019236367661505938,-0.0013599339872598648,-0.006680580321699381,-0.7553068995475769,0.44331368803977966,-0.09644696116447449,-0.019350402057170868,0.09068021923303604,-0.0533754788339138,0.007083781063556671,0.8810888528823853,0.10698729753494263,-1.476740420754864,1.3608712787097805,-1.0336027409389767,0.0009385825251229107,-0.0004735576221719384,0.002819094341248274,-0.008073627948760986,0.028487227857112885,-0.12883588671684265,-0.08498360961675644,-0.10129718482494354,-0.46940183639526367,0.0030087351333349943,0.13219451904296875,0.4876693785190582,-0.16137298787828105,0.7425408407724774,-1.3585193869352694,0.007244647480547428,0.007002785801887512,-0.004247445613145828,0.15203960239887238,0.13800667226314545,-0.0411473885178566,-0.02418874204158783,0.37393057346343994,0.4168364405632019,0.010934565216302872,0.20941582322120667,0.5605013370513916,-0.12680604279683277,0.38749921001181975,0.1603302496205709,0.0024113247636705637,0.00024733244208619,0.0015976093709468842,0.02687804028391838,-0.005779854021966457,0.03266419470310211,0.09760366380214691,0.10244227945804596,-0.17133000493049622,0.0029031045269221067,0.042694091796875,0.2222045511007309,-1.0814881946034856,1.2897204357771452,-1.1399887739891827
0.002154058311134577,-0.0014792752917855978,-0.006527249701321125,-0.7486250996589661,0.43880337476730347,-0.06265458464622498,-0.02232508733868599,0.0942680612206459,-0.05740531533956528,0.007030875887721777,0.8700077533721924,0.11260660737752914,-1.476740420754864,1.3608712787097805,-1.0336027409389767,0.0006366500747390091,-0.00011115672532469034,0.003145887516438961,-0.014593495056033134,0.03483433276414871,-0.13297981023788452,-0.08082279562950134,-0.09022107720375061,-0.4553123414516449,0.0032115865033119917,0.1382390409708023,0.47114911675453186,-0.16137298787828105,0.7425408407724774,-1.3585193869352694,0.00679754139855504,0.007113434839993715,-0.003842744277790189,0.14792634546756744,0.11356954276561737,-0.04395128786563873,-0.0013431832194328308,0.4095112979412079,0.5123770236968994,0.010562868788838387,0.1916036605834961,0.6559203267097473,-0.12680604279683277,0.38749921001181975,0.1603302496205709,0.002586250426247716,0.0001901926880236715,0.0017708850791677833,0.03461547940969467,-0.009024757891893387,0.0806528776884079,0.1285538375377655,0.07479388266801834,-0.1625945270061493,0.003140206914395094,0.0882301777601242,0.22035697102546692,-1.0814881946034856,1.2897204357771452,-1.1399887739891827
0.0023206102196127176,-0.0015915478579699993,-0.006398867815732956,-0.7421453595161438,0.4263380169868469,-0.02053019404411316,-0.024026889353990555,0.0966515764594078,-0.060812197625637054,0.006990262307226658,0.8561339378356934,0.11669165641069412,-1.476740420754864,1.3608712787097805,-1.0336027409389767,0.00034033297561109066,0.0002741109346970916,0.0034789287019521,-0.025358378887176514,0.04361604526638985,-0.1288374364376068,-0.0733453780412674,-0.07273693382740021,-0.4339863359928131,0.003506266977638006,0.13836362957954407,0.44611021876335144,-0.16137298787828105,0.7425408407724774,-1.3585193869352694,0.006384053733199835,0.007200518157333136,-0.0033941634465008974,0.1256384253501892,0.09672633558511734,-0.03633376210927963,0.016855262219905853,0.4378691017627716,0.5885164141654968,0.010204114019870758,0.16266880929470062,0.733733594417572,-0.12680604279683277,0.38749921001181975,0.1603302496205709,0.0027015709783881903,9.825933375395834e-05,0.001874301116913557,0.04396039992570877,-0.012508017010986805,0.13704337179660797,0.15375924110412598,0.05270681157708168,-0.15569765865802765,0.003289551008492708,0.14446401596069336,0.22508148849010468,-1.0814881946034856,1.2897204357771452,-1.1399887739891827
0.0024103717878460884,-0.0016911976272240281,-0.006307009607553482,-0.7357360124588013,0.40571802854537964,0.026939094066619873,-0.024760078638792038,0.09795001149177551,-0.06315459311008453,0.006960489321500063,0.8406190276145935,0.11914599686861038,-1.476740420754864,1.3608712787097805,-1.0336027409389767,9.053770918399096e-05,0.0006577587919309735,0.0037851370871067047,-0.0403885692358017,0.05371959134936333,-0.11356759816408157,-0.06178710609674454,-0.04750536382198334,-0.40397584438323975,0.0038429293781518936,0.13196450471878052,0.4114254415035248,-0.16137298787828105,0.7425408407724774,-1.3585193869352694,0.0060384259559214115,0.007233156356960535,-0.002928041387349367,0.08241122961044312,0.08747629821300507,-0.018018638715147972,0.030313313007354736,0.45891427993774414,0.6449403762817383,0.009866842068731785,0.12152524292469025,0.7921295762062073,-0.12680604279683277,0.38749921001181975,0.1603302496205709,0.002749021165072918,-1.6427133232355118e-05,0.0019145301776006818,0.05451826751232147,-0.01828830875456333,0.19676987826824188,0.17307384312152863,0.03626392036676407,-0.15069612860679626,0.003350046696141362,0.20500022172927856,0.232333704829216,-1.0820731336709644,1.2899315222474095,-1.1403582034797244
0.00242815725505352,-0.0017791528953239322,-0.006248952355235815,-0.7296452522277832,0.37758514285087585,0.07554128766059875,-0.02474101446568966,0.09812013059854507,-0.06367714703083038,0.006936190649867058,0.8250207304954529,0.11955942958593369,-1.476740420754864,1.3608712787097805,-1.0336027409389767,-5.7610333897173405e-05,0.0009893067181110382,0.004066884983330965,-0.05824422091245651,0.06336501240730286,-0.08554664254188538,-0.04566676542162895,-0.013660132884979248,-0.3643258810043335,0.004185881000012159,0.12134966999292374,0.36743080615997314,-0.16137298787828105,0.7425408407724774,-1.3585193869352694,0.005777476821094751,0.007146802730858326,-0.0025042532943189144,0.019545849412679672,0.0840439423918724,0.008919170126318932,0.039515770971775055,0.47347405552864075,0.6837787628173828,0.009525088593363762,0.08674661815166473,0.8326419591903687,-0.12680604279683277,0.38749921001181975,0.1603302496205709,0.002727862447500229,-0.00014814367750659585,0.0019058954203501344,0.06490480899810791,-0.028753085061907768,0.25345614552497864,0.1871059536933899,0.02493009716272354,-0.1473468691110611,0.003331008367240429,0.2632097899913788,0.2394603192806244,-1.0820731336709644,1.2899315222474095,-1.1403582034797244
0.0023872582241892815,-0.0018676409963518381,-0.0062245456501841545,-0.7247952222824097,0.34380051493644714,0.12004232406616211,-0.024080373346805573,0.09692919254302979,-0.06126909703016281,0.006923297885805368,0.8111332058906555,0.11717096716165543,-1.476740420754864,1.3608712787097805,-1.0336027409389767,-7.096794433891773e-05,0.0012076031416654587,0.004329005256295204,-0.07616010308265686,0.07027425616979599,-0.04607819393277168,-0.025035690516233444,0.028649166226387024,-0.3152197301387787,0.0044948444701731205,0.11341089755296707,0.3175075352191925,-0.16137298787828105,0.7425408407724774,-1.3585193869352694,0.00560895586386323,0.006903855595737696,-0.002197731053456664,-0.05669616535305977,0.08423824608325958,0.04022325947880745,0.0439625158905983,0.4831227958202362,0.7082748413085938,0.009162621572613716,0.10921743512153625,0.8584833145141602,-0.12684222091313266,0.3856885439141718,0.16014420307770308,0.0026536975055933,-0.0003223348467145115,0.0018494691466912627,0.07285472750663757,-0.04617346078157425,0.30005818605422974,0.1966882348060608,0.017804471775889397,-0.14536815881729126,0.003250622423365712,0.3122093975543976,0.2452247142791748,-1.0820731336709644,1.2899315222474095,-1.1403582034797244
0.002299698069691658,-0.0019817575812339783,-0.006247689016163349,-0.7227531671524048,0.3079470992088318,0.1554589867591858,-0.022782329469919205,0.09395381808280945,-0.05446494743227959,0.006946192588657141,0.8008564114570618,0.11096298694610596,-1.476740420754864,1.3608712787097805,-1.0336027409389767,5.1999930292367935e-05,0.0012646717950701714,0.004558055195957422,-0.09127283096313477,0.07238822430372238,0.00020416360348463058,-0.0008185505867004395,0.07754231244325638,-0.2588157057762146,0.004730535671114922,0.11649388819932938,0.27018335461616516,-0.16137298787828105,0.7425408407724774,-1.3585193869352694,0.005528825800865889,0.0065300362184643745,-0.002090299967676401,-0.13559384644031525,0.08684731274843216,0.07171938568353653,0.047033265233039856,0.48872730135917664,0.7223871946334839,0.008807873353362083,0.17627200484275818,0.873447060585022,-0.12684222091313266,0.3856885439141718,0.16014420307770308,0.002553569618612528,-0.0005719270557165146,0.001733171520754695,0.07616287469863892,-0.07133802026510239,0.32979530096054077,0.20264531672000885,0.01393154263496399,-0.14441834390163422,0.0031387421768158674,0.34591159224510193,0.24923056364059448,-1.0820731336709644,1.2899315222474095,-1.1403582034797244
0.002173694549128413,-0.0021494156681001186,-0.0063376338221132755,-0.7251942157745361,0.2740428149700165,0.1783302128314972,-0.020758546888828278,0.0886097103357315,-0.0415109246969223,0.0070363725535571575,0.7954921126365662,0.10002877563238144,-1.476740420754864,1.3608712787097805,-1.0336027409389767,0.0003058690344914794,0.001140901236794889,0.00473193172365427,-0.10156544297933578,0.06916233897209167,0.046729087829589844,0.02501724846661091,0.12904801964759827,-0.19967232644557953,0.004877129103988409,0.1314632147550583,0.23905707895755768,-0.16137298787828105,0.7425408407724774,-1.3585193869352694,0.005555824376642704,0.006079657468944788,-0.0021991082467138767,-0.2054542899131775,0.09264151751995087,0.1013139933347702,0.048306286334991455,0.4919223487377167,0.7295341491699219,0.008524405770003796,0.24710005521774292,0.8812157511711121,-0.12684222091313266,0.3856885439141718,0.16014420307770308,0.002447140170261264,-0.0008981682476587594,0.0015481759328395128,0.07426682859659195,-0.10229119658470154,0.33749082684516907,0.20556479692459106,0.012448263354599476,-0.1441633254289627,0.003031839383766055,0.3603874444961548,0.25138598680496216,-1.0820731336709644,1.2899315222474095,-1.1403582034797244
0.0020171315409243107,-0.002383233280852437,-0.0064971777610480785,-0.732824444770813,0.24437014758586884,0.18655720353126526,-0.017856556922197342,0.08022071421146393,-0.020527545362710953,0.00720846327021718,0.7947024703025818,0.08470891416072845,-1.476740420754864,1.3608712787097805,-1.0336027409389767,0.0006886789342388511,0.0008490250911563635,0.004828333854675293,-0.10590129345655441,0.062276020646095276,0.08692961931228638,0.04999846965074539,0.17817087471485138,-0.1435283124446869,0.004950548522174358,0.15049965679645538,0.23419028520584106,-0.16137298787828105,0.7425408407724774,-1.3585193869352694,0.005708209238946438,0.005601775366812944,-0.002501369919627905,-0.2576272487640381,0.1040695309638977,0.12986546754837036,0.048471078276634216,0.4938621520996094,0.7327278852462769,0.008379761129617691,0.30670392513275146,0.884951651096344,-0.12684222091313266,0.3856885439141718,0.16014420307770308,0.00233116140589118,-0.0012632508296519518,0.0013023341307416558,0.06855785846710205,-0.1341380476951599,0.3215637505054474,0.20566512644290924,0.012675122357904911,-0.1442999541759491,0.0029540127143263817,0.3551006019115448,0.25155770778656006,-1.0820731336709644,1.2899315222474095,-1.1403582034797244
0.001838084077462554,-0.0026674235705286264,-0.006706015206873417,-0.7445195913314819,0.2197817862033844,0.17895632982254028,-0.013904169201850891,0.06813912093639374,0.010196446441113949,0.007447438780218363,0.7966421842575073,0.07028679549694061,-1.476740420754864,1.3608712787097805,-1.0336027409389767,0.0011805418180301785,0.00042986974585801363,0.004824805073440075,-0.10402725636959076,0.0546991303563118,0.1155426874756813,0.07216864824295044,0.22094307839870453,-0.0949454978108406,0.004985700827091932,0.16481436789035797,0.25107529759407043,-0.16137298787828105,0.7425408407724774,-1.3585193869352694,0.00598490983247757,0.0051382165402174,-0.002937505953013897,-0.28776443004608154,0.12343449890613556,0.15958596765995026,0.04806515574455261,0.49541616439819336,0.7342719435691833,0.008417205885052681,0.3514429032802582,0.8870753645896912,-0.12684222091313266,0.3856885439141718,0.16014420307770308,0.00218389555811882,-0.0016162412939593196,0.0010146661661565304,0.06122778356075287,-0.16027472913265228,0.285365492105484,0.20273137092590332,0.014154710806906223,-0.14456498622894287,0.002900203922763467,0.3329719305038452,0.24939808249473572,-1.0820731336709644,1.2899315222474095,-1.1403582034797244
0.0016413021367043257,-0.0029564329888671637,-0.0069359177723526955,-0.7575087547302246,0.20189021527767181,0.15574872493743896,-0.008772740140557289,0.05192999914288521,0.05174197256565094,0.007716302294284105,0.7992727160453796,0.07383032888174057,-1.476740420754864,1.3608712787097805,-1.0336027409389767,0.0017326533561572433,-6.25604297965765e-05,0.004708949942141771,-0.09682480245828629,0.04917619004845619,0.12952333688735962,0.09060874581336975,0.25548675656318665,-0.05608364939689636,0.005017988849431276,0.16902554035186768,0.2768190801143646,-0.16137298787828105,0.7425408407724774,-1.3585193869352694,0.006356438156217337,0.004724651575088501,-0.0034310915507376194,-0.294664591550827,0.15160585939884186,0.19182485342025757,0.047464579343795776,0.4971180558204651,0.7356683611869812,0.008631282486021519,0.38289469480514526,0.8891497254371643,-0.12684222091313266,0.3856885439141718,0.16014420307770308,0.0019832707475870848,-0.0019154568435624242,0.0007093388121575117,0.053943417966365814,-0.17425131797790527,0.23657368123531342,0.19611546397209167,0.016651777550578117,-0.14473460614681244,0.002847015857696533,0.2987315058708191,0.24430853128433228,-1.0820731336709644,1.2899315222474095,-1.1403582034797244
0.0014249109663069248,-0.0031884596683084965,-0.0071616405621171,-0.7684013843536377,0.1937982141971588,0.11955195665359497,-0.002462133765220642,0.03163139149546623,0.10389810055494308,0.007967794314026833,0.8014306426048279,0.108634352684021,-1.476740420754864,1.3608712787097805,-1.0336027409389767,0.002284856978803873,-0.0005797550547868013,0.004495647735893726,-0.08641470968723297,0.04747927933931351,0.12864063680171967,0.10515560209751129,0.2816706895828247,-0.0271376371383667,0.005076173227280378,0.16208083927631378,0.3018816411495209,-0.161195365405514,0.7422156640117219,-1.3587160565353718,0.006774535868316889,0.004380015190690756,-0.003910951782017946,-0.2800591289997101,0.18793253600597382,0.22639167308807373,0.04688878357410431,0.49912798404693604,0.73757004737854,0.00896517839282751,0.40620800852775574,0.8918166160583496,-0.12684222091313266,0.3856885439141718,0.16014420307770308,0.0017221204470843077,-0.0021350730676203966,0.0004196997033432126,0.047293201088905334,-0.17176416516304016,0.18488813936710358,0.18480515480041504,0.02012437954545021,-0.14462141692638397,0.00277495663613081,0.25675514340400696,0.23552767932415009,-1.0820731336709644,1.2899315222474095,-1.1403582034797244
0.0011799514759331942,-0.0033095187973231077,-0.007358270231634378,-0.7743492722511292,0.19856515526771545,0.07580190896987915,0.004790700972080231,0.008096943609416485,0.16428521275520325,0.008154099807143211,0.8029887080192566,0.16455437242984772,-1.476740420754864,1.3608712787097805,-1.0336027409389767,0.0027863888535648584,-0.0010920672211796045,0.004227084573358297,-0.07545389235019684,0.050212614238262177,0.11544811725616455,0.11631844937801361,0.30027908086776733,-0.007063776254653931,0.005179267842322588,0.14677488803863525,0.32209843397140503,-0.161195365405514,0.7422156640117219,-1.3587160565353718,0.007178436033427715,0.004108861554414034,-0.004322494845837355,-0.24855977296829224,0.22979462146759033,0.262273371219635,0.04641099274158478,0.5011940598487854,0.7397434711456299,0.009332558140158653,0.4282228946685791,0.8947457075119019,-0.12684222091313266,0.3856885439141718,0.16014420307770308,0.0014100593980401754,-0.0022644991986453533,0.00018442675354890525,0.04105919599533081,-0.1525791585445404,0.1390809416770935,0.16757461428642273,0.02467152290046215,-0.14407280087471008,0.0026739926543086767,0.2104988545179367,0.222366601228714,-1.0820731336709644,1.2899315222474095,-1.1403582034797244
0.0008968133479356766,-0.0032918222714215517,-0.007501319982111454,-0.773851215839386,0.21708887815475464,0.03161093592643738,0.012455038726329803,-0.016829822212457657,0.22791573405265808,0.008240762166678905,0.8043460845947266,0.22887541353702545,-1.476740420754864,1.3608712787097805,-1.0336027409389767,0.003188174916431308,-0.0015666746767237782,0.003963031806051731,-0.06645644456148148,0.056712135672569275,0.09397760033607483,0.12452864646911621,0.31258919835090637,0.005656033754348755,0.0053220815025269985,0.12831413745880127,0.3365284502506256,-0.161195365405514,0.7422156640117219,-1.3587160565353718,0.007497412618249655,0.0039116134867072105,-0.004624454770237207,-0.20561298727989197,0.27246126532554626,0.2982865273952484,0.04596929997205734,0.5026129484176636,0.7410311698913574,0.00963833462446928,0.4533064067363739,0.8965824842453003,-0.12684222091313266,0.3856885439141718,0.16014420307770308,0.001066634082235396,-0.002303041284903884,3.2111769542098045e-05,0.03467254713177681,-0.12097260355949402,0.10486377775669098,0.14323674142360687,0.030458621680736542,-0.1429748237133026,0.0025382551830261946,0.1638077199459076,0.20466141402721405,-1.0820731336709644,1.2899315222474095,-1.1403582034797244
0.0005785285029560328,-0.0031390138901770115,-0.007573248352855444,-0.7670851945877075,0.24724258482456207,-0.006365984678268433,0.01985587179660797,-0.040821731090545654,0.2885259687900543,0.008218405768275261,0.8059709072113037,0.29207515716552734,-1.476740420754864,1.3608712787097805,-1.0336027409389767,0.0034541813656687737,-0.0019642601255327463,0.0037599983625113964,-0.06060279160737991,0.06533700972795486,0.06847288459539413,0.13017113506793976,0.31988194584846497,0.012666061520576477,0.005470582749694586,0.11238398402929306,0.3455856144428253,-0.161195365405514,0.7422156640117219,-1.3587160565353718,0.007666433230042458,0.0037822925951331854,-0.004784109070897102,-0.15527355670928955,0.3106306195259094,0.3333715796470642,0.045377910137176514,0.5021937489509583,0.7393183708190918,0.009796307422220707,0.4813916087150574,0.8949018716812134,-0.12684222091313266,0.3856885439141718,0.16014420307770308,0.0007183941779658198,-0.00225541228428483,-2.6786699891090393e-05,0.0274188295006752,-0.08376803994178772,0.08445809781551361,0.11102034151554108,0.037619538605213165,-0.1412651687860489,0.0023672119714319706,0.1220739409327507,0.18356631696224213,-1.0820731336709644,1.2899315222474095,-1.1403582034797244
0.0002497727982699871,-0.002884921617805958,-0.007567651569843292,-0.7559049129486084,0.2846411168575287,-0.03353378176689148,0.026465043425559998,-0.062042079865932465,0.3411310017108917,0.008102746680378914,0.8084165453910828,0.3477354943752289,-1.476740420754864,1.3608712787097805,-1.0336027409389767,0.00356987863779068,-0.0022503153886646032,0.003658915637061,-0.057357046753168106,0.07402165234088898,0.0426325649023056,0.13334396481513977,0.3231853246688843,0.015427440404891968,0.005585303530097008,0.10289106518030167,0.34995338320732117,-0.161195365405514,0.7422156640117219,-1.3587160565353718,0.007644664030522108,0.003700622357428074,-0.004784758202731609,-0.10067114979028702,0.3401554226875305,0.3664434850215912,0.04433804750442505,0.4982401132583618,0.7315278053283691,0.009748302400112152,0.5100207924842834,0.8861952424049377,-0.12684222091313266,0.3856885439141718,0.16014420307770308,0.00039960298454388976,-0.0021377417724579573,4.070834620506503e-06,0.018692748621106148,-0.04765117168426514,0.07706266641616821,0.07109319418668747,0.046132732182741165,-0.13895699381828308,0.0021747732535004616,0.09251327812671661,0.16276215016841888,-1.0820731336709644,1.2899315222474095,-1.1403582034797244
-4.863389767706394e-05,-0.0025882923509925604,-0.007491130381822586,-0.7433688640594482,0.32392698526382446,-0.048060983419418335,0.032047465443611145,-0.07964120805263519,0.38335156440734863,0.007925822399556637,0.8123027682304382,0.3928462564945221,-1.476740420754864,1.3608712787097805,-1.0336027409389767,0.0035387403331696987,-0.002409681212157011,0.0036774673499166965,-0.05508220195770264,0.08060567826032639,0.019621411338448524,0.1337379515171051,0.32310914993286133,0.01505422592163086,0.005643847398459911,0.09958074241876602,0.35001713037490845,-0.161195365405514,0.7422156640117219,-1.3587160565353718,0.007420835550874472,0.0036384391132742167,-0.004637996666133404,-0.04624152183532715,0.3579762578010559,0.39530348777770996,0.042453885078430176,0.48857730627059937,0.7136883735656738,0.009477238170802593,0.5353037714958191,0.8659452795982361,-0.12684222091313266,0.3856885439141718,0.16014420307770308,0.0001464725355617702,-0.001987045630812645,0.00010865878721233457,0.008463133126497269,-0.01758742704987526,0.0794212743639946,0.025242112576961517,0.055669914931058884,-0.13617494702339172,0.001995397498831153,0.08178436011075974,0.1492646038532257,-1.0820731336709644,1.2899315222474095,-1.1403582034797244
-0.000277969054877758,-0.002324339933693409,-0.007364644203335047,-0.7324854731559753,0.360285222530365,-0.05066785216331482,0.03676129877567291,-0.09338107705116272,0.41499191522598267,0.007727729622274637,0.8178677558898926,0.4269539713859558,-1.4798289043121047,1.360438098820889,-1.0362404754324381,0.003377943765372038,-0.002444186946377158,0.0038028815761208534,-0.0524500347673893,0.08313535153865814,0.0017940197139978409,0.13057275116443634,0.31976860761642456,0.012243419885635376,0.005643267184495926,0.09831435233354568,0.34561699628829956,-0.161195365405514,0.7422156640117219,-1.3587160565353718,0.007018486503511667,0.0035786591470241547,-0.004384448751807213,0.0021845772862434387,0.3616026043891907,0.41585540771484375,0.03925854712724686,0.4706591069698334,0.681142270565033,0.009016060270369053,0.5510870218276978,0.8288642764091492,-0.12684222091313266,0.3856885439141718,0.16014420307770308,-1.0358150575484615e-05,-0.0018534102709963918,0.0002564496244303882,-0.002468142658472061,0.0038710888475179672,0.08658936619758606,-0.02278454229235649,0.06551589071750641,-0.1331728994846344,0.0018710969015955925,0.08671098947525024,0.15015488862991333,-1.0820731336709644,1.2899315222474095,-1.1403582034797244
-0.00039011798799037933,-0.002152319997549057,-0.007225913926959038,-0.7257315516471863,0.3892204463481903,-0.04493001103401184,0.04039308428764343,-0.10398051887750626,0.4370463788509369,0.007549735717475414,0.8247408866882324,0.4510577619075775,-1.4798289043121047,1.360438098820889,-1.0362404754324381,0.0031262957490980625,-0.002364488784223795,0.003991027362644672,-0.04916584864258766,0.08073875308036804,-0.009968893602490425,0.12259678542613983,0.31278476119041443,0.007275134325027466,0.00559399975463748,0.0950547531247139,0.33603155612945557,-0.161195365405514,0.7422156640117219,-1.3587160565353718,0.006500647868961096,0.0035247276537120342,-0.004077383317053318,0.04044359177350998,0.3506205677986145,0.42381444573402405,0.03425911068916321,0.441798597574234,0.6289716958999634,0.00844435766339302,0.5515334606170654,0.7693926692008972,-0.12684222091313266,0.3856885439141718,0.16014420307770308,-4.634831930161454e-05,-0.0017749876715242863,0.0004078653873875737,-0.01268930733203888,0.01682071015238762,0.09300632029771805,-0.06827858090400696,0.07475995272397995,-0.13027127087116241,0.001821835176087916,0.09536314755678177,0.16498975455760956,-1.0820731336709644,1.2899315222474095,-1.1403582034797244
-0.0003635752946138382,-0.002115517621859908,-0.007109479513019323,-0.7237563133239746,0.40936505794525146,-0.03548559546470642,0.043219298124313354,-0.11175801604986191,0.45116719603538513,0.007426459342241287,0.8322632908821106,0.46680790185928345,-1.4798289043121047,1.360438098820889,-1.0362404754324381,0.002844368340447545,-0.002187086269259453,0.004182301927357912,-0.045602262020111084,0.07447727024555206,-0.016427256166934967,0.10816742479801178,0.30135923624038696,6.946921348571777e-05,0.005510483402758837,0.08886104077100754,0.3201836943626404,-0.161195365405514,0.7422156640117219,-1.3587160565353718,0.00595490075647831,0.003489503636956215,-0.00375847308896482,0.06817705929279327,0.3286801278591156,0.4176483452320099,0.02700929343700409,0.39957648515701294,0.5527392625808716,0.007858982309699059,0.5358254313468933,0.6825771331787109,-0.12684222091313266,0.3856885439141718,0.16014420307770308,5.311486165737733e-05,-0.0017633914249017835,0.000525567913427949,-0.0206906720995903,0.02339754067361355,0.09385447204113007,-0.1075044646859169,0.08267568051815033,-0.12773850560188293,0.0018408129690214992,0.09891517460346222,0.18630513548851013,-1.0820731336709644,1.2899315222474095,-1.1403582034797244
-0.00019342079758644104,-0.0022154287435114384,-0.00704018771648407,-0.7259699106216431,0.4209655523300171,-0.02807670831680298,0.045298948884010315,-0.11709369719028473,0.459086537361145,0.007383073680102825,0.8396621942520142,0.4759446978569031,-1.4798289043121047,1.360438098820889,-1.0362404754324381,0.0025918420869857073,-0.0019351383671164513,0.004329388029873371,-0.04242009297013283,0.0669354721903801,-0.019406283274292946,0.08543727546930313,0.2844303846359253,-0.009707733988761902,0.005404258146882057,0.08158691972494125,0.29714375734329224,-0.161195365405514,0.7422156640117219,-1.3587160565353718,0.005467777606099844,0.0034786947071552277,-0.003447003662586212,0.08749033510684967,0.3028217852115631,0.39931753277778625,0.017219871282577515,0.342476487159729,0.4496391713619232,0.007340282201766968,0.5087338089942932,0.5654750466346741,-0.12684222091313266,0.3856885439141718,0.16014420307770308,0.00028105208184570074,-0.001808512955904007,0.000587339629419148,-0.02539309486746788,0.026598623022437096,0.08619160950183868,-0.1387086808681488,0.08891874551773071,-0.1257307529449463,0.0019221543334424496,0.09370853751897812,0.2072555422782898,-1.0820731336709644,1.2899315222474095,-1.1403582034797244
9.696045890450478e-05,-0.0024177527520805597,-0.00702712731435895,-0.7306174039840698,0.4258253276348114,-0.027988731861114502,0.04656733572483063,-0.12009238451719284,0.462321937084198,0.007432055659592152,0.8461160659790039,0.47992944717407227,-1.4798289043121047,1.360438098820889,-1.0362404754324381,0.002400744706392288,-0.0016385235358029604,0.0044172536581754684,-0.04058044031262398,0.060866665095090866,-0.021205108612775803,0.05267883837223053,0.26092633605003357,-0.02248883992433548,0.005287765525281429,0.07616547495126724,0.2671392261981964,-0.161195365405514,0.7422156640117219,-1.3587160565353718,0.005099233239889145,0.0034908009693026543,-0.0031501613557338715,0.10114368796348572,0.2811201810836792,0.37316659092903137,0.004915457218885422,0.270795613527298,0.32013970613479614,0.006936237215995789,0.47802919149398804,0.4193374216556549,-0.12684222091313266,0.3856885439141718,0.16014420307770308,0.0006024523172527552,-0.0018876593094319105,0.0005952918436378241,-0.02645614743232727,0.029437221586704254,0.0691666305065155,-0.16172096133232117,0.09366106241941452,-0.12425399571657181,0.0020689559169113636,0.07969002425670624,0.22442173957824707,-1.0852177079046041,1.2899934587777677,-1.1421874685030733
0.00046106288209557533,-0.0026634628884494305,-0.007063457742333412,-0.735521674156189,0.42683520913124084,-0.038968026638031006,0.04679279029369354,-0.12046952545642853,0.4619923532009125,0.007563005201518536,0.8512924909591675,0.47972846031188965,-1.4798289043121047,1.360438098820889,-1.0362404754324381,0.0022694231010973454,-0.0013301341095939279,0.004462459124624729,-0.04117317870259285,0.05818982049822807,-0.024303633719682693,0.008783835917711258,0.23013444244861603,-0.038592979311943054,0.005180065520107746,0.07531236857175827,0.2335132360458374,-0.161195365405514,0.7422156640117219,-1.3587160565353718,0.004858161322772503,0.00352601264603436,-0.002874846803024411,0.11264339089393616,0.2714822292327881,0.34507492184638977,-0.009358961135149002,0.18784864246845245,0.1701597273349762,0.006655767094343901,0.4532856047153473,0.25363168120384216,-0.12684222091313266,0.3856885439141718,0.16014420307770308,0.000973978079855442,-0.0019720778800547123,0.0005662372568622231,-0.024690033867955208,0.03426210954785347,0.04338814318180084,-0.17757242918014526,0.09667469561100006,-0.12343887984752655,0.0022712000645697117,0.06054767593741417,0.23688630759716034,-1.0852177079046041,1.2899934587777677,-1.1421874685030733
0.000841968460008502,-0.002887754701077938,-0.007135116960853338,-0.7390875220298767,0.42722833156585693,-0.06249776482582092,0.045552074909210205,-0.11749066412448883,0.458737850189209,0.0077432505786418915,0.8559674620628357,0.47573044896125793,-1.4798289043121047,1.360438098820889,-1.0362404754324381,0.0021804848220199347,-0.001040858798660338,0.0044947899878025055,-0.04474161937832832,0.059537213295698166,-0.03080195188522339,-0.04603190720081329,0.1922062337398529,-0.057952191680669785,0.005103041883558035,0.08059313148260117,0.20596268773078918,-0.161195365405514,0.7422156640117219,-1.3587160565353718,0.004702453035861254,0.00358081073500216,-0.0026263424661010504,0.12636883556842804,0.28167757391929626,0.32137423753738403,-0.02443574368953705,0.10056865215301514,0.012150907889008522,0.006467839237302542,0.44563746452331543,0.10420558601617813,-0.12684222091313266,0.3856885439141718,0.16014420307770308,0.0013468771940097213,-0.0020388595294207335,0.0005145275499671698,-0.021416695788502693,0.042710624635219574,0.010240534320473671,-0.1875905990600586,0.0983692854642868,-0.12323407828807831,0.0024971512611955404,0.048864517360925674,0.24505792558193207,-1.0852177079046041,1.2899934587777677,-1.1421874685030733
0.0011854753829538822,-0.003040969604626298,-0.007230629213154316,-0.7407817840576172,0.429643839597702,-0.09696093201637268,0.04223047196865082,-0.10997149348258972,0.45272010564804077,0.007933148182928562,0.8618311285972595,0.4677954912185669,-1.4798289043121047,1.360438098820889,-1.0362404754324381,0.002121269702911377,-0.0007993623148649931,0.004534581676125526,-0.05058291554450989,0.06406712532043457,-0.04167716205120087,-0.10930200666189194,0.1488073170185089,-0.07977145910263062,0.00506963487714529,0.09165268391370773,0.20113186538219452,-0.161195365405514,0.7422156640117219,-1.3587160565353718,0.004570923745632172,0.003636969020590186,-0.002406191546469927,0.14647945761680603,0.31886887550354004,0.3071691691875458,-0.038844916969537735,0.017664052546024323,-0.1382429301738739,0.006317486986517906,0.46635448932647705,0.14467914402484894,-0.12684222091313266,0.3856885439141718,0.16014420307770308,0.0016850202810019255,-0.0020694108679890633,0.00044890743447467685,-0.018283706158399582,0.05525045096874237,-0.028519708663225174,-0.1933128982782364,0.0990045815706253,-0.12363643199205399,0.0027061544824391603,0.06480956822633743,0.2499154955148697,-1.0852177079046041,1.2899934587777677,-1.1421874685030733
0.0014476780779659748,-0.003098786808550358,-0.007337704300880432,-0.7408571243286133,0.4353802800178528,-0.13791194558143616,0.036054208874702454,-0.09635308384895325,0.4436890482902527,0.008095687255263329,0.8703131675720215,0.45545998215675354,-1.4798289043121047,1.360438098820889,-1.0362404754324381,0.0020844952668994665,-0.0006312103942036629,0.004579387605190277,-0.05678354948759079,0.0698494017124176,-0.05681793391704559,-0.1758447289466858,0.10344833135604858,-0.10235120356082916,0.0050709303468465805,0.10644993931055069,0.2282513827085495,-0.161195365405514,0.7422156640117219,-1.3587160565353718,0.004410227760672569,0.0036697585601359606,-0.002216899301856756,0.17594042420387268,0.3885120153427124,0.30525827407836914,-0.051425669342279434,-0.053914137184619904,-0.26858091354370117,0.006150762550532818,0.5244799256324768,0.27872395515441895,-0.12684222091313266,0.3856885439141718,0.16014420307770308,0.0019597215577960014,-0.002046846551820636,0.00037940649781376123,-0.016430631279945374,0.07129093259572983,-0.0708671435713768,-0.19619491696357727,0.09882139414548874,-0.12464575469493866,0.0028590275906026363,0.10185535997152328,0.25257608294487,-1.0852177079046041,1.2899934587777677,-1.1421874685030733
0.001595277339220047,-0.003062004689127207,-0.007437915075570345,-0.7397610545158386,0.4441968500614166,-0.1803250014781952,0.02616894245147705,-0.07487767934799194,0.43111342191696167,0.00820020493119955,0.8815181851387024,0.43834948539733887,-1.4798289043121047,1.360438098820889,-1.0362404754324381,0.002059142105281353,-0.0005445026326924562,0.004600302316248417,-0.060920022428035736,0.07472707331180573,-0.07582473009824753,-0.23915469646453857,0.0605505108833313,-0.12353849411010742,0.0050694504752755165,0.12265714257955551,0.2759041488170624,-0.161195365405514,0.7422156640117219,-1.3587160565353718,0.0041776057332754135,0.003669722005724907,-0.002054015640169382,0.21637533605098724,0.4929768741130829,0.3162563145160675,-0.06164367124438286,-0.11081653833389282,-0.3729564845561981,0.0059277513064444065,0.6243897080421448,0.39392486214637756,-0.12684222091313266,0.3856885439141718,0.16014420307770308,0.002146683633327484,-0.0019646245054900646,0.00031457137083634734,-0.015984736382961273,0.08959893137216568,-0.11472918838262558,-0.19747385382652283,0.09802538901567459,-0.12625616788864136,0.0029269359074532986,0.14644545316696167,0.2540580928325653,-1.0852177079046041,1.2899934587777677,-1.1421874685030733
0.0016057959292083979,-0.0029524946585297585,-0.007514589000493288,-0.7378072738647461,0.4546903371810913,-0.22084924578666687,0.011779814958572388,-0.04389543831348419,0.41437700390815735,0.008231941610574722,0.8943585753440857,0.4168619215488434,-1.4798289043121047,1.360438098820889,-1.0362404754324381,0.00203731213696301,-0.0005204689223319292,0.004545485135167837,-0.0605991929769516,0.07694494724273682,-0.09827768802642822,-0.2940775454044342,0.023635290563106537,-0.14161449670791626,0.005008289590477943,0.13874901831150055,0.3272535800933838,-0.161195365405514,0.7422156640117219,-1.3587160565353718,0.0038592948112636805,0.00363844889216125,-0.0018808506429195404,0.2678987979888916,0.6289145946502686,0.3385334312915802,-0.06828857213258743,-0.15334516763687134,-0.45086050033569336,0.005627616308629513,0.762829065322876,0.4810958802700043,-0.1288830136890999,0.3823313325313536,0.15879261893979177,0.0022315247915685177,-0.0018382990965619683,0.0002548114280216396,-0.016133643686771393,0.10895881056785583,-0.15812385082244873,-0.19809460639953613,0.0967889130115509,-0.12843474745750427,0.0029024083632975817,0.1927056461572647,0.25515690445899963,-1.0852177079046041,1.2899934587777677,-1.1421874685030733
0.0014753350988030434,-0.0028061880730092525,-0.007561727426946163,-0.7350567579269409,0.4652659595012665,-0.25817692279815674,-0.007631510496139526,-0.002336200326681137,0.39305153489112854,0.008199452422559261,0.9074338674545288,0.3931325674057007,-1.4798289043121047,1.360438098820889,-1.0362404754324381,0.002024490386247635,-0.0005350650753825903,0.004363845102488995,-0.05370211601257324,0.07545152306556702,-0.12301963567733765,-0.3382003605365753,-0.005620941519737244,-0.1557593047618866,0.0048402477987110615,0.1539827287197113,0.37238696217536926,-0.161195365405514,0.7422156640117219,-1.3587160565353718,0.003440791042521596,0.0036024805158376694,-0.0016634874045848846,0.3295123875141144,0.7839989066123962,0.3679463267326355,-0.07390742748975754,-0.18174414336681366,-0.5050973296165466,0.005252056755125523,0.9266160130500793,0.5418639779090881,-0.1288830136890999,0.3823313325313536,0.15879261893979177,0.0022193752229213715,-0.0017006038688123226,0.00020079320529475808,-0.015546813607215881,0.12878191471099854,-0.19889383018016815,-0.19867253303527832,0.09526600688695908,-0.131087988615036,0.002803212031722069,0.23745577037334442,0.25637951493263245,-1.0852177079046041,1.2899934587777677,-1.1421874685030733
0.0012287166900932789,-0.0026638777926564217,-0.007576502859592438,-0.7311080694198608,0.47550222277641296,-0.2919517159461975,-0.031996265053749084,0.049623556435108185,0.36725521087646484,0.008124615997076035,0.9197049140930176,0.3719713091850281,-1.4798289043121047,1.360438098820889,-1.0362404754324381,0.0020210088696330786,-0.0005769927520304918,0.004051589407026768,-0.038813333958387375,0.07010522484779358,-0.14812199771404266,-0.37135952711105347,-0.027088545262813568,-0.1659555733203888,0.004564293660223484,0.16840827465057373,0.40765541791915894,-0.1616046702366311,0.7419931922150862,-1.359139352762348,0.002961748279631138,0.0035326071083545685,-0.0013627075823023915,0.3978227376937866,0.9393357038497925,0.3962077498435974,-0.07789840549230576,-0.19890889525413513,-0.5399844646453857,0.004807102959603071,1.0943468809127808,0.5807031393051147,-0.1288830136890999,0.3823313325313536,0.15879261893979177,0.002139788819476962,-0.0015818432439118624,0.000174789282027632,-0.01305544376373291,0.14905905723571777,-0.23457971215248108,-0.19947394728660583,0.09361689537763596,-0.1340164989233017,0.0026667348574846983,0.27823853492736816,0.2579038739204407,-1.0852177079046041,1.2899934587777677,-1.1421874685030733
0.0009191094432026148,-0.0025605300907045603,-0.007543607614934444,-0.7252873182296753,0.48654064536094666,-0.3215365409851074,-0.06024925410747528,0.10968326032161713,0.33810263872146606,0.008019170723855495,0.9306713938713074,0.36051878333091736,-1.4798289043121047,1.360438098820889,-1.0362404754324381,0.0019989130087196827,-0.0006281433161348104,0.003677990287542343,-0.01580066978931427,0.061888664960861206,-0.17235350608825684,-0.3948081433773041,-0.041521601378917694,-0.17247433960437775,0.00423294585198164,0.1838085949420929,0.43283361196517944,-0.1616046702366311,0.7419931922150862,-1.359139352762348,0.002419975120574236,0.003386870725080371,-0.0009620226919651031,0.4677979052066803,1.0723602771759033,0.41341632604599,-0.08067826181650162,-0.2074836939573288,-0.5601896643638611,0.0042723133228719234,1.2408483028411865,0.602802574634552,-0.1288830136890999,0.3823313325313536,0.15879261893979177,0.0020389314740896225,-0.001495365984737873,0.0002203020267188549,-0.008375875651836395,0.1694636344909668,-0.26298269629478455,-0.20040105283260345,0.09203854203224182,-0.13686108589172363,0.002538088709115982,0.31296640634536743,0.25954312086105347,-1.0852177079046041,1.2899934587777677,-1.1421874685030733
0.0006158978212624788,-0.0025146761909127235,-0.007439597509801388,-0.7175678610801697,0.4993635416030884,-0.3456646800041199,-0.09012137353420258,0.17297543585300446,0.3079366087913513,0.007877216674387455,0.9400807023048401,0.3645097017288208,-1.4798289043121047,1.360438098820889,-1.0362404754324381,0.0019083241932094097,-0.0006296585779637098,0.0033525079488754272,0.014474883675575256,0.05239274352788925,-0.19650213420391083,-0.41035038232803345,-0.05016488581895828,-0.1759818196296692,0.0039086416363716125,0.20388135313987732,0.44930341839790344,-0.1616046702366311,0.7419931922150862,-1.359139352762348,0.0017813763115555048,0.003128728596493602,-0.0004349613736849278,0.5334869623184204,1.1610440015792847,0.4116314947605133,-0.08258163928985596,-0.20999985933303833,-0.569951593875885,0.0036264907103031874,1.3424128293991089,0.6129963397979736,-0.1288830136890999,0.3823313325313536,0.15879261893979177,0.001961849397048354,-0.001434925477951765,0.0003666726406663656,-0.002193145453929901,0.1884354054927826,-0.2829907536506653,-0.2009759247303009,0.09079746156930923,-0.1390446126461029,0.0024581116158515215,0.3399948179721832,0.2607084810733795,-1.0852177079046041,1.2899934587777677,-1.1421874685030733
0.0003900444135069847,-0.002524234354496002,-0.0072598825208842754,-0.7092833518981934,0.51259446144104,-0.362989604473114,-0.1187552735209465,0.23337525129318237,0.27970999479293823,0.007696088869124651,0.9474161267280579,0.38315075635910034,-1.4798289043121047,1.360438098820889,-1.0362404754324381,0.0017175786197185516,-0.0005206932546570897,0.003146957140415907,0.050065845251083374,0.043562211096286774,-0.22183085978031158,-0.419927716255188,-0.054388731718063354,-0.17717629671096802,0.0036227803211659193,0.23154520988464355,0.4590085744857788,-0.1616046702366311,0.7419931922150862,-1.359139352762348,0.0010401709005236626,0.002767070895060897,0.0002404229890089482,0.5894522070884705,1.1914918422698975,0.3872864842414856,-0.08379869908094406,-0.2086676061153412,-0.5726072192192078,0.0029658793937414885,1.384592890739441,0.615177571773529,-0.1288830136890999,0.3823313325313536,0.15879261893979177,0.0019408742664381862,-0.001376505708321929,0.0006039830623194575,0.004437670111656189,0.20343321561813354,-0.29473811388015747,-0.20032602548599243,0.09026029706001282,-0.13971778750419617,0.002454904606565833,0.35815542936325073,0.26038143038749695,-1.0852177079046041,1.2899934587777677,-1.1421874685030733
0.0002998614218086004,-0.002571596298366785,-0.0070299627259373665,-0.7026265263557434,0.5228286981582642,-0.37252670526504517,-0.14388737082481384,0.28601956367492676,0.2557781934738159,0.007491555064916611,0.9517405033111572,0.4097965955734253,-1.4798289043121047,1.360438098820889,-1.0362404754324381,0.001424199203029275,-0.0002977140247821808,0.0030642312485724688,0.08736143261194229,0.03730650991201401,-0.24792861938476562,-0.4252433478832245,-0.05550350248813629,-0.17676138877868652,0.0033921217545866966,0.26550403237342834,0.46385034918785095,-0.1616046702366311,0.7419931922150862,-1.359139352762348,0.0002533348451834172,0.0023847513366490602,0.0010256082750856876,0.6300581097602844,1.1637210845947266,0.34191107749938965,-0.08433286845684052,-0.20529934763908386,-0.5703503489494324,0.002608273411169648,1.3667930364608765,0.6120125651359558,-0.1288830136890999,0.3823313325313536,0.15879261893979177,0.00199795956723392,-0.0012872801162302494,0.0008986173779703677,0.010594978928565979,0.21253140270709991,-0.2987602949142456,-0.19718128442764282,0.09091613441705704,-0.13772206008434296,0.002540953690186143,0.3667963743209839,0.257125586271286,-1.0852177079046041,1.2899934587777677,-1.1421874685030733
0.0003761099651455879,-0.0026335001457482576,-0.006785586941987276,-0.6993107199668884,0.5273640751838684,-0.3734866976737976,-0.16445516049861908,0.32860925793647766,0.23726138472557068,0.007288413587957621,0.9521768093109131,0.4374042749404907,-1.4798289043121047,1.360438098820889,-1.0362404754324381,0.001039525493979454,-8.91159288585186e-06,0.0030829322058707476,0.12121327221393585,0.03523831069469452,-0.272750586271286,-0.42754220962524414,-0.054656222462654114,-0.17541390657424927,0.003253484843298793,0.30054497718811035,0.4653489589691162,-0.1616046702366311,0.7419931922150862,-1.359139352762348,-0.0005043609999120235,0.002115800278261304,0.0018179707694798708,0.6480082869529724,1.0870126485824585,0.28371989727020264,-0.08397505432367325,-0.2013188898563385,-0.5641523599624634,0.002834785496816039,1.2969225645065308,0.6048545241355896,-0.1288830136890999,0.3823313325313536,0.15879261893979177,0.002150398911908269,-0.0011457207147032022,0.00122158695012331,0.015568450093269348,0.21552050113677979,-0.29489266872406006,-0.18990124762058258,0.09338285028934479,-0.13158759474754333,0.0027256496250629425,0.3655860424041748,0.24919497966766357,-1.0852177079046041,1.2899934587777677,-1.1421874685030733
0.0006180396303534508,-0.0026907636784017086,-0.0065501597709953785,-0.6995819807052612,0.5257924199104309,-0.3656572103500366,-0.18053989112377167,0.36099478602409363,0.22403405606746674,0.007108218967914581,0.9484607577323914,0.4616309702396393,-1.4765892910843843,1.3601668093053614,-1.0329468099772037,0.0005855981726199389,0.00031317106913775206,0.00321123655885458,0.14684993028640747,0.03822533041238785,-0.2942696809768677,-0.42748481035232544,-0.05279500037431717,-0.17378517985343933,0.0032791830599308014,0.33109021186828613,0.46446943283081055,-0.1616046702366311,0.7419931922150862,-1.359139352762348,-0.0012090535601601005,0.0020679242443293333,0.002540729008615017,0.6366954445838928,0.9712167978286743,0.22702288627624512,-0.0822945088148117,-0.19781728088855743,-0.5537989139556885,0.0034919085446745157,1.183293104171753,0.5937990546226501,-0.1288830136890999,0.3823313325313536,0.15879261893979177,0.0024098576977849007,-0.0009525340283289552,0.001555923605337739,0.018841147422790527,0.21288451552391052,-0.2818765640258789,-0.1765589565038681,0.0983865037560463,-0.11959107220172882,0.00302252103574574,0.3537360727787018,0.23485100269317627,-1.0852177079046041,1.2899934587777677,-1.1421874685030733
0.0009804998990148306,-0.002725166967138648,-0.0063343835063278675,-0.7037031650543213,0.5193068385124207,-0.34726959466934204,-0.19226332008838654,0.3841037452220917,0.2159135341644287,0.006965079344809055,0.9409962296485901,0.4807489216327667,-1.4765892910843843,1.3601668093053614,-1.0329468099772037,0.00010860094334930182,0.0006776335649192333,0.003478975035250187,0.1619369387626648,0.04568874090909958,-0.31072890758514404,-0.4250917434692383,-0.05067681521177292,-0.1725226193666458,0.0035460188519209623,0.35336029529571533,0.4615573287010193,-0.1616046702366311,0.7419931922150862,-1.359139352762348,-0.0018899079877883196,0.002243253868073225,0.0032088845036923885,0.5944975018501282,0.8226595520973206,0.1850341260433197,-0.07865087687969208,-0.1956259310245514,-0.5380237698554993,0.004347513895481825,1.031713843345642,0.5778625011444092,-0.1288830136890999,0.3823313325313536,0.15879261893979177,0.0027734299656003714,-0.0007180513348430395,0.0018825388979166746,0.02017062157392502,0.20416931807994843,-0.2580391466617584,-0.1551155149936676,0.10670162737369537,-0.09990372508764267,0.0034280410036444664,0.32966068387031555,0.21313565969467163,-1.0852177079046041,1.2899934587777677,-1.1421874685030733
0.001418673200532794,-0.002723843324929476,-0.00613880529999733,-0.7112677097320557,0.5082156658172607,-0.31931793689727783,-0.2004600614309311,0.3995094299316406,0.2117689996957779,0.006864174269139767,0.930671215057373,0.4946090877056122,-1.4765892910843843,1.3601668093053614,-1.0329468099772037,-0.0003257455537095666,0.001089856494218111,0.0038874344900250435,0.1669013500213623,0.0552198588848114,-0.31983765959739685,-0.41974467039108276,-0.048899002373218536,-0.17229750752449036,0.004050437361001968,0.3649677038192749,0.45635858178138733,-0.1616046702366311,0.7419931922150862,-1.359139352762348,-0.0025630020536482334,0.002537634689360857,0.0038696839474141598,0.5253767967224121,0.6460662484169006,0.16197803616523743,-0.07223677635192871,-0.1953815221786499,-0.5147416591644287,0.005289898253977299,0.8483273386955261,0.5552936792373657,-0.1288830136890999,0.3823313325313536,0.15879261893979177,0.0032119068782776594,-0.0004493153537623584,0.0021709525026381016,0.019647106528282166,0.1878059208393097,-0.22251629829406738,-0.12372368574142456,0.11903706938028336,-0.07086440175771713,0.003902725176885724,0.29183998703956604,0.1857394427061081,-1.0852177079046041,1.2899934587777677,-1.1421874685030733
0.0018800155958160758,-0.0026724515482783318,-0.005965530872344971,-0.7224501967430115,0.4917934238910675,-0.28339412808418274,-0.20573686063289642,0.40874651074409485,0.21046540141105652,0.006801765877753496,0.9187530875205994,0.5036834478378296,-1.4765892910843843,1.3601668093053614,-1.0329468099772037,-0.0006646189140155911,0.0015153897693380713,0.004383189603686333,0.16362164914608002,0.06336864829063416,-0.3195517063140869,-0.41024380922317505,-0.04793776571750641,-0.1738244742155075,0.004685133695602417,0.3645557761192322,0.4481216073036194,-0.1616046702366311,0.7419931922150862,-1.359139352762348,-0.003193511627614498,0.002834095386788249,0.004508256446570158,0.43686360120773315,0.45008111000061035,0.15194211900234222,-0.06216325983405113,-0.19756591320037842,-0.48140379786491394,0.006209266372025013,0.6453752517700195,0.5240669846534729,-0.1288830136890999,0.3823313325313536,0.15879261893979177,0.0036677210591733456,-0.00015924908802844584,0.002386899432167411,0.017656296491622925,0.1619740128517151,-0.17610445618629456,-0.08120149374008179,0.13585254549980164,-0.03141389787197113,0.004378906916826963,0.2399168759584427,0.1613580733537674,-1.0852177079046041,1.2899934587777677,-1.1421874685030733
0.00231130700558424,-0.00256806006655097,-0.005821608006954193,-0.7372375726699829,0.4695536494255066,-0.2414489984512329,-0.20846715569496155,0.4130150079727173,0.21077865362167358,0.0067696524783968925,0.906806230545044,0.508397102355957,-1.4765892910843843,1.3601668093053614,-1.0329468099772037,-0.0008873993065208197,0.0019008558010682464,0.004879392683506012,0.15389947593212128,0.06747261434793472,-0.30952396988868713,-0.3949331045150757,-0.04818049073219299,-0.17785872519016266,0.005311233457177877,0.35219696164131165,0.43580642342567444,-0.1616046702366311,0.7419931922150862,-1.359139352762348,-0.0037268141750246286,0.003080368274822831,0.005048905499279499,0.33878740668296814,0.24871908128261566,0.14354784786701202,-0.047604940831661224,-0.20250612497329712,-0.4355171322822571,0.006990655325353146,0.44412168860435486,0.4826490581035614,-0.1288830136890999,0.3823313325313536,0.15879261893979177,0.004069477319717407,0.00011609343346208334,0.0025009564124047756,0.014766223728656769,0.12576934695243835,-0.12146870791912079,-0.02770867943763733,0.1570928543806076,0.01827951893210411,0.004777960479259491,0.17547255754470825,0.16056175529956818,-1.0852177079046041,1.2899934587777677,-1.1421874685030733
0.002663897117599845,-0.002432954963296652,-0.005720973946154118,-0.7549869418144226,0.4424876570701599,-0.19481903314590454,-0.20867547392845154,0.41297152638435364,0.21143607795238495,0.006763516925275326,0.8965238928794861,0.5087200999259949,-1.4765892910843843,1.3601668093053614,-1.0329468099772037,-0.0009902252350002527,0.00220883684232831,0.0052907937206327915,0.13856171071529388,0.06655208021402359,-0.2904079258441925,-0.37191951274871826,-0.04994228482246399,-0.1851559579372406,0.005818247329443693,0.32858070731163025,0.41845080256462097,-0.1616046702366311,0.7419931922150862,-1.359139352762348,-0.004120264668017626,0.003274875693023205,0.00542661314830184,0.2411736696958542,0.057075902819633484,0.12614569067955017,-0.028021883219480515,-0.2103245109319687,-0.3753766119480133,0.0075597302056849,0.2780919671058655,0.43119511008262634,-0.1288830136890999,0.3823313325313536,0.15879261893979177,0.00435361173003912,0.0003204463282600045,0.0024916897527873516,0.011542467400431633,0.08068143576383591,-0.06276636570692062,0.034355103969573975,0.18183256685733795,0.07598713040351868,0.005026443861424923,0.10287049412727356,0.20004349946975708,-1.0852177079046041,1.2899934587777677,-1.1421874685030733
0.0029061236418783665,-0.00230783736333251,-0.005682040937244892,-0.7745716571807861,0.412613183259964,-0.14483243227005005,-0.2059793919324875,0.408632755279541,0.21112316846847534,0.006786549463868141,0.8894871473312378,0.5039654970169067,-1.4765892910843843,1.3601668093053614,-1.0329468099772037,-0.0009690369479358196,0.00242035835981369,0.00554926972836256,0.11695273220539093,0.06057725101709366,-0.26184120774269104,-0.33941638469696045,-0.05345754325389862,-0.19637857377529144,0.006131195928901434,0.2931012809276581,0.3957597017288208,-0.1616046702366311,0.7419931922150862,-1.359139352762348,-0.004334289580583572,0.003428750904276967,0.0056245592422783375,0.15059417486190796,-0.11188776046037674,0.09393738210201263,-0.003473382443189621,-0.2208332121372223,-0.30105406045913696,0.00788530707359314,0.20981352031230927,0.3733803927898407,-0.1288830136890999,0.3823313325313536,0.15879261893979177,0.004477661103010178,0.0004032431752420962,0.0023493729531764984,0.008372419513761997,0.031350430101156235,-0.004776795860379934,0.0999016985297203,0.20809674263000488,0.13700173795223236,0.005072633270174265,0.032798852771520615,0.2684289216995239,-1.0852177079046041,1.2899934587777677,-1.1421874685030733
0.003030254505574703,-0.002227768301963806,-0.0057201082818210125,-0.7945970892906189,0.382179319858551,-0.09416660666465759,-0.1995893269777298,0.39937543869018555,0.20848362147808075,0.006845803931355476,0.8867428302764893,0.49274951219558716,-1.4765892910843843,1.3601668093053614,-1.0329468099772037,-0.0008201153250411153,0.002515714382752776,0.005610877647995949,0.08744077384471893,0.050162363797426224,-0.22225028276443481,-0.2962496876716614,-0.058839812874794006,-0.21193471550941467,0.006203495431691408,0.2440437227487564,0.3689746856689453,-0.1616046702366311,0.7419931922150862,-1.359139352762348,-0.004323992412537336,0.0035592811182141304,0.005654062144458294,0.0690682902932167,-0.2476867437362671,0.046621695160865784,0.02496831864118576,-0.23337040841579437,-0.2156696766614914,0.007958253845572472,0.261328786611557,0.31874531507492065,-0.1288830136890999,0.3823313325313536,0.15879261893979177,0.004422745201736689,0.00034474863787181675,0.002081005834043026,0.005418263375759125,-0.01547238789498806,0.04806729778647423,0.16252635419368744,0.23339936137199402,0.19540582597255707,0.004900011233985424,0.05078599601984024,0.3450703024864197,-1.0852177079046041,1.2899934587777677,-1.1421874685030733
0.003046295838430524,-0.0022055162116885185,-0.005838550627231598,-0.8133671283721924,0.35376277565956116,-0.04678612947463989,-0.18837378919124603,0.3840353488922119,0.2021404653787613,0.006944990251213312,0.8882021903991699,0.4731052815914154,-1.4765892910843843,1.3601668093053614,-1.0329468099772037,-0.0005474953213706613,0.002469076309353113,0.005470986478030682,0.04952126741409302,0.036933764815330505,-0.17098455131053925,-0.242558091878891,-0.06600652635097504,-0.23173612356185913,0.006027253344655037,0.18180257081985474,0.34189605712890625,-0.1616046702366311,0.7419931922150862,-1.359139352762348,-0.004063895903527737,0.0036856194492429495,0.005529163870960474,-0.0028464137576520443,-0.3426070511341095,-0.011825202032923698,0.05500810593366623,-0.24672310054302216,-0.12603557109832764,0.00778913963586092,0.3428228795528412,0.2824591100215912,-0.1288830136890999,0.3823313325313536,0.15879261893979177,0.004192866384983063,0.00016111490549519658,0.0017173015512526035,0.0026937052607536316,-0.0529908612370491,0.09228383004665375,0.21713554859161377,0.2557756304740906,0.24650242924690247,0.00453378539532423,0.10644995421171188,0.4163321554660797,-1.0852177079046041,1.2899934587777677,-1.1421874685030733
0.002967905020341277,-0.0022334393579512835,-0.00602002814412117,-0.8289358615875244,0.33044829964637756,-0.00682675838470459,-0.171006441116333,0.3611152470111847,0.19076627492904663,0.007073715329170227,0.892399787902832,0.44276314973831177,-1.4765892910843843,1.3601668093053614,-1.0329468099772037,-0.00017360539641231298,0.002267161849886179,0.005172862205654383,0.005619697272777557,0.022965334355831146,-0.11038974672555923,-0.1807047426700592,-0.07456601411104202,-0.25487020611763,0.005650545470416546,0.1128932386636734,0.3212057054042816,-0.1616046702366311,0.7419931922150862,-1.359139352762348,-0.003579449839890003,0.0038137808442115784,0.005267638713121414,-0.06346923112869263,-0.393265038728714,-0.07471919059753418,0.08374309539794922,-0.259425550699234,-0.04080487787723541,0.007423301227390766,0.4053007662296295,0.275643914937973,-0.1288830136890999,0.3823313325313536,0.15879261893979177,0.0038122301921248436,-0.00011061440454795957,0.0013147491263225675,0.00019776076078414917,-0.07631014287471771,0.12542025744915009,0.261307030916214,0.2743085026741028,0.28806832432746887,0.004034092184156179,0.14681117236614227,0.4759305417537689,-1.0852177079046041,1.2899934587777677,-1.1421874685030733
0.002802729606628418,-0.0022951767314225435,-0.006227377336472273,-0.8395287990570068,0.31518056988716125,0.02242112159729004,-0.14621783792972565,0.3291252851486206,0.17323143780231476,0.007204398512840271,0.8970229029655457,0.39964014291763306,-1.4765892910843843,1.3601668093053614,-1.0329468099772037,0.00025741488207131624,0.0019277866231277585,0.004793833009898663,-0.03934665769338608,0.009790241718292236,-0.045808207243680954,-0.11573464423418045,-0.08376156538724899,-0.27943530678749084,0.005173341371119022,0.061175160109996796,0.31383848190307617,-0.1616046702366311,0.7419931922150862,-1.359139352762348,-0.0029883303213864565,0.003962124232202768,0.004853750579059124,-0.10909201204776764,-0.40393152832984924,-0.13238877058029175,0.10935330390930176,-0.26977959275245667,0.035728611052036285,0.006941717118024826,0.4388490915298462,0.2932843267917633,-0.12876725658260413,0.37529772850012466,0.1519127258653776,0.003319229930639267,-0.0004313302633818239,0.00094495655503124,-0.0021796077489852905,-0.08392360061407089,0.14594799280166626,0.29448583722114563,0.28877902030944824,0.3203440010547638,0.003477970138192177,0.16837084293365479,0.5222408771514893,-1.0812233478175794,1.2895462230141517,-1.1377232729222988
0.0025579817593097687,-0.0023712911643087864,-0.006420441437512636,-0.8442659378051758,0.30942633748054504,0.039383769035339355,-0.11317591369152069,0.28708383440971375,0.14885690808296204,0.007306734099984169,0.900044858455658,0.34261390566825867,-1.4765892910843843,1.3601668093053614,-1.0329468099772037,0.0006929052760824561,0.0014944176655262709,0.004417922347784042,-0.07966706901788712,-0.0017565032467246056,0.01611032336950302,-0.0540149062871933,-0.09266549348831177,-0.30305081605911255,0.004715023096650839,0.08129864186048508,0.32147207856178284,-0.1616046702366311,0.7419931922150862,-1.359139352762348,-0.002306777983903885,0.004062038846313953,0.004425886087119579,-0.14284546673297882,-0.38137727975845337,-0.18312117457389832,0.1293414682149887,-0.2778240144252777,0.09516030550003052,0.006435048766434193,0.44652751088142395,0.32089075446128845,-0.12876725658260413,0.37529772850012466,0.1519127258653776,0.002767945174127817,-0.0007570142042823136,0.000653302064165473,-0.0037982985377311707,-0.07790873199701309,0.15351305902004242,0.31835320591926575,0.29984793066978455,0.3434390723705292,0.0029430247377604246,0.17219308018684387,0.5560646653175354,-1.0812233478175794,1.2895462230141517,-1.1377232729222988
0.002255391562357545,-0.0024374297354370356,-0.00657231267541647,-0.843550980091095,0.31240344047546387,0.04447939991950989,-0.0720195323228836,0.23520465195178986,0.11779236793518066,0.0073636369779706,0.900640070438385,0.27273261547088623,-1.4765892910843843,1.3601668093053614,-1.0329468099772037,0.00108430499676615,0.0010200691176578403,0.0041130343452095985,-0.1101624071598053,-0.011141249909996986,0.06907626241445541,-0.0006194040179252625,-0.1005449891090393,-0.3238314986228943,0.004374163690954447,0.13050445914268494,0.33908188343048096,-0.1616046702366311,0.7419931922150862,-1.359139352762348,-0.0016699843108654022,0.004133184440433979,0.0039756884798407555,-0.16370809078216553,-0.3368174433708191,-0.2189851999282837,0.14446738362312317,-0.2835829555988312,0.1395072340965271,0.005973119754344225,0.4338212013244629,0.3474944531917572,-0.12876725658260413,0.37529772850012466,0.1519127258653776,0.0022168271243572235,-0.0010407886002212763,0.00047203199937939644,-0.004633054137229919,-0.0628025233745575,0.14910846948623657,0.33420372009277344,0.30790379643440247,0.35916340351104736,0.002494068583473563,0.16186091303825378,0.5792195200920105,-1.0812233478175794,1.2895462230141517,-1.1377232729222988
0.0019364501349627972,-0.0024706788826733828,-0.006673349998891354,-0.8387218713760376,0.32169365882873535,0.03957495093345642,-0.02455606870353222,0.17578427493572235,0.08153028786182404,0.007374801207333803,0.8991703987121582,0.19532102346420288,-1.4765892910843843,1.3601668093053614,-1.0329468099772037,0.0013911318965256214,0.0005642082542181015,0.003916713409125805,-0.12722061574459076,-0.018130995333194733,0.10828177630901337,0.042034074664115906,-0.1070484146475792,-0.34088683128356934,0.004194546956568956,0.16804392635822296,0.35976389050483704,-0.1616046702366311,0.7419931922150862,-1.359139352762348,-0.0011477400548756123,0.004171293694525957,0.0035439333878457546,-0.17218002676963806,-0.2797548174858093,-0.23624756932258606,0.155083566904068,-0.28733885288238525,0.17009994387626648,0.0055925361812114716,0.4046252965927124,0.3681691288948059,-0.12876725658260413,0.37529772850012466,0.1519127258653776,0.0017310354160144925,-0.0012388085015118122,0.0003996692830696702,-0.004581097513437271,-0.043748047202825546,0.13498470187187195,0.3436511158943176,0.31336498260498047,0.36889752745628357,0.002165840473026037,0.1419709473848343,0.5936152935028076,-1.0812233478175794,1.2895462230141517,-1.1377232729222988
0.0016509494744241238,-0.002463801298290491,-0.006727849133312702,-0.8314508199691772,0.3343169093132019,0.02713814377784729,0.025387940928339958,0.11365300416946411,0.043158598244190216,0.0073525444604456425,0.8965571522712708,0.12419427186250687,-1.4765892910843843,1.3601668093053614,-1.0329468099772037,0.0015843947185203433,0.00019245513249188662,0.0038303458131849766,-0.12997816503047943,-0.02333102561533451,0.13155652582645416,0.074184350669384,-0.11219415068626404,-0.35402268171310425,0.004149565938860178,0.18640220165252686,0.37871214747428894,-0.16049350169269458,0.7411024655584361,-1.3595802586666206,-0.0007742535090073943,0.00417709443718195,0.003170786891132593,-0.16948352754116058,-0.21964052319526672,-0.23503601551055908,0.1617453694343567,-0.28957056999206543,0.18902766704559326,0.005301082506775856,0.36360493302345276,0.3817645013332367,-0.12876725658260413,0.37529772850012466,0.1519127258653776,0.0013666108716279268,-0.0013360984157770872,0.0004140616219956428,-0.003650244325399399,-0.025379925966262817,0.11400917172431946,0.3479810953140259,0.31637468934059143,0.37363681197166443,0.001955564133822918,0.11685699224472046,0.6006565093994141,-1.0812233478175794,1.2895462230141517,-1.1377232729222988
0.0014413741882890463,-0.002429736778140068,-0.006748504936695099,-0.8232946395874023,0.3475022315979004,0.009467124938964844,0.07300730049610138,0.05489205941557884,0.006539598107337952,0.007315975613892078,0.8936786651611328,0.09157494455575943,-1.4765892910843843,1.3601668093053614,-1.0329468099772037,0.0016684664878994226,-6.015854887664318e-05,0.003819323144853115,-0.12058468163013458,-0.027416957542300224,0.14057521522045135,0.09603643417358398,-0.11596707999706268,-0.36381399631500244,0.004168288316577673,0.18722645938396454,0.39374101161956787,-0.16049350169269458,0.7411024655584361,-1.3595802586666206,-0.0005436169449239969,0.004160611424595118,0.002887043636292219,-0.15842841565608978,-0.1655588299036026,-0.22055800259113312,0.16498056054115295,-0.2908686101436615,0.1984686702489853,0.005093253217637539,0.3180489242076874,0.3888610899448395,-0.12876725658260413,0.37529772850012466,0.1519127258653776,0.0011558993719518185,-0.0013547304552048445,0.0004835972795262933,-0.0019406825304031372,-0.010990770533680916,0.08904659748077393,0.34793829917907715,0.31668370962142944,0.3737746477127075,0.0018453358206897974,0.08974330127239227,0.6008802652359009,-1.0812233478175794,1.2895462230141517,-1.1377232729222988
0.0013346143532544374,-0.002392430091276765,-0.006750588305294514,-0.8153729438781738,0.3592931926250458,-0.011653006076812744,0.11451876163482666,0.004349943250417709,-0.025252684950828552,0.007285283878445625,0.8911006450653076,0.11735060811042786,-1.4765892910843843,1.3601668093053614,-1.0329468099772037,0.001658187946304679,-0.00018012942746281624,0.003838933538645506,-0.10375750064849854,-0.03083757311105728,0.13913263380527496,0.10974016785621643,-0.118658646941185,-0.37070828676223755,0.004185623489320278,0.17627950012683868,0.4044099450111389,-0.16049350169269458,0.7411024655584361,-1.3595802586666206,-0.0004262157599441707,0.0041424245573580265,0.002703568898141384,-0.14270001649856567,-0.12294578552246094,-0.2004622370004654,0.1651427447795868,-0.2918819785118103,0.20026695728302002,0.004964939784258604,0.27507102489471436,0.3906072974205017,-0.12876725658260413,0.37529772850012466,0.1519127258653776,0.0011070832842960954,-0.0013352336827665567,0.0005785348475910723,0.0003515612334012985,-0.001833552960306406,0.06260272115468979,0.3436260521411896,0.3135894238948822,0.36899831891059875,0.0018284379038959742,0.0626305565237999,0.5937819480895996,-1.0812233478175794,1.2895462230141517,-1.1377232729222988
0.0013397904112935066,-0.00237366184592247,-0.006743563339114189,-0.8082823753356934,0.3687722086906433,-0.034775763750076294,0.1481977254152298,-0.03565463423728943,-0.05074581876397133,0.007273579481989145,0.8891134262084961,0.16065166890621185,-1.4765892910843843,1.3601668093053614,-1.0329468099772037,0.0015841030981391668,-0.00018352537881582975,0.003859140444546938,-0.08451397716999054,-0.03274434804916382,0.13111601769924164,0.11715561896562576,-0.12044280767440796,-0.3751894235610962,0.004175647161900997,0.15939326584339142,0.41109487414360046,-0.16049350169269458,0.7411024655584361,-1.3595802586666206,-0.0003929603844881058,0.00413881428539753,0.0026138268876820803,-0.12540248036384583,-0.09257920831441879,-0.18048952519893646,0.16233909130096436,-0.29328352212905884,0.19571274518966675,0.0049108341336250305,0.23848094046115875,0.38816580176353455,-0.12876725658260413,0.37529772850012466,0.1519127258653776,0.001212072093039751,-0.0013119103386998177,0.0006821348797529936,0.0029613636434078217,0.0027608838863670826,0.03670220822095871,0.33450669050216675,0.3059368133544922,0.3582889437675476,0.0019119454082101583,0.03692484647035599,0.5778087973594666,-1.0812233478175794,1.2895462230141517,-1.1377232729222988
0.0014487081207334995,-0.002384468447417021,-0.00672331266105175,-0.8023545742034912,0.37563079595565796,-0.05833268165588379,0.1740361750125885,-0.0648798868060112,-0.06978675723075867,0.007279242854565382,0.8878479599952698,0.1984141618013382,-1.4760198101021333,1.3601696601907611,-1.0325380170470675,0.0014784546801820397,-9.536673314869404e-05,0.003883602563291788,-0.06678054481744766,-0.031712621450424194,0.11894308775663376,0.11997587233781815,-0.12141589820384979,-0.37754225730895996,0.00415659649297595,0.1400456726551056,0.41433584690093994,-0.16049350169269458,0.7411024655584361,-1.3595802586666206,-0.0004292505909688771,0.004146399907767773,0.0026072608307003975,-0.10855262726545334,-0.07317662239074707,-0.16269278526306152,0.15642593801021576,-0.29574155807495117,0.18549105525016785,0.004916777368634939,0.20882393419742584,0.3825429081916809,-0.12876725658260413,0.37529772850012466,0.1519127258653776,0.0014488911256194115,-0.0013030804693698883,0.0007947598351165652,0.0056292349472641945,0.004381123464554548,0.01289185881614685,0.3194985091686249,0.29219597578048706,0.34003403782844543,0.0021045063622295856,0.014733721502125263,0.5505278706550598,-1.0812233478175794,1.2895462230141517,-1.1377232729222988
0.0016331716906279325,-0.002425156533718109,-0.006677048280835152,-0.7976326942443848,0.38033750653266907,-0.08003327250480652,0.19296708703041077,-0.08443460613489151,-0.08305875957012177,0.007289143279194832,0.8872879147529602,0.22641611099243164,-1.4760198101021333,1.3601696601907611,-1.0325380170470675,0.0013717294204980135,5.951372440904379e-05,0.003938707057386637,-0.053072214126586914,-0.02673500031232834,0.10390698909759521,0.11955225467681885,-0.12155781686306,-0.37775447964668274,0.004171162378042936,0.11969996988773346,0.41444844007492065,-0.16049350169269458,0.7411024655584361,-1.3595802586666206,-0.0005313219153322279,0.0041450136341154575,0.002674540039151907,-0.09387893229722977,-0.06318052113056183,-0.14661313593387604,0.14706943929195404,-0.2998831868171692,0.16977064311504364,0.004961512517184019,0.18520379066467285,0.37467509508132935,-0.12876725658260413,0.37529772850012466,0.1519127258653776,0.001776623772457242,-0.0013132852036505938,0.000924863968975842,0.008172411471605301,0.004541315138339996,-0.007742361165583134,0.2971796691417694,0.27064040303230286,0.31227025389671326,0.002395095769315958,0.012139028869569302,0.5089938044548035,-1.0812233478175794,1.2895462230141517,-1.1377232729222988
0.001856779446825385,-0.0024855202063918114,-0.006597575731575489,-0.7942620515823364,0.38309594988822937,-0.09783068299293518,0.20639429986476898,-0.09597721695899963,-0.09159132838249207,0.0072906408458948135,0.8872347474098206,0.2453552484512329,-1.4760198101021333,1.3601696601907611,-1.0325380170470675,0.0012871386716142297,0.000253271427936852,0.0040454440750181675,-0.04465612769126892,-0.017888950183987617,0.08732850849628448,0.11682070791721344,-0.12071171402931213,-0.3754672408103943,0.004252821672707796,0.09970182180404663,0.41133204102516174,-0.16049350169269458,0.7411024655584361,-1.3595802586666206,-0.000693399109877646,0.004109053872525692,0.0027985458727926016,-0.08360814303159714,-0.06008940935134888,-0.13092781603336334,0.13387441635131836,-0.3062354028224945,0.14841844141483307,0.0050196596421301365,0.1665627509355545,0.3656918406486511,-0.12876725658260413,0.37529772850012466,0.1519127258653776,0.002137576462700963,-0.0013346838532015681,0.0010753695387393236,0.010478856042027473,0.00439582671970129,-0.024352312088012695,0.2661214768886566,0.23965588212013245,0.273091197013855,0.0027398967649787664,0.02687312476336956,0.4503713548183441,-1.0812233478175794,1.2895462230141517,-1.1377232729222988
0.0020807734690606594,-0.002550405915826559,-0.006492799147963524,-0.7922202348709106,0.3842158913612366,-0.11061212420463562,0.21572694182395935,-0.10139306634664536,-0.09651981294155121,0.00727946637198329,0.8873949646949768,0.2571667730808258,-1.4760198101021333,1.3601696601907611,-1.0325380170470675,0.001231939415447414,0.00045379437506198883,0.004202266223728657,-0.041904546320438385,-0.006463171914219856,0.0711398646235466,0.11230053007602692,-0.11858263611793518,-0.3699742555618286,0.004402572754770517,0.08281692862510681,0.40441834926605225,-0.16049350169269458,0.7411024655584361,-1.3595802586666206,-0.0009025472681969404,0.004021381493657827,0.0029491549357771873,-0.08016092330217361,-0.06038913503289223,-0.11439602077007294,0.11658631265163422,-0.31513214111328125,0.1213337704539299,0.005067900288850069,0.15218104422092438,0.3572429418563843,-0.12876725658260413,0.37529772850012466,0.1519127258653776,0.0024755040649324656,-0.0013494098093360662,0.001237969845533371,0.012440896593034267,0.004821399692445993,-0.0358428917825222,0.22537530958652496,0.1982136219739914,0.22125478088855743,0.003079220186918974,0.03824571520090103,0.37287577986717224,-1.0812233478175794,1.2895462230141517,-1.1377232729222988
0.0022714356891810894,-0.0026056075002998114,-0.0063827624544501305,-0.7914394736289978,0.38383054733276367,-0.11829283833503723,0.2220906913280487,-0.10250452905893326,-0.09888045489788055,0.007258668541908264,0.8875221014022827,0.26383477449417114,-1.4760198101021333,1.3601696601907611,-1.0325380170470675,0.0012008443009108305,0.0006332123884931207,0.004390370100736618,-0.04469593986868858,0.005396539345383644,0.05751979723572731,0.1061466708779335,-0.11475840210914612,-0.3602779507637024,0.00459546921774745,0.07304365932941437,0.3927299380302429,-0.16049350169269458,0.7411024655584361,-1.3595802586666206,-0.0011399901704862714,0.0038830770645290613,0.0030917141120880842,-0.08561837673187256,-0.061728350818157196,-0.09656413644552231,0.09537320584058762,-0.3265763223171234,0.0889011025428772,0.005092795006930828,0.14305777847766876,0.3516412079334259,-0.12876725658260413,0.37529772850012466,0.1519127258653776,0.0027527916245162487,-0.0013394467532634735,0.0013945322716608644,0.013924524188041687,0.006235191598534584,-0.04056904464960098,0.17513985931873322,0.14653688669204712,0.1570250689983368,0.0033640300389379263,0.04334301874041557,0.2771351933479309,-1.0812233478175794,1.2895462230141517,-1.1377232729222988
0.002401558682322502,-0.002640647115185857,-0.006292564328759909,-0.7919667959213257,0.38177555799484253,-0.12095069885253906,0.22611847519874573,-0.1009371429681778,-0.09949509799480438,0.0072344220243394375,0.8874644041061401,0.26686540246009827,-1.4760198101021333,1.3601696601907611,-1.0325380170470675,0.0011907884618267417,0.0007741013541817665,0.00458536995574832,-0.05244462937116623,0.015211163088679314,0.048279035836458206,0.09824393689632416,-0.10875921696424484,-0.34521573781967163,0.004800294525921345,0.07288815826177597,0.37503913044929504,-0.16049350169269458,0.7411024655584361,-1.3595802586666206,-0.001378921209834516,0.003707141149789095,0.0031961714848876,-0.10190990567207336,-0.06456440687179565,-0.07815448939800262,0.07118982821702957,-0.3400513231754303,0.05255907401442528,0.005085255950689316,0.14374391734600067,0.35137635469436646,-0.12876725658260413,0.37529772850012466,0.1519127258653776,0.002949297893792391,-0.0012985965004190803,0.0015190693084150553,0.014833621680736542,0.008169521577656269,-0.03674649819731712,0.11762119829654694,0.08697543293237686,0.0832667350769043,0.003562623169273138,0.04046087712049484,0.1683235615491867,-1.0812233478175794,1.2895462230141517,-1.1377232729222988
0.0024543078616261482,-0.0026484867557883263,-0.0062473430298268795,-0.7940205335617065,0.3775940537452698,-0.11833372712135315,0.22780898213386536,-0.09807884693145752,-0.09891268610954285,0.007215774618089199,0.887157678604126,0.2670208215713501,-1.4760198101021333,1.3601696601907611,-1.0325380170470675,0.0012076973216608167,0.000867130933329463,0.004759916570037603,-0.06382071226835251,0.02076314389705658,0.04439491033554077,0.08833824843168259,-0.1001235693693161,-0.323678195476532,0.004986708052456379,0.08046800643205643,0.35013705492019653,-0.16049350169269458,0.7411024655584361,-1.3595802586666206,-0.0015804211143404245,0.0035111322067677975,0.0032396435271948576,-0.13091738522052765,-0.07112757861614227,-0.060605697333812714,0.045968011021614075,-0.3544307053089142,0.015110727399587631,0.005032004788517952,0.16084633767604828,0.35771849751472473,-0.12876725658260413,0.37529772850012466,0.1519127258653776,0.0030546155758202076,-0.0012372989440336823,0.0015838347608223557,0.015223832800984383,0.00904824212193489,-0.023476041853427887,0.05747053027153015,0.024445325136184692,0.005998656153678894,0.0036565172486007214,0.02940680831670761,0.06274089217185974,-1.0812233478175794,1.2895462230141517,-1.1377232729222988
0.002429455518722534,-0.002628798596560955,-0.006264789961278439,-0.7977577447891235,0.37089598178863525,-0.11044430732727051,0.22644172608852386,-0.0950985699892044,-0.09739047288894653,0.007215291261672974,0.8866674900054932,0.2642053961753845,-1.4760198101021333,1.3601696601907611,-1.0325380170470675,0.0012595048174262047,0.0009080290328711271,0.00488589983433485,-0.07669266313314438,0.020880384370684624,0.0456886887550354,0.07620656490325928,-0.08854003250598907,-0.29493874311447144,0.005126683507114649,0.09167993813753128,0.3172312080860138,-0.16049350169269458,0.7411024655584361,-1.3595802586666206,-0.001699825981631875,0.0033192906994372606,0.0032096512150019407,-0.17371433973312378,-0.0836995467543602,-0.045102979987859726,0.02211514301598072,-0.36828848719596863,-0.01998029835522175,0.004920260049402714,0.1980317384004593,0.3694925010204315,-0.12876725658260413,0.37529772850012466,0.1519127258653776,0.0030695893801748753,-0.0011773310834541917,0.0015740887029096484,0.015312930569052696,0.006609717383980751,-0.0013635894283652306,0.0005436837673187256,-0.03487759828567505,-0.06720883399248123,0.0036450298503041267,0.016734205186367035,0.07572165876626968,-1.0812233478175794,1.2895462230141517,-1.1377232729222988
0.002342168241739273,-0.002591385506093502,-0.006344336085021496,-0.802940845489502,0.3619205355644226,-0.09818488359451294,0.22054852545261383,-0.09299420565366745,-0.09490348398685455,0.007242349907755852,0.8861945271492004,0.25748059153556824,-1.4760198101021333,1.3601696601907611,-1.0325380170470675,0.001346573350019753,0.0008991959039121866,0.004944088403135538,-0.08855011314153671,0.015954386442899704,0.05094589665532112,0.06186899542808533,-0.07403336465358734,-0.25911766290664673,0.005202482454478741,0.10339801013469696,0.27649715542793274,-0.16049350169269458,0.7411024655584361,-1.3595802586666206,-0.0017057667719200253,0.003156609833240509,0.0031067943200469017,-0.2300710380077362,-0.10448849201202393,-0.03193207085132599,0.0015329781454056501,-0.3804863691329956,-0.04999875649809837,0.00474615627899766,0.254696249961853,0.3837604820728302,-0.12876725658260413,0.37529772850012466,0.1519127258653776,0.0030083085875958204,-0.0011386130936443806,0.0014989653136581182,0.015325644984841347,-0.0011684831697493792,0.02787495031952858,-0.04850006103515625,-0.0860723927617073,-0.13032867014408112,0.0035486980341374874,0.03183164447546005,0.16354288160800934,-1.0812233478175794,1.2895462230141517,-1.1377232729222988
0.0022155405022203922,-0.0025509062688797712,-0.00646543875336647,-0.8088725805282593,0.35179275274276733,-0.0829622745513916,0.20795831084251404,-0.09264522790908813,-0.0911770612001419,0.007295042276382446,0.885954737663269,0.24524080753326416,-1.4760198101021333,1.3601696601907611,-1.0325380170470675,0.0014566938625648618,0.0008499110117554665,0.004930980037897825,-0.09718205034732819,0.0077179111540317535,0.05837659537792206,0.04584509879350662,-0.057209208607673645,-0.21778854727745056,0.005211417097598314,0.11362985521554947,0.22979669272899628,-0.16049350169269458,0.7411024655584361,-1.3595802586666206,-0.001594939036294818,0.0030366687569767237,0.002936735050752759,-0.29899293184280396,-0.13611793518066406,-0.020437873899936676,-0.014890681952238083,-0.39047640562057495,-0.07370716333389282,0.004515484441071749,0.3291543424129486,0.39765095710754395,-0.12876725658260413,0.37529772850012466,0.1519127258653776,0.0028921181801706553,-0.001125944429077208,0.0013844255590811372,0.015294373035430908,-0.015270662494003773,0.062179867178201675,-0.08745095133781433,-0.12678465247154236,-0.18049156665802002,0.0033983427565544844,0.06582891941070557,0.23727457225322723,-1.0812233478175794,1.2895462230141517,-1.1377232729222988
0.0020774113945662975,-0.00251593510620296,-0.0065994868054986,-0.8146242499351501,0.34224438667297363,-0.06593474745750427,0.1859445869922638,-0.09484782814979553,-0.08574243634939194,0.00736198341473937,0.886053740978241,0.22566184401512146,-1.4760198101021333,1.3601696601907611,-1.0325380170470675,0.0015645533567294478,0.0007707108743488789,0.004855960141867399,-0.10133432596921921,-0.0013248128816485405,0.06599733978509903,0.029290705919265747,-0.03937901556491852,-0.1742856502532959,0.005159667693078518,0.12093821167945862,0.1810639202594757,-0.16049350169269458,0.7411024655584361,-1.3595802586666206,-0.0013922875514253974,0.002969156252220273,0.00269095366820693,-0.37890028953552246,-0.18118460476398468,-0.008384596556425095,-0.026904989033937454,-0.39844992756843567,-0.09002084285020828,0.004242120310664177,0.4200757145881653,0.4093775749206543,-0.12915599777210318,0.3757200065816945,0.1490155824530508,0.002741639269515872,-0.0011284371139481664,0.0012546738144010305,0.01491096243262291,-0.03530297800898552,0.09957572817802429,-0.11621572077274323,-0.1567274034023285,-0.21746326982975006,0.0032193418592214584,0.10669565200805664,0.29216405749320984,-1.0816618681319647,1.2896190315969747,-1.1376907443587905
0.0019576021004468203,-0.0024835937656462193,-0.006726539693772793,-0.8192703723907471,0.33512985706329346,-0.048018842935562134,0.15152069926261902,-0.10031396895647049,-0.07802040874958038,0.007432817481458187,0.8864659070968628,0.19775894284248352,-1.4760198101021333,1.3601696601907611,-1.0325380170470675,0.0016391550889238715,0.0006725039565935731,0.004734395537525415,-0.10121692717075348,-0.008491266518831253,0.07208934426307678,0.013680581003427505,-0.022199030965566635,-0.13280628621578217,0.00505505595356226,0.12455456703901291,0.13534203171730042,-0.16049350169269458,0.7411024655584361,-1.3595802586666206,-0.001141138025559485,0.0029435388278216124,0.0023737987503409386,-0.4678075611591339,-0.239614799618721,0.0051429904997348785,-0.035350557416677475,-0.4041421115398407,-0.10173997282981873,0.003949878271669149,0.5256288051605225,0.41824817657470703,-0.12915599777210318,0.3757200065816945,0.1490155824530508,0.002574378624558449,-0.001126868766732514,0.0011193370446562767,0.013517256826162338,-0.05961187183856964,0.13825872540473938,-0.13568800687789917,-0.17708933353424072,-0.24255625903606415,0.00302492524497211,0.15116800367832184,0.3295533359050751,-1.0816618681319647,1.2896190315969747,-1.1376907443587905
0.0018766119610518217,-0.002445116639137268,-0.006845480762422085,-0.8220142126083374,0.3320421576499939,-0.030454307794570923,0.10193729400634766,-0.10961713641881943,-0.06744259595870972,0.007507388014346361,0.8870664238929749,0.16418170928955078,-1.4760198101021333,1.3601696601907611,-1.0325380170470675,0.0016632390907034278,0.0005731853889301419,0.00458576949313283,-0.0981956422328949,-0.01187747623771429,0.07572538405656815,0.00017653964459896088,-0.006975576281547546,-0.09668225049972534,0.004911637865006924,0.12457042932510376,0.09693372249603271,-0.16049350169269458,0.7411024655584361,-1.3595802586666206,-0.0008843580726534128,0.0029636449180543423,0.001977196428924799,-0.5633787512779236,-0.309512197971344,0.02326621487736702,-0.04068421199917793,-0.40807491540908813,-0.1088632345199585,0.003670774633064866,0.6432221531867981,0.42430126667022705,-0.12915599777210318,0.3757200065816945,0.1490155824530508,0.0024000939447432756,-0.0011167807970196009,0.000978238182142377,0.010090336203575134,-0.08600634336471558,0.17625175416469574,-0.14757202565670013,-0.18950799107551575,-0.25787633657455444,0.002822162350639701,0.19637612998485565,0.35240742564201355,-1.0816618681319647,1.2896190315969747,-1.1376907443587905
0.0018355813808739185,-0.0023953537456691265,-0.006962969899177551,-0.8223767876625061,0.3338926434516907,-0.014975428581237793,0.035439711064100266,-0.12307069450616837,-0.05362080782651901,0.007588809356093407,0.8877004981040955,0.13884365558624268,-1.4760198101021333,1.3601696601907611,-1.0325380170470675,0.001651424216106534,0.0004937369376420975,0.0044424645602703094,-0.09335972368717194,-0.011386984959244728,0.07683204114437103,-0.010698763653635979,0.005688345059752464,-0.06748540699481964,0.004765130579471588,0.12144490331411362,0.06856457144021988,-0.16049350169269458,0.7411024655584361,-1.3595802586666206,-0.0006487536593340337,0.003001947421580553,0.001523550134152174,-0.6638087034225464,-0.38709738850593567,0.047810811549425125,-0.043610379099845886,-0.4105536639690399,-0.11250407248735428,0.0034283779095858335,0.7699170708656311,0.4279174506664276,-0.12915599777210318,0.3757200065816945,0.1490155824530508,0.00222398922778666,-0.0011034004855901003,0.0008439957746304572,0.0034170448780059814,-0.11264359951019287,0.2105715572834015,-0.1536754071712494,-0.19585701823234558,-0.26574209332466125,0.002622203202918172,0.23883181810379028,0.36413589119911194,-1.0816618681319647,1.2896190315969747,-1.1376907443587905
0.0018219109624624252,-0.0023363339714705944,-0.007072631269693375,-0.8205052614212036,0.34038758277893066,-0.003388315439224243,-0.047664232552051544,-0.14052772521972656,-0.03657492622733116,0.007668111473321915,0.8883152604103088,0.15283209085464478,-1.4760198101021333,1.3601696601907611,-1.0325380170470675,0.0016434689750894904,0.0004414403811097145,0.004354123957455158,-0.08598104864358902,-0.008795812726020813,0.0755915492773056,-0.018943611532449722,0.015762535855174065,-0.0453377366065979,0.004674853291362524,0.11482242494821548,0.05160260200500488,-0.160725230376217,0.741236028248618,-1.359489911010204,-0.00044648206676356494,0.002990148728713393,0.001059618778526783,-0.7659521698951721,-0.46819445490837097,0.07874029874801636,-0.04475368559360504,-0.4117823839187622,-0.11369410902261734,0.003203611820936203,0.9011597037315369,0.4295276403427124,-0.12915599777210318,0.3757200065816945,0.1490155824530508,0.0020515236537903547,-0.0010953783057630062,0.0007484442903660238,-0.007741808891296387,-0.13910101354122162,0.23670634627342224,-0.15570306777954102,-0.19790993630886078,-0.2683430016040802,0.0024431070778518915,0.27466148138046265,0.3679942190647125,-1.0816618681319647,1.2896190315969747,-1.1376907443587905
0.0018238923512399197,-0.0022756289690732956,-0.007158329710364342,-0.8173828125,0.34968170523643494,0.0027599334716796875,-0.14360059797763824,-0.16109783947467804,-0.017025168985128403,0.007729602511972189,0.8890442252159119,0.21647979319095612,-1.4760198101021333,1.3601696601907611,-1.0325380170470675,0.001669564750045538,0.00040482101030647755,0.004367936868220568,-0.07287327945232391,-0.006982890889048576,0.07151469588279724,-0.024839427322149277,0.02348441630601883,-0.02954094111919403,0.0046936338767409325,0.10234074294567108,0.04517944157123566,-0.160725230376217,0.741236028248618,-1.359489911010204,-0.0002867064904421568,0.0028373876120895147,0.0006317457882687449,-0.8628631830215454,-0.5476028919219971,0.11355946213006973,-0.04459046572446823,-0.41180896759033203,-0.11329521238803864,0.0029209712520241737,1.028249740600586,0.4294307231903076,-0.12915599777210318,0.3757200065816945,0.1490155824530508,0.0018925454933196306,-0.0011026915162801743,0.000717089104000479,-0.024573758244514465,-0.16704237461090088,0.2493307888507843,-0.15510983765125275,-0.197187140583992,-0.2675495445728302,0.0023047502618283033,0.3011193573474884,0.3667759299278259,-1.0816618681319647,1.2896190315969747,-1.1376907443587905
0.0018361860420554876,-0.0022257387172430754,-0.0072152866050601006,-0.8146569728851318,0.3587719798088074,0.002259582281112671,-0.24442735314369202,-0.18300828337669373,0.0034611672163009644,0.007770833559334278,0.8901620507240295,0.305366575717926,-1.4760198101021333,1.3601696601907611,-1.0325380170470675,0.0017326001543551683,0.00035583460703492165,0.0044988468289375305,-0.049353618174791336,-0.008842146955430508,0.06320304423570633,-0.02879234403371811,0.02919922024011612,-0.01903514564037323,0.004834061022847891,0.08067581802606583,0.0452098473906517,-0.160725230376217,0.741236028248618,-1.359489911010204,-0.00017705137724988163,0.002482071751728654,0.00026028419961221516,-0.9445965886116028,-0.6185346841812134,0.14770005643367767,-0.043419450521469116,-0.4104987680912018,-0.11196516454219818,0.002501954324543476,1.1387112140655518,0.42770397663116455,-0.12915599777210318,0.3757200065816945,0.1490155824530508,0.0017562874127179384,-0.0011389129795134068,0.0007427295204252005,-0.0481952503323555,-0.19949787855148315,0.24367323517799377,-0.15304243564605713,-0.1948963701725006,-0.2648385465145111,0.0022211067844182253,0.3185887932777405,0.3626927435398102,-1.0816618681319647,1.2896190315969747,-1.1376907443587905
0.001855192007496953,-0.002204406773671508,-0.007255358621478081,-0.8140761852264404,0.3647516369819641,-0.005508393049240112,-0.3401547074317932,-0.2040712833404541,0.02289794385433197,0.007806495763361454,0.8920729160308838,0.39733439683914185,-1.4760198101021333,1.3601696601907611,-1.0325380170470675,0.0018183416686952114,0.0002740167547017336,0.004721222445368767,-0.011821167543530464,-0.0165930837392807,0.048977747559547424,-0.031185436993837357,0.033156320452690125,-0.012753812596201897,0.005066694691777229,0.05304611474275589,0.047270845621824265,-0.160725230376217,0.741236028248618,-1.359489911010204,-0.00011758854088839144,0.0019296326208859682,-5.3623676649294794e-05,-1.0022021532058716,-0.6751980781555176,0.17611314356327057,-0.04136213660240173,-0.40753549337387085,-0.11015914380550385,0.0019339557038620114,1.221195101737976,0.42418280243873596,-0.12915599777210318,0.3757200065816945,0.1490155824530508,0.001643184688873589,-0.0012174815637990832,0.0007906527607701719,-0.07956568151712418,-0.23855799436569214,0.21667909622192383,-0.15033960342407227,-0.19193509221076965,-0.2612939774990082,0.0021925894543528557,0.3319494426250458,0.3573732078075409,-1.0816618681319647,1.2896190315969747,-1.1376907443587905
0.0018784848507493734,-0.002229571808129549,-0.007292088121175766,-0.8169092535972595,0.3659995198249817,-0.020500123500823975,-0.42281728982925415,-0.22256918251514435,0.03970552980899811,0.007853295654058456,0.8953863382339478,0.47946640849113464,-1.4760198101021333,1.3601696601907611,-1.0325380170470675,0.001921198912896216,0.00016590324230492115,0.004979440476745367,0.040456622838974,-0.031424958258867264,0.02783120423555374,-0.032297518104314804,0.035394687205553055,-0.00985557772219181,0.0053397901356220245,0.05829958990216255,0.048918772488832474,-0.160725230376217,0.741236028248618,-1.359489911010204,-9.33872870518826e-05,0.0012414375087246299,-0.00030760193476453424,-1.0307239294052124,-0.7157265543937683,0.19558744132518768,-0.038386210799217224,-0.4024522006511688,-0.1081530898809433,0.001282383338548243,1.2700042724609375,0.4184953570365906,-0.12915599777210318,0.3757200065816945,0.1490155824530508,0.0015475638210773468,-0.0013392273103818297,0.0008271433180198073,-0.11920057982206345,-0.28323692083358765,0.1681956797838211,-0.14756721258163452,-0.18892964720726013,-0.25765350461006165,0.002207407960668206,0.35031658411026,0.3519315719604492,-1.0816618681319647,1.2896190315969747,-1.1376907443587905
0.0019087118562310934,-0.0023072438780218363,-0.007327393162995577,-0.8236581087112427,0.3625577390193939,-0.042355477809906006,-0.48859870433807373,-0.23771099746227264,0.05314166843891144,0.007915632799267769,0.9009188413619995,0.5459480285644531,-1.4760198101021333,1.3601696601907611,-1.0325380170470675,0.0020461315289139748,6.552785634994507e-05,0.005209472496062517,0.10553380846977234,-0.05372101813554764,0.00028087361715734005,-0.0322495773434639,0.03565877676010132,-0.009866067208349705,0.00559728080406785,0.11842048913240433,0.049080777913331985,-0.160725230376217,0.741236028248618,-1.359489911010204,-7.494371675420552e-05,0.0004934785538353026,-0.0004970782320015132,-1.0294936895370483,-0.7416819334030151,0.20624543726444244,-0.03434949368238449,-0.39469900727272034,-0.10607898235321045,0.0007044319645501673,1.2854907512664795,0.41014623641967773,-0.12915599777210318,0.3757200065816945,0.1490155824530508,0.00146766088437289,-0.0014809344429522753,0.0008393864263780415,-0.16649596393108368,-0.32953307032585144,0.10202163457870483,-0.1450692117214203,-0.18629120290279388,-0.2543749213218689,0.0022476131562143564,0.38304224610328674,0.34706786274909973,-1.0816618681319647,1.2896190315969747,-1.1376907443587905
0.0019484239164739847,-0.0024220412597060204,-0.007353153079748154,-0.8341781497001648,0.3556477129459381,-0.07021644711494446,-0.5370982885360718,-0.24952751398086548,0.06328845024108887,0.007983201183378696,0.9095432162284851,0.595603883266449,-1.4770399429014944,1.3601995967829477,-1.0336891950741425,0.0021905230823904276,1.722085289657116e-05,0.005361425690352917,0.17946119606494904,-0.08336881548166275,-0.03073319047689438,-0.030979957431554794,0.033353839069604874,-0.012744197621941566,0.005791681353002787,0.20025286078453064,0.04727209359407425,-0.160725230376217,0.741236028248618,-1.359489911010204,-3.814388037426397e-05,-0.0002563093148637563,-0.0006212856969796121,-1.0025767087936401,-0.75614333152771,0.21103282272815704,-0.029064366593956947,-0.3837566077709198,-0.1039658635854721,0.0006731607136316597,1.2733607292175293,0.3986511826515198,-0.12915599777210318,0.3757200065816945,0.1490155824530508,0.0014038898516446352,-0.0015971267130225897,0.0008353687589988112,-0.21897666156291962,-0.37238767743110657,0.025847643613815308,-0.1430230438709259,-0.18427495658397675,-0.251708984375,0.002284635789692402,0.43277180194854736,0.3431767225265503,-1.0816618681319647,1.2896190315969747,-1.1376907443587905
0.0019956654869019985,-0.0025432556867599487,-0.007352824788540602,-0.8476724028587341,0.34734824299812317,-0.10302093625068665,-0.5701066255569458,-0.25832581520080566,0.07026255130767822,0.008032114244997501,0.9218528270721436,0.6298338174819946,-1.4770399429014944,1.3601995967829477,-1.0336891950741425,0.0023341665510088205,5.235360004007816e-05,0.005407249554991722,0.25672417879104614,-0.11978285014629364,-0.05968773365020752,-0.028246024623513222,0.02754664421081543,-0.01888243854045868,0.005889772903174162,0.28951317071914673,0.043740164488554,-0.160725230376217,0.741236028248618,-1.359489911010204,1.8971171812154353e-05,-0.0009750070748850703,-0.0006837169057689607,-0.9594910740852356,-0.7625123262405396,0.21384719014167786,-0.022385165095329285,-0.369305282831192,-0.10178345441818237,0.0011909942841157317,1.2440975904464722,0.3837282359600067,-0.12915599777210318,0.3757200065816945,0.1490155824530508,0.0013479820918291807,-0.0016409808304160833,0.0008395472541451454,-0.27243074774742126,-0.40759316086769104,-0.05012702941894531,-0.1414901167154312,-0.1830333173274994,-0.24976573884487152,0.002283574780449271,0.49281173944473267,0.3404461443424225,-1.0816618681319647,1.2896190315969747,-1.1376907443587905
0.0020278857555240393,-0.002640695311129093,-0.007304007187485695,-0.8630627393722534,0.3396269381046295,-0.1375899612903595,-0.5903196334838867,-0.2647673487663269,0.0747433602809906,0.008027086034417152,0.9376325011253357,0.6512799263000488,-1.4770399429014944,1.3601995967829477,-1.0336891950741425,0.002442191122099757,0.00016776053234934807,0.005334221292287111,0.330986887216568,-0.16161386668682098,-0.08017350733280182,-0.023653598502278328,0.01702411100268364,-0.029041726142168045,0.005869102198630571,0.376960426568985,0.04114285856485367,-0.160725230376217,0.741236028248618,-1.359489911010204,8.508332393830642e-05,-0.0016436155419796705,-0.000699724885635078,-0.9128856658935547,-0.7632973194122314,0.21775662899017334,-0.014321580529212952,-0.3514605760574341,-0.09948714822530746,0.0017883864929899573,1.2097111940383911,0.3655507266521454,-0.12915599777210318,0.3757200065816945,0.1490155824530508,0.001286565326154232,-0.0015925663756206632,0.0008813951280899346,-0.32176679372787476,-0.4324975907802582,-0.11516278982162476,-0.14045891165733337,-0.18265706300735474,-0.24856992065906525,0.002228985307738185,0.5512263774871826,0.33893850445747375,-1.0816618681319647,1.2896190315969747,-1.1376907443587905
0.002013805089518428,-0.002701357239857316,-0.007190403062850237,-0.8789900541305542,0.33370786905288696,-0.16920381784439087,-0.6007674336433411,-0.26946014165878296,0.07733632624149323,0.007940695621073246,0.9553085565567017,0.6629564166069031,-1.4770399429014944,1.3601995967829477,-1.0336891950741425,0.0024677773471921682,0.0003228446003049612,0.005138549953699112,0.39576274156570435,-0.20611564815044403,-0.08788838982582092,-0.016718972474336624,0.00042902491986751556,-0.044213540852069855,0.005709540564566851,0.45479246973991394,0.04727097600698471,-0.160725230376217,0.741236028248618,-1.359489911010204,0.00015050533693283796,-0.002239379333332181,-0.0007061522337608039,-0.8740487694740295,-0.7600104808807373,0.22364534437656403,-0.00517985038459301,-0.33107712864875793,-0.09706471115350723,0.002352896612137556,1.1796586513519287,0.3450513780117035,-0.12915599777210318,0.3757200065816945,0.1490155824530508,0.001218485413119197,-0.0014628295321017504,0.000963959377259016,-0.3613489270210266,-0.44585832953453064,-0.16005876660346985,-0.13987725973129272,-0.18320032954216003,-0.24810171127319336,0.002133962232619524,0.5958032608032227,0.3386479914188385,-1.0816618681319647,1.2896190315969747,-1.1376907443587905
0.0019326142501085997,-0.002728586085140705,-0.007025789935141802,-0.8942729234695435,0.32809606194496155,-0.19260793924331665,-0.6043170690536499,-0.2728683054447174,0.0785885602235794,0.007780867628753185,0.9718378782272339,0.6677068471908569,-1.4770399429014944,1.3601995967829477,-1.0336891950741425,0.002360463608056307,0.0004622223787009716,0.004819826688617468,0.4449215233325958,-0.24847757816314697,-0.08294807374477386,-0.006971191614866257,-0.023502957075834274,-0.06539448350667953,0.005386665463447571,0.5163106322288513,0.06983856856822968,-0.160725230376217,0.741236028248618,-1.359489911010204,0.00021235577878542244,-0.0027219955809414387,-0.0007587109575979412,-0.8500790596008301,-0.7550077438354492,0.2296733260154724,0.004363080486655235,-0.309901624917984,-0.09456527233123779,0.0028337249532341957,1.1599228382110596,0.324038028717041,-0.12915599777210318,0.3757200065816945,0.1490155824530508,0.001156373298726976,-0.0012654491001740098,0.001043182099238038,-0.38529208302497864,-0.44769221544265747,-0.1793132722377777,-0.13967475295066833,-0.18468837440013885,-0.24832244217395782,0.002006686292588711,0.6172775626182556,0.3395332992076874,-1.0816618681319647,1.2896190315969747,-1.1376907443587905
0.0017935652285814285,-0.002723637269809842,-0.006851424463093281,-0.9077867865562439,0.3185129761695862,-0.20424789190292358,-0.6034209132194519,-0.27520760893821716,0.07892844080924988,0.007587956730276346,0.9834858775138855,0.6678965091705322,-1.4770399429014944,1.3601995967829477,-1.0336891950741425,0.0020904894918203354,0.0005450095050036907,0.004374501295387745,0.4739644229412079,-0.28209471702575684,-0.07019984722137451,0.0058962032198905945,-0.0555788055062294,-0.09325467050075531,0.004878877196460962,0.5560105443000793,0.10872074961662292,-0.160725230376217,0.741236028248618,-1.359489911010204,0.0002817838976625353,-0.003036992158740759,-0.0009190269047394395,-0.8430459499359131,-0.7522514462471008,0.23297519981861115,0.013446272350847721,-0.2901204228401184,-0.09207142144441605,0.003185488050803542,1.1536403894424438,0.3046765625476837,-0.12915599777210318,0.3757200065816945,0.1490155824530508,0.001102847745642066,-0.0009964198106899858,0.0010558852227404714,-0.38924115896224976,-0.43943196535110474,-0.17248208820819855,-0.13977600634098053,-0.18710558116436005,-0.2491847276687622,0.0018231893191114068,0.6118490099906921,0.34152430295944214,-1.0816618681319647,1.2896190315969747,-1.1376907443587905
0.0016344489995390177,-0.002671320689842105,-0.006708274595439434,-0.9180240631103516,0.3015844225883484,-0.20346561074256897,-0.6000155210494995,-0.27637121081352234,0.07863420248031616,0.007403264753520489,0.987481415271759,0.6652690768241882,-1.4770399429014944,1.3601995967829477,-1.0336891950741425,0.0016728534828871489,0.0005575347458943725,0.00380553025752306,0.48148879408836365,-0.30089741945266724,-0.05726934224367142,0.021815743297338486,-0.09563317149877548,-0.12768247723579407,0.004194203764200211,0.5706579685211182,0.16101069748401642,-0.160725230376217,0.741236028248618,-1.359489911010204,0.00039171043317765,-0.0031438821461051702,-0.001228300854563713,-0.8495100736618042,-0.7552118897438049,0.2323800027370453,0.02139139734208584,-0.27348801493644714,-0.08963323384523392,0.003397963475435972,1.1601779460906982,0.2885955572128296,-0.12915599777210318,0.3757200065816945,0.1490155824530508,0.001037583569996059,-0.0006518839509226382,0.0009684823453426361,-0.37286847829818726,-0.42399731278419495,-0.14347349107265472,-0.14010533690452576,-0.19036415219306946,-0.2506282329559326,0.00156188674736768,0.582571268081665,0.3445033133029938,-1.0816618681319647,1.2896190315969747,-1.1376907443587905
0.001500396290794015,-0.0025513877626508474,-0.006619444582611322,-0.9234827756881714,0.27842220664024353,-0.19174835085868835,-0.5955204963684082,-0.2758811414241791,0.07782407104969025,0.0072510563768446445,0.9834159016609192,0.6609172821044922,-1.4770399429014944,1.3601995967829477,-1.0336891950741425,0.0011688857339322567,0.0005043281707912683,0.0031503119971603155,0.4695003926753998,-0.30279654264450073,-0.05137767270207405,0.04007440432906151,-0.1418514847755432,-0.16719627380371094,0.003397808875888586,0.5610312223434448,0.22289547324180603,-0.160725230376217,0.741236028248618,-1.359489911010204,0.0005815491313114762,-0.0030524947214871645,-0.001672967802733183,-0.8613332509994507,-0.7648375034332275,0.22875452041625977,0.027890745550394058,-0.26086190342903137,-0.0872417688369751,0.0035291279200464487,1.1743934154510498,0.27647414803504944,-0.12915599777210318,0.3757200065816945,0.1490155824530508,0.0009400902781635523,-0.0002556968538556248,0.0007896689348854125,-0.34052449464797974,-0.4049842357635498,-0.09847506880760193,-0.14058588445186615,-0.1942540556192398,-0.25256240367889404,0.0012540844036266208,0.5382067561149597,0.3482625484466553,-1.0816618681319647,1.2896190315969747,-1.1376907443587905
0.0014194280374795198,-0.0023609523195773363,-0.006593085825443268,-0.9237157106399536,0.25354036688804626,-0.17154207825660706,-0.5908949375152588,-0.2728690207004547,0.07646113634109497,0.007145463488996029,0.973118782043457,0.6553324460983276,-1.4770399429014944,1.3601995967829477,-1.0336891950741425,0.0006637754268012941,0.0003973444108851254,0.0024865581654012203,0.44276154041290283,-0.2908758521080017,-0.05690586566925049,0.05917636305093765,-0.19042952358722687,-0.2086443454027176,0.0026041220407932997,0.5328084826469421,0.2886134386062622,-0.160725230376217,0.741236028248618,-1.359489911010204,0.0008459165110252798,-0.002835458843037486,-0.0021805064752697945,-0.8708398938179016,-0.7769636511802673,0.22807951271533966,0.031718526035547256,-0.2526194155216217,-0.08446098864078522,0.0036755965556949377,1.1891404390335083,0.26824671030044556,-0.1336891956105406,0.37931934426867775,0.1462411943265268,0.0008123039151541889,0.0001440335181541741,0.0005461986875161529,-0.299246221780777,-0.3849644958972931,-0.044347018003463745,-0.14113739132881165,-0.19841645658016205,-0.2548542618751526,0.0009894019458442926,0.48960456252098083,0.3524762988090515,-1.0816618681319647,1.2896190315969747,-1.1376907443587905
0.0013915083836764097,-0.0021190326660871506,-0.006629437208175659,-0.9197514057159424,0.2311951071023941,-0.1459413468837738,-0.5867230892181396,-0.26609528064727783,0.07437099516391754,0.0070976074784994125,0.9595273733139038,0.6485227346420288,-1.4770399429014944,1.3601995967829477,-1.0336891950741425,0.00023425737163051963,0.0002579044084995985,0.001891963416710496,0.40764209628105164,-0.2714729905128479,-0.07474468648433685,0.07724041491746902,-0.2365873157978058,-0.2480531483888626,0.0019237766973674297,0.49543559551239014,0.3513830006122589,-0.160725230376217,0.741236028248618,-1.359489911010204,0.0012010304490104318,-0.0025672707706689835,-0.0026795873418450356,-0.8667234182357788,-0.7979987859725952,0.21952450275421143,0.035487860441207886,-0.2477722465991974,-0.08210413157939911,0.0039004541467875242,1.1984167098999023,0.26342278718948364,-0.1336891956105406,0.37931934426867775,0.1462411943265268,0.000667523592710495,0.0005015856586396694,0.0002634179836604744,-0.25606948137283325,-0.36476680636405945,0.0122622549533844,-0.14168477058410645,-0.20242689549922943,-0.25736063718795776,0.0008755369344726205,0.4458438754081726,0.35677123069763184,-1.0816618681319647,1.2896190315969747,-1.1376907443587905
0.0013975396286696196,-0.0018538017757236958,-0.006718008313328028,-0.9132218360900879,0.21406349539756775,-0.11827078461647034,-0.583305299282074,-0.25402626395225525,0.0712721198797226,0.007107836194336414,0.9454021453857422,0.6401985287666321,-1.4770399429014944,1.3601995967829477,-1.0336891950741425,-7.61789851821959e-05,0.0001179107348434627,0.001400599256157875,0.37050095200538635,-0.25154948234558105,-0.1032714918255806,0.09276775270700455,-0.2765193283557892,-0.282268762588501,0.001407616538926959,0.4595792591571808,0.4058872163295746,-0.160725230376217,0.741236028248618,-1.359489911010204,0.0016049786936491728,-0.0023280722089111805,-0.0031265574507415295,-0.8451655507087708,-0.8228839635848999,0.20511609315872192,0.03815082460641861,-0.2458629161119461,-0.07979847490787506,0.004215594846755266,1.197295069694519,0.2612888216972351,-0.1336891956105406,0.37931934426867775,0.1462411943265268,0.0005113177467137575,0.0007940034265629947,-3.313692286610603e-05,-0.2163892686367035,-0.3448559045791626,0.0658453106880188,-0.1421731859445572,-0.2059539258480072,-0.25998783111572266,0.0009449790231883526,0.4124142527580261,0.3608654737472534,-1.0816618681319647,1.2896190315969747,-1.1376907443587905
0.001418104162439704,-0.0015929070068523288,-0.006832882761955261,-0.9050596952438354,0.2042107880115509,-0.09077781438827515,-0.5807437896728516,-0.23499366641044617,0.0668235719203949,0.007157978601753712,0.9322423338890076,0.6300402879714966,-1.4770399429014944,1.3601995967829477,-1.0336891950741425,-0.00026659801369532943,1.143082045018673e-05,0.00100555713288486,0.33573418855667114,-0.2363748550415039,-0.13973326981067657,0.10504350811243057,-0.3084096908569336,-0.30980759859085083,0.0010403606574982405,0.4337233006954193,0.449590265750885,-0.160725230376217,0.741236028248618,-1.359489911010204,0.002045170171186328,-0.002158412942662835,-0.0035201450809836388,-0.8026645183563232,-0.8486723899841309,0.18175259232521057,0.039887793362140656,-0.2459484487771988,-0.07773356139659882,0.0046079158782958984,1.1821798086166382,0.26100608706474304,-0.1336891956105406,0.37931934426867775,0.1462411943265268,0.0003438900166656822,0.0010256064124405384,-0.0003137530293315649,-0.1832880675792694,-0.32672202587127686,0.11302962154150009,-0.14257463812828064,-0.20883916318416595,-0.2627110183238983,0.0011263079941272736,0.39130231738090515,0.36463463306427,-1.0816618681319647,1.2896190315969747,-1.1376907443587905
0.0014448326546698809,-0.0013629501918330789,-0.006941604427993298,-0.8952431678771973,0.2031993269920349,-0.06406575441360474,-0.579013466835022,-0.20746757090091705,0.06069368124008179,0.007220183499157429,0.9202471375465393,0.618047833442688,-1.4770399429014944,1.3601995967829477,-1.0336891950741425,-0.00037098434404470026,-3.576579911168665e-05,0.0006918024737387896,0.30448025465011597,-0.22733384370803833,-0.18116497993469238,0.11418774724006653,-0.3317444324493408,-0.3308495879173279,0.0007858112221583724,0.42096275091171265,0.4822392165660858,-0.15882021765772641,0.7423681290949495,-1.359044128181056,0.002506206976249814,-0.002056316239759326,-0.0038654576055705547,-0.7400670051574707,-0.8730628490447998,0.14864563941955566,0.040792860090732574,-0.24692806601524353,-0.07627031207084656,0.00504492549225688,1.1541376113891602,0.26163846254348755,-0.1336891956105406,0.37931934426867775,0.1462411943265268,0.0001703795715002343,0.0012167379027232528,-0.0005497400998137891,-0.157451331615448,-0.31258058547973633,0.1528180092573166,-0.14335587620735168,-0.210612952709198,-0.2656405568122864,0.001345992088317871,0.381904274225235,0.3680674433708191,-1.0841121662223265,1.2915795222888897,-1.1397754894230219
0.0014766640961170197,-0.0011905897408723831,-0.007020263001322746,-0.8834418654441833,0.21129000186920166,-0.038291990756988525,-0.5780163407325745,-0.17047534883022308,0.05265788733959198,0.007272010203450918,0.9091640710830688,0.6049277782440186,-1.4770399429014944,1.3601995967829477,-1.0336891950741425,-0.0004402436607051641,-7.4323106673546135e-06,0.0004531165468506515,0.2743130326271057,-0.22462674975395203,-0.22252999246120453,0.12018692493438721,-0.34802109003067017,-0.3455154001712799,0.000631810340564698,0.41859814524650574,0.504920244216919,-0.15882021765772641,0.7423681290949495,-1.359044128181056,0.002954922616481781,-0.001994480611756444,-0.00415764469653368,-0.6635274291038513,-0.8952851891517639,0.1079036146402359,0.04083625227212906,-0.24755270779132843,-0.07598087191581726,0.005476817488670349,1.1195745468139648,0.26215076446533203,-0.1336891956105406,0.37931934426867775,0.1462411943265268,2.879503881558776e-06,0.0013771033845841885,-0.0007281823200173676,-0.13805833458900452,-0.3034636378288269,0.18700620532035828,-0.14358073472976685,-0.21223701536655426,-0.26855117082595825,0.0015577777521684766,0.3822585642337799,0.37118691205978394,-1.0841121662223265,1.2915795222888897,-1.1397754894230219
0.001510430360212922,-0.001100296271033585,-0.0070611960254609585,-0.8694028854370117,0.22753313183784485,-0.014245718717575073,-0.5776195526123047,-0.12419426441192627,0.04273095726966858,0.007304282393306494,0.898796796798706,0.5923634767532349,-1.4770399429014944,1.3601995967829477,-1.0336891950741425,-0.0005116358515806496,9.58593882387504e-05,0.00028995060711167753,0.24256402254104614,-0.22569702565670013,-0.2598656415939331,0.12374487519264221,-0.35819703340530396,-0.3551046550273895,0.0005958452820777893,0.4210779070854187,0.5193430781364441,-0.15882021765772641,0.7423681290949495,-1.359044128181056,0.0033528932835906744,-0.0019492398714646697,-0.004389858338981867,-0.5817015767097473,-0.9141871929168701,0.0632832869887352,0.0398453027009964,-0.24641795456409454,-0.07767349481582642,0.0058576688170433044,1.0854122638702393,0.2614242136478424,-0.1336891956105406,0.37931934426867775,0.1462411943265268,-0.00014560346608050168,0.001492609502747655,-0.0008484494755975902,-0.12330667674541473,-0.29911115765571594,0.21756291389465332,-0.14372964203357697,-0.21335779130458832,-0.27143827080726624,0.0017230641096830368,0.3898790180683136,0.37397658824920654,-1.0841121662223265,1.2915795222888897,-1.1397754894230219
0.001538202166557312,-0.0011065149446949363,-0.007072475738823414,-0.8530858755111694,0.25026988983154297,0.006966441869735718,-0.5776776671409607,-0.07073263078927994,0.03133672475814819,0.007321909070014954,0.8890663981437683,0.5828349590301514,-1.4770399429014944,1.3601995967829477,-1.0336891950741425,-0.0005988930352032185,0.0002588848874438554,0.0001969008008018136,0.20726414024829865,-0.22905310988426208,-0.2893679141998291,0.12547142803668976,-0.3636651635169983,-0.36067530512809753,0.0006815160741098225,0.423270046710968,0.5273349285125732,-0.15882021765772641,0.7423681290949495,-1.359044128181056,0.0036807723809033632,-0.001911509782075882,-0.004564488306641579,-0.5024665594100952,-0.9273378849029541,0.018428223207592964,0.03750554844737053,-0.24196532368659973,-0.08239015936851501,0.006167374551296234,1.0548781156539917,0.25834476947784424,-0.1336891956105406,0.37931934426867775,0.1462411943265268,-0.00026763934874907136,0.001532252412289381,-0.000923258950933814,-0.11124835908412933,-0.29757940769195557,0.24618425965309143,-0.143815815448761,-0.21406614780426025,-0.2740499973297119,0.0018088215729221702,0.40191590785980225,0.3763119876384735,-1.0841121662223265,1.2915795222888897,-1.1397754894230219
0.0015498215798288584,-0.0012033134698867798,-0.007068660110235214,-0.834978461265564,0.2769913077354431,0.024291008710861206,-0.5780484080314636,-0.014519024640321732,0.019392549991607666,0.007335929665714502,0.8800586462020874,0.5785558223724365,-1.4770399429014944,1.3601995967829477,-1.0336891950741425,-0.0006915392004884779,0.0004508222918957472,0.0001581087417434901,0.16789750754833221,-0.23341329395771027,-0.30877381563186646,0.12596525251865387,-0.36569905281066895,-0.3630973994731903,0.0008405150729231536,0.4219154119491577,0.5305117964744568,-0.15882021765772641,0.7423681290949495,-1.359044128181056,0.003947220742702484,-0.0018816451774910092,-0.004697649739682674,-0.431651771068573,-0.9330988526344299,-0.024181393906474113,0.033384907990694046,-0.23252281546592712,-0.0913597121834755,0.006417870055884123,1.0283877849578857,0.2520476281642914,-0.1336891956105406,0.37931934426867775,0.1462411943265268,-0.0003669129218906164,0.0014747529057785869,-0.0009640922653488815,-0.10022087395191193,-0.29611167311668396,0.2734014093875885,-0.1438504010438919,-0.21442504227161407,-0.27592962980270386,0.0017997208051383495,0.41530072689056396,0.377899706363678,-1.0841121662223265,1.2915795222888897,-1.1397754894230219
0.0015339227393269539,-0.0013609416782855988,-0.007057559676468372,-0.8160911798477173,0.3044877052307129,0.03649795055389404,-0.5786163806915283,0.038883037865161896,0.00805768370628357,0.007349437568336725,0.8718082904815674,0.5799773931503296,-1.4770399429014944,1.3601995967829477,-1.0336891950741425,-0.0007668842445127666,0.0006351826013997197,0.00015584350330755115,0.12535998225212097,-0.2370523363351822,-0.3178362250328064,0.1257706731557846,-0.3653235137462616,-0.36292564868927,0.0010078966151922941,0.4158470928668976,0.5300891995429993,-0.15882021765772641,0.7423681290949495,-1.359044128181056,0.004177354276180267,-0.0018663997761905193,-0.004817138891667128,-0.37265121936798096,-0.9325729608535767,-0.06290514022111893,0.026987768709659576,-0.21641701459884644,-0.10588506609201431,0.006643685977905989,1.006239652633667,0.24243825674057007,-0.1336891956105406,0.37931934426867775,0.1462411943265268,-0.0004579811356961727,0.0013277942780405283,-0.0009710831218399107,-0.08897928148508072,-0.29237794876098633,0.29887422919273376,-0.14384038746356964,-0.21445395052433014,-0.27636539936065674,0.0017075674841180444,0.4274669587612152,0.37823060154914856,-1.0841121662223265,1.2915795222888897,-1.1397754894230219
0.001480355393141508,-0.0015338798984885216,-0.007038104347884655,-0.7973637580871582,0.3299539387226105,0.0423237681388855,-0.5793213844299316,0.08504897356033325,-0.0017521083354949951,0.007353852968662977,0.8639733195304871,0.5855336785316467,-1.4770399429014944,1.3601995967829477,-1.0336891950741425,-0.0008098503458313644,0.0007891408167779446,0.0001834789291024208,0.08177603036165237,-0.23811334371566772,-0.3183370530605316,0.1253615915775299,-0.3632608652114868,-0.3603425621986389,0.0011455415515229106,0.4058617353439331,0.5268023610115051,-0.15882021765772641,0.7423681290949495,-1.359044128181056,0.004390253219753504,-0.001877452596090734,-0.0049512493424117565,-0.3263208866119385,-0.9292587637901306,-0.09615984559059143,0.017847498878836632,-0.19219040870666504,-0.1271396279335022,0.006878518965095282,0.9895725846290588,0.2311280518770218,-0.1336891956105406,0.37931934426867775,0.1462411943265268,-0.0005589608335867524,0.0011249443050473928,-0.000938660406973213,-0.07678734511137009,-0.28550630807876587,0.3221778869628906,-0.14378798007965088,-0.21412083506584167,-0.27435797452926636,0.0015681263757869601,0.4372742176055908,0.37655678391456604,-1.0841121662223265,1.2915795222888897,-1.1397754894230219
0.0013864729553461075,-0.0016759596765041351,-0.007008817978203297,-0.7793759107589722,0.35176268219947815,0.04119458794593811,-0.5801708698272705,0.12187996506690979,-0.009617507457733154,0.00733857462182641,0.8560729026794434,0.5929127335548401,-1.4770399429014944,1.3601995967829477,-1.0336891950741425,-0.0008248777012340724,0.0009166128002107143,0.00024597372976131737,0.0401887446641922,-0.23542693257331848,-0.31357160210609436,0.12514068186283112,-0.35993117094039917,-0.3551598787307739,0.0012574201682582498,0.3941676616668701,0.5209118723869324,-0.15882021765772641,0.7423681290949495,-1.359044128181056,0.0045839291997253895,-0.0019237060332670808,-0.005110486876219511,-0.2915872633457184,-0.9277008771896362,-0.12245219945907593,0.0056666117161512375,-0.15895752608776093,-0.15584751963615417,0.00712952483445406,0.9801257848739624,0.22268375754356384,-0.1336891956105406,0.37931934426867775,0.1462411943265268,-0.0006828114856034517,0.0009094694396480918,-0.0008662834879942238,-0.06361560523509979,-0.2762364149093628,0.34329846501350403,-0.14369067549705505,-0.21334208548069,-0.2686219811439514,0.0014296199660748243,0.44520482420921326,0.37191346287727356,-1.0841121662223265,1.2915795222888897,-1.1397754894230219
0.0012538123410195112,-0.0017524517606943846,-0.006974186282604933,-0.7629854679107666,0.3687225878238678,0.034616827964782715,-0.5813215970993042,0.14891774952411652,-0.014955848455429077,0.007299479562789202,0.8481164574623108,0.6002790927886963,-1.4807078208943159,1.3605577354075973,-1.0379710826389423,-0.0008296887390315533,0.0010420545004308224,0.00034976715687662363,0.004148274660110474,-0.22870925068855286,-0.30716192722320557,0.12544354796409607,-0.3554915487766266,-0.3468756079673767,0.001377170323394239,0.3829798698425293,0.5122821927070618,-0.15882021765772641,0.7423681290949495,-1.359044128181056,0.004742588382214308,-0.002004464855417609,-0.00527901342138648,-0.2662310004234314,-0.9321611523628235,-0.1407136619091034,-0.009486563503742218,-0.11692723631858826,-0.1918262541294098,0.007374144624918699,0.9795936346054077,0.22485391795635223,-0.1336891956105406,0.37931934426867775,0.1462411943265268,-0.0008330921409651637,0.0007167257135733962,-0.0007630651816725731,-0.05018508434295654,-0.2663310170173645,0.36265620589256287,-0.14354252815246582,-0.21199028193950653,-0.25764209032058716,0.001337911351583898,0.45273643732070923,0.3632131516933441,-1.0841121662223265,1.2915795222888897,-1.1397754894230219
0.001105326460674405,-0.0017594676464796066,-0.0069388956762850285,-0.7490417957305908,0.38116970658302307,0.023061633110046387,-0.582709550857544,0.16775892674922943,-0.019159317016601562,0.007243324536830187,0.8407649993896484,0.6066799759864807,-1.4807078208943159,1.3605577354075973,-1.0379710826389423,-0.0008435092750005424,0.0011956903617829084,0.0004920849460177124,-0.022900380194187164,-0.2181490659713745,-0.30166420340538025,0.1265401393175125,-0.34990477561950684,-0.33478859066963196,0.0015438040718436241,0.37298089265823364,0.500528872013092,-0.15882021765772641,0.7423681290949495,-1.359044128181056,0.004854534287005663,-0.0021117483265697956,-0.005427496507763863,-0.24782313406467438,-0.9453757405281067,-0.14995665848255157,-0.026920918375253677,-0.06810331344604492,-0.23338118195533752,0.007581800688058138,0.9887560606002808,0.24460084736347198,-0.1336891956105406,0.37931934426867775,0.1462411943265268,-0.001004062476567924,0.0005569537170231342,-0.000646908360067755,-0.03773556649684906,-0.25803083181381226,0.38078999519348145,-0.14333608746528625,-0.2099122256040573,-0.2398103028535843,0.0013178882654756308,0.4615245461463928,0.349452942609787,-1.0841121662223265,1.2915795222888897,-1.1397754894230219
0.0009504917543381453,-0.0017088226741179824,-0.0069170258939266205,-0.7389776110649109,0.3884229362010956,0.010341525077819824,-0.5845286846160889,0.17967689037322998,-0.022021502256393433,0.007188098039478064,0.8349055647850037,0.6119170784950256,-1.4807078208943159,1.3605577354075973,-1.0379710826389423,-0.0008773488225415349,0.001402668422088027,0.0006546119111590087,-0.038058847188949585,-0.20416702330112457,-0.29773223400115967,0.12862518429756165,-0.34303373098373413,-0.3181815445423126,0.0017792517319321632,0.3630112111568451,0.4852381646633148,-0.15882021765772641,0.7423681290949495,-1.359044128181056,0.004923864267766476,-0.002235330641269684,-0.005531224422156811,-0.2351212352514267,-0.9678419232368469,-0.1489897221326828,-0.045193858444690704,-0.01663067378103733,-0.2770064175128937,0.00773534644395113,1.007073998451233,0.28116118907928467,-0.1336891956105406,0.37931934426867775,0.1462411943265268,-0.001180950552225113,0.00041460004285909235,-0.0005375216715037823,-0.027644529938697815,-0.2537858486175537,0.3976627588272095,-0.14306578040122986,-0.20695891976356506,-0.21367540955543518,0.0013621551916003227,0.4725538492202759,0.330086350440979,-1.0841121662223265,1.2915795222888897,-1.1397754894230219
0.0008132585790008307,-0.0016302180010825396,-0.00691660912707448,-0.7338380813598633,0.3904728293418884,-0.0008850395679473877,-0.5868868231773376,0.18640059232711792,-0.02393251657485962,0.007152515929192305,0.8312569260597229,0.6162419319152832,-1.4807078208943159,1.3605577354075973,-1.0379710826389423,-0.0009246483677998185,0.0016689313342794776,0.000814086408354342,-0.03929028660058975,-0.18726885318756104,-0.2937799394130707,0.13179311156272888,-0.33476120233535767,-0.2965840995311737,0.0020743778441101313,0.3505994975566864,0.46625810861587524,-0.15882021765772641,0.7423681290949495,-1.359044128181056,0.004971613641828299,-0.002368004759773612,-0.005577314645051956,-0.2285737544298172,-0.9978189468383789,-0.137046217918396,-0.06249597668647766,0.032304465770721436,-0.31831955909729004,0.007837782613933086,1.0327973365783691,0.32600101828575134,-0.1336891956105406,0.37931934426867775,0.1462411943265268,-0.0013394310371950269,0.0002739602350629866,-0.0004467792168725282,-0.021010249853134155,-0.25583407282829285,0.41180312633514404,-0.142732173204422,-0.20303133130073547,-0.1783355325460434,0.0014383119996637106,0.48525696992874146,0.3056104779243469,-1.0841121662223265,1.2915795222888897,-1.1397754894230219
0.0007249522022902966,-0.0015579919563606381,-0.006933426484465599,-0.7343822717666626,0.38716909289360046,-0.009566903114318848,-0.5898382663726807,0.18954524397850037,-0.025244921445846558,0.007143198978155851,0.8302462100982666,0.6200595498085022,-1.4807078208943159,1.3605577354075973,-1.0379710826389423,-0.0009630894637666643,0.0019682724960148335,0.0009614031878300011,-0.026426546275615692,-0.1677437722682953,-0.2861575186252594,0.13599294424057007,-0.3251361846923828,-0.2701294720172882,0.0023928924929350615,0.3327498435974121,0.4440467953681946,-0.15882021765772641,0.7423681290949495,-1.359044128181056,0.005023078061640263,-0.002516047563403845,-0.005571354646235704,-0.22930438816547394,-1.0318273305892944,-0.11466830968856812,-0.07739105075597763,0.07457347959280014,-0.3538508117198944,0.00791213009506464,1.0632011890411377,0.36981210112571716,-0.1336891956105406,0.37931934426867775,0.1462411943265268,-0.0014518178068101406,0.0001394084538333118,-0.0003768974565900862,-0.018252864480018616,-0.26550042629241943,0.41993385553359985,-0.14234788715839386,-0.19814381003379822,-0.13400070369243622,0.0015064068138599396,0.49716001749038696,0.27835243940353394,-1.0841121662223265,1.2915795222888897,-1.1397754894230219
0.0007089364808052778,-0.0015241415239870548,-0.006953162141144276,-0.741095781326294,0.3776915669441223,-0.016422957181930542,-0.5933326482772827,0.19045263528823853,-0.026229947805404663,0.007153465412557125,0.8319516777992249,0.6237017512321472,-1.4807078208943159,1.3605577354075973,-1.0379710826389423,-0.0009737510699778795,0.0022480376064777374,0.001094550359994173,-0.002209670841693878,-0.14594969153404236,-0.270790696144104,0.14096173644065857,-0.31454867124557495,-0.24000975489616394,0.00268326373770833,0.30762606859207153,0.4200187623500824,-0.15882021765772641,0.7423681290949495,-1.359044128181056,0.005095503758639097,-0.002700253389775753,-0.005551769398152828,-0.2384292185306549,-1.0650838613510132,-0.08421031385660172,-0.08920349925756454,0.1082024946808815,-0.3819822669029236,0.008004852570593357,1.0946887731552124,0.406909704208374,-0.1336891956105406,0.37931934426867775,0.1462411943265268,-0.001503940555267036,2.308769035153091e-05,-0.0003252713941037655,-0.018877819180488586,-0.28283095359802246,0.4175185561180115,-0.14194433391094208,-0.19250702857971191,-0.08273844420909882,0.0015388864558190107,0.504649817943573,0.25308656692504883,-1.0841121662223265,1.2915795222888897,-1.1397754894230219
0.0007661990821361542,-0.0015517164720222354,-0.006958577781915665,-0.7538021206855774,0.36124545335769653,-0.022967934608459473,-0.5971536636352539,0.1901107132434845,-0.02704647183418274,0.007170543074607849,0.8362077474594116,0.6272687315940857,-1.4807078208943159,1.3605577354075973,-1.0379710826389423,-0.0009592176647856832,0.0024519972503185272,0.001196293975226581,0.028248637914657593,-0.12297265976667404,-0.2459588199853897,0.1461946666240692,-0.30382174253463745,-0.20870745182037354,0.002891973126679659,0.27643445134162903,0.39653414487838745,-0.15882021765772641,0.7423681290949495,-1.359044128181056,0.005201288498938084,-0.0029303552582859993,-0.005589418113231659,-0.25692492723464966,-1.0914124250411987,-0.04983384162187576,-0.09789490699768066,0.13302110135555267,-0.40265750885009766,0.00817814003676176,1.1223523616790771,0.4352138340473175,-0.1336891956105406,0.37931934426867775,0.1462411943265268,-0.0015107867075130343,-7.839612226234749e-05,-0.00028865976491943,-0.021597519516944885,-0.306770384311676,0.40006932616233826,-0.14157499372959137,-0.1865702122449875,-0.02884574979543686,0.0015401126584038138,0.5046087503433228,0.23597458004951477,-1.0841121662223265,1.2915795222888897,-1.1397754894230219
0.0008750325068831444,-0.001646544085815549,-0.006939258426427841,-0.7711308002471924,0.33868080377578735,-0.030653685331344604,-0.6008467078208923,0.18912388384342194,-0.027718722820281982,0.007185408845543861,0.8427852988243103,0.6305180191993713,-1.4807078208943159,1.3605577354075973,-1.0379710826389423,-0.000939024961553514,0.002544729970395565,0.0012388755567371845,0.059373706579208374,-0.10016636550426483,-0.21382969617843628,0.15106970071792603,-0.2939978241920471,-0.1793433278799057,0.0029819842893630266,0.24347828328609467,0.3760595917701721,-0.15882021765772641,0.7423681290949495,-1.359044128181056,0.005351731553673744,-0.0031783042941242456,-0.005752845201641321,-0.2840437591075897,-1.1040229797363281,-0.016377385705709457,-0.10381457209587097,0.14995256066322327,-0.4167869985103607,0.00847572274506092,1.1400946378707886,0.4549446702003479,-0.1336891956105406,0.37931934426867775,0.1462411943265268,-0.00151176773943007,-0.0001829029351938516,-0.0002703637001104653,-0.024659693241119385,-0.33493179082870483,0.3647436499595642,-0.1413045972585678,-0.1808994710445404,0.02228861302137375,0.001546606537885964,0.4958077371120453,0.23062609136104584,-1.0841121662223265,1.2915795222888897,-1.1397754894230219
0.0010025335941463709,-0.0017915652133524418,-0.0069032516330480576,-0.7907251119613647,0.31257569789886475,-0.0408344566822052,-0.603643536567688,0.1877136081457138,-0.028118610382080078,0.0072020599618554115,0.8512445092201233,0.6327816247940063,-1.4807078208943159,1.3605577354075973,-1.0379710826389423,-0.0009283865801990032,0.002521451562643051,0.0012027858756482601,0.08689640462398529,-0.07789137214422226,-0.1793237328529358,0.15508046746253967,-0.28591078519821167,-0.1544109582901001,0.0029438603669404984,0.21395105123519897,0.36005231738090515,-0.15882021765772641,0.7423681290949495,-1.359044128181056,0.005514268297702074,-0.0034156402107328176,-0.006092491094022989,-0.3165774345397949,-1.0974823236465454,0.018251076340675354,-0.10993002355098724,0.1592240184545517,-0.4256548583507538,0.00889899954199791,1.1423754692077637,0.4675670564174652,-0.13623827254344797,0.38487271242275845,0.14195798213806374,-0.0015467684715986252,-0.0002982985752169043,-0.00028893962735310197,-0.026162803173065186,-0.36291682720184326,0.3115690350532532,-0.14118847250938416,-0.17594334483146667,0.06636597961187363,0.0016015495639294386,0.479028582572937,0.23514822125434875,-1.0841121662223265,1.2915795222888897,-1.1397754894230219
0.0011151754297316074,-0.0019496286986395717,-0.0068775261752307415,-0.8102961182594299,0.28561297059059143,-0.054671406745910645,-0.604391872882843,0.18573731184005737,-0.027952969074249268,0.007234986871480942,0.86089688539505,0.6329054236412048,-1.4807078208943159,1.3605577354075973,-1.0379710826389423,-0.0009252362069673836,0.0023980862461030483,0.0010740752331912518,0.10880117118358612,-0.055281855165958405,-0.14763274788856506,0.15796269476413727,-0.27995574474334717,-0.13510864973068237,0.0027857704553753138,0.19154426455497742,0.3486858010292053,-0.15882021765772641,0.7423681290949495,-1.359044128181056,0.005772240925580263,-0.003554724622517824,-0.006550505757331848,-0.3455962836742401,-1.070331335067749,0.04283319413661957,-0.11205105483531952,0.1649966835975647,-0.4311954379081726,0.009426767937839031,1.1255578994750977,0.4750882387161255,-0.13623827254344797,0.38487271242275845,0.14195798213806374,-0.0016412998083978891,-0.00040592634468339384,-0.00037318700924515724,-0.024528488516807556,-0.3846898376941681,0.24359950423240662,-0.1412588357925415,-0.17191167175769806,0.10131815075874329,0.0017314472934231162,0.4559919238090515,0.2444852739572525,-1.0841121662223265,1.2915795222888897,-1.1397754894230219
0.0011812476441264153,-0.0020744616631418467,-0.00689057819545269,-0.8283987641334534,0.2596816122531891,-0.07237732410430908,-0.6015084981918335,0.182719424366951,-0.026758134365081787,0.007292380090802908,0.8711587190628052,0.6292176246643066,-1.4807078208943159,1.3605577354075973,-1.0379710826389423,-0.0009212503209710121,0.0021935286931693554,0.00083825463661924,0.12548589706420898,-0.03079870715737343,-0.12247669696807861,0.160343199968338,-0.2756468653678894,-0.12178961932659149,0.0025224871933460236,0.17803317308425903,0.3413558900356293,-0.15545798785017445,0.7421478906240361,-1.3574235272072535,0.006098620593547821,-0.003608829341828823,-0.007116425782442093,-0.36416080594062805,-1.0226041078567505,0.06385231018066406,-0.11316235363483429,0.16764762997627258,-0.43488651514053345,0.010042925365269184,1.0873864889144897,0.479622483253479,-0.13623827254344797,0.38487271242275845,0.14195798213806374,-0.0018133395351469517,-0.0004629731411114335,-0.0005372999585233629,-0.01950341835618019,-0.39449888467788696,0.16575521230697632,-0.14159810543060303,-0.1686064898967743,0.12713944911956787,0.0019471094710752368,0.42835095524787903,0.25424909591674805,-1.0916357599526592,1.2930432985233002,-1.1455083959599193
0.001172372605651617,-0.002120628021657467,-0.006953654810786247,-0.8440757989883423,0.23658251762390137,-0.09270793199539185,-0.5929800271987915,0.1778983473777771,-0.023908346891403198,0.007363751530647278,0.8814930319786072,0.6195520758628845,-1.4807078208943159,1.3605577354075973,-1.0379710826389423,-0.0008944965666159987,0.0019375112606212497,0.0004854832077398896,0.13818582892417908,-0.004934618249535561,-0.10560742020606995,0.16097302734851837,-0.27375930547714233,-0.11336205154657364,0.002188553800806403,0.17399023473262787,0.33720532059669495,-0.15545798785017445,0.7421478906240361,-1.3574235272072535,0.006502197124063969,-0.0035889819264411926,-0.007751185446977615,-0.3642399311065674,-0.9559050798416138,0.0823325663805008,-0.11380768567323685,0.1685890406370163,-0.43822625279426575,0.010735000483691692,1.0262571573257446,0.48313218355178833,-0.13623827254344797,0.38487271242275845,0.14195798213806374,-0.002070378977805376,-0.00043666173587553203,-0.0007769756484776735,-0.0107418829575181,-0.38858097791671753,0.08430430293083191,-0.14199405908584595,-0.1663680523633957,0.14435705542564392,0.002254070481285453,0.39776599407196045,0.2620679438114166,-1.0916357599526592,1.2930432985233002,-1.1455083959599193
0.0010690840426832438,-0.002051357878372073,-0.007056758273392916,-0.8561575412750244,0.2188897728919983,-0.11332440376281738,-0.5764455795288086,0.1702984869480133,-0.01864767074584961,0.007426226977258921,0.8909326195716858,0.6013641357421875,-1.4807078208943159,1.3605577354075973,-1.0379710826389423,-0.0008549180347472429,0.0016521438956260681,4.3198466300964355e-05,0.1482044756412506,0.02185256965458393,-0.09673596918582916,0.1607663482427597,-0.27337270975112915,-0.1090991422533989,0.0018607337260618806,0.17832539975643158,0.33538198471069336,-0.15545798785017445,0.7421478906240361,-1.3574235272072535,0.006972585804760456,-0.0035174177028238773,-0.00840775016695261,-0.3405550420284271,-0.87263023853302,0.09824638813734055,-0.11443453282117844,0.1689673364162445,-0.44248202443122864,0.01147516630589962,0.9418671131134033,0.48727357387542725,-0.13623827254344797,0.38487271242275845,0.14195798213806374,-0.0024168645031750202,-0.0003037144197151065,-0.0010531654115766287,0.00012962520122528076,-0.3663010597229004,0.0052214451134204865,-0.1425255388021469,-0.16483214497566223,0.15466423332691193,0.0026537959929555655,0.3663382828235626,0.2672156095504761,-1.0916357599526592,1.2930432985233002,-1.1455083959599193
0.0008663914632052183,-0.001851316774263978,-0.007176650688052177,-0.8633766770362854,0.20958580076694489,-0.1314581036567688,-0.5494017601013184,0.1588423252105713,-0.010158270597457886,0.007462058681994677,0.8981240391731262,0.571993350982666,-1.4807078208943159,1.3605577354075973,-1.0379710826389423,-0.0008211560198105872,0.0013647511368617415,-0.0004362259933259338,0.15508072078227997,0.047582585364580154,-0.09359544515609741,0.16005074977874756,-0.2739548087120056,-0.10781078040599823,0.0016514043090865016,0.18728117644786835,0.3350979685783386,-0.15545798785017445,0.7421478906240361,-1.3574235272072535,0.007471591699868441,-0.0034190549049526453,-0.009032145142555237,-0.2934860587120056,-0.7753806114196777,0.11065161973237991,-0.11537562310695648,0.16963131725788116,-0.44860610365867615,0.012210416607558727,0.8364167213439941,0.49328872561454773,-0.13623827254344797,0.38487271242275845,0.14195798213806374,-0.0028399359434843063,-7.672951323911548e-05,-0.0013232298661023378,0.011178180575370789,-0.3294168710708618,-0.06530030071735382,-0.14309461414813995,-0.1638675183057785,0.1597522795200348,0.0031340166460722685,0.33601275086402893,0.26990631222724915,-1.0916357599526592,1.2930432985233002,-1.1455083959599193
0.0005769985727965832,-0.0015384863363578916,-0.007286235224455595,-0.8650107979774475,0.2107592523097992,-0.14473846554756165,-0.5095795392990112,0.14252282679080963,0.002319544553756714,0.0074692098423838615,0.9020046591758728,0.529140293598175,-1.4807078208943159,1.3605577354075973,-1.0379710826389423,-0.0008139330893754959,0.0011023636907339096,-0.000891876348759979,0.15695545077323914,0.06982798874378204,-0.09243346005678177,0.15925723314285278,-0.27486130595207214,-0.10820243507623672,0.0016349728684872389,0.19507665932178497,0.33558809757232666,-0.15545798785017445,0.7421478906240361,-1.3574235272072535,0.00794410239905119,-0.0033130859956145287,-0.009570321999490261,-0.2290145754814148,-0.6662995219230652,0.11791574954986572,-0.11683212965726852,0.171114981174469,-0.4571358263492584,0.012871532700955868,0.7143576145172119,0.5018996000289917,-0.13623827254344797,0.38487271242275845,0.14195798213806374,-0.003302291501313448,0.0002091029309667647,-0.0015531915705651045,0.02059990167617798,-0.281499981880188,-0.1216677650809288,-0.14355166256427765,-0.16338269412517548,0.1612708568572998,0.003655305365100503,0.30735912919044495,0.2707568407058716,-1.0916357599526592,1.2930432985233002,-1.1455083959599193
0.00023251492530107498,-0.0011638643918558955,-0.007360056042671204,-0.8612645864486694,0.222478985786438,-0.1522170603275299,-0.4555398225784302,0.12065646052360535,0.01929973065853119,0.007455137092620134,0.9024653434753418,0.4716428816318512,-1.4807078208943159,1.3605577354075973,-1.0379710826389423,-0.0008451617322862148,0.0008872486650943756,-0.0012718886137008667,0.15158164501190186,0.08664801716804504,-0.08869148045778275,0.15893062949180603,-0.2753305733203888,-0.1089162826538086,0.0017661283491179347,0.19583424925804138,0.33604854345321655,-0.15545798785017445,0.7421478906240361,-1.3574235272072535,0.00833602249622345,-0.0032105627469718456,-0.009976768866181374,-0.1557220220565796,-0.5468326807022095,0.11838112771511078,-0.11885172128677368,0.17361792922019958,-0.4680579602718353,0.013391523621976376,0.5807662606239319,0.5131736397743225,-0.13623827254344797,0.38487271242275845,0.14195798213806374,-0.0037439726293087006,0.0005168552743270993,-0.0017187644261866808,0.027302026748657227,-0.22721928358078003,-0.16031953692436218,-0.14368481934070587,-0.16334716975688934,0.1607031375169754,0.004151941742748022,0.27942147850990295,0.2704683542251587,-1.0916357599526592,1.2930432985233002,-1.1455083959599193
-0.00011998624540865421,-0.0007977767381817102,-0.007377971895039082,-0.8533287644386292,0.2424536496400833,-0.15452706813812256,-0.3875318169593811,0.09323564171791077,0.040781110525131226,0.00742194801568985,0.9004623293876648,0.4006705582141876,-1.4807078208943159,1.3605577354075973,-1.0379710826389423,-0.0009192029247060418,0.0007331945816986263,-0.0015437244437634945,0.13732007145881653,0.09716632217168808,-0.07795154303312302,0.1597406268119812,-0.2744724154472351,-0.1085372269153595,0.0019405137281864882,0.1854037195444107,0.3356076776981354,-0.15545798785017445,0.7421478906240361,-1.3574235272072535,0.008605720475316048,-0.003117498243227601,-0.010226158425211906,-0.0815933346748352,-0.41846799850463867,0.11140099167823792,-0.12129715085029602,0.17697185277938843,-0.4806287884712219,0.013724122196435928,0.44066211581230164,0.5263421535491943,-0.13623827254344797,0.38487271242275845,0.14195798213806374,-0.004100934602320194,0.0008151347283273935,-0.0017994062509387732,0.0310252383351326,-0.1713458150625229,-0.1810392141342163,-0.14321257174015045,-0.1638023555278778,0.15931770205497742,0.0045519196428358555,0.25119146704673767,0.26967236399650574,-1.0916357599526592,1.2930432985233002,-1.1455083959599193
-0.0004282859154045582,-0.0005090912454761565,-0.007330083288252354,-0.8430814743041992,0.26677754521369934,-0.1530100703239441,-0.3086335062980652,0.06139160692691803,0.0658879205584526,0.007360212039202452,0.8974233865737915,0.3215039372444153,-1.4807078208943159,1.3605577354075973,-1.0379710826389423,-0.0010370858944952488,0.0006458493880927563,-0.0016950094141066074,0.11393103003501892,0.10148116201162338,-0.05730365216732025,0.16248169541358948,-0.2712676227092743,-0.10559271275997162,0.0020894319750368595,0.16297979652881622,0.33337104320526123,-0.15545798785017445,0.7421478906240361,-1.3574235272072535,0.00873046275228262,-0.0030387372244149446,-0.010322353802621365,-0.012484736740589142,-0.28368887305259705,0.09748680889606476,-0.12380504608154297,0.18058937788009644,-0.4931504726409912,0.013856618665158749,0.3002314567565918,0.5395717024803162,-0.13623827254344797,0.38487271242275845,0.14195798213806374,-0.00432629557326436,0.0010717568220570683,-0.0017816810868680477,0.03218372166156769,-0.11786133050918579,-0.1871492564678192,-0.1417839378118515,-0.1648615300655365,0.15816719830036163,0.004799987655133009,0.22349928319454193,0.26888447999954224,-1.0916357599526592,1.2930432985233002,-1.1455083959599193
-0.0006451529916375875,-0.00034716041409410536,-0.007222114596515894,-0.8324215412139893,0.29146334528923035,-0.1490536630153656,-0.22532692551612854,0.02763024903833866,0.09268307685852051,0.007259179372340441,0.8944794535636902,0.24520564079284668,-1.4807078208943159,1.3605577354075973,-1.0379710826389423,-0.0011948856990784407,0.0006230133003555238,-0.0017273720586672425,0.0830923542380333,0.10044965147972107,-0.026568181812763214,0.16804736852645874,-0.2645968496799469,-0.09857644140720367,0.0021908243652433157,0.13304263353347778,0.3285859525203705,-0.15545798785017445,0.7421478906240361,-1.3574235272072535,0.008708967827260494,-0.0029770140536129475,-0.010295544750988483,0.048495613038539886,-0.14580099284648895,0.07753359526395798,-0.12573786079883575,0.1833992302417755,-0.502723217010498,0.013809669762849808,0.17210814356803894,0.5497053265571594,-0.13623827254344797,0.38487271242275845,0.14195798213806374,-0.0043968260288238525,0.0012522100005298853,-0.0016702216817066073,0.03160469979047775,-0.0694577768445015,-0.18446925282478333,-0.13899214565753937,-0.16669927537441254,0.158106729388237,0.004867211915552616,0.1996300220489502,0.2685241103172302,-1.0916357599526592,1.2930432985233002,-1.1455083959599193
-0.0007332861423492432,-0.00033321513910777867,-0.007076885551214218,-0.8227461576461792,0.31356877088546753,-0.1439409852027893,-0.14577317237854004,-0.004849696531891823,0.11869054287672043,0.00712257344275713,0.8921634554862976,0.18804463744163513,-1.4807078208943159,1.3605577354075973,-1.0379710826389423,-0.0013804056216031313,0.0006531912367790937,-0.0016517348121851683,0.04840657114982605,0.09580987691879272,0.011317968368530273,0.17736296355724335,-0.2533203065395355,-0.08602645993232727,0.002249534707516432,0.1079389899969101,0.32098186016082764,-0.15545798785017445,0.7421478906240361,-1.3574235272072535,0.008556017652153969,-0.0029298653826117516,-0.010190645232796669,0.10193277150392532,-0.008239997550845146,0.05257907509803772,-0.1261378526687622,0.18378105759620667,-0.5050112009048462,0.013624932616949081,0.11499020457267761,0.5520167946815491,-0.13623827254344797,0.38487271242275845,0.14195798213806374,-0.004306306596845388,0.0013275670353323221,-0.001491063041612506,0.0302068293094635,-0.027291331440210342,-0.1794072687625885,-0.1344091296195984,-0.16952702403068542,0.15980878472328186,0.004746575374156237,0.18396803736686707,0.26896852254867554,-1.0916357599526592,1.2930432985233002,-1.1455083959599193
-0.0006743322592228651,-0.00046108258538879454,-0.006926324684172869,-0.8148536682128906,0.3313983082771301,-0.13881373405456543,-0.07650023698806763,-0.033469974994659424,0.14190444350242615,0.0069743311032652855,0.8905507326126099,0.16464930772781372,-1.4807078208943159,1.3605577354075973,-1.0379710826389423,-0.0015717950882390141,0.0007196683436632156,-0.0014881102833896875,0.014499612152576447,0.09026244282722473,0.05102001875638962,0.19125795364379883,-0.23643092811107635,-0.06668921560049057,0.0022809940855950117,0.10469283908605576,0.3113304376602173,-0.15545798785017445,0.7421478906240361,-1.3574235272072535,0.008294749073684216,-0.00289156730286777,-0.010051511228084564,0.15240128338336945,0.1253688782453537,0.02437105029821396,-0.1236959770321846,0.17952319979667664,-0.4940855801105499,0.01334904134273529,0.19884027540683746,0.5400461554527283,-0.13623827254344797,0.38487271242275845,0.14195798213806374,-0.004063599742949009,0.0012858856935054064,-0.0012836772948503494,0.02871204912662506,0.008925997652113438,-0.17695477604866028,-0.1276492476463318,-0.17355211079120636,0.163757786154747,0.004451311193406582,0.1794910728931427,0.27061277627944946,-1.0916357599526592,1.2930432985233002,-1.1455083959599193
-0.0004815603606402874,-0.0007020831108093262,-0.00679728202521801,-0.8090038299560547,0.34437182545661926,-0.13466930389404297,-0.02069184184074402,-0.05694197118282318,0.16129335761070251,0.006850391626358032,0.8895026445388794,0.17229650914669037,-1.4807078208943159,1.3605577354075973,-1.0379710826389423,-0.0017385621322318912,0.0008105085580609739,-0.001262088306248188,-0.014747343957424164,0.08703990280628204,0.08651469647884369,0.21025998890399933,-0.21330372989177704,-0.039798304438591,0.0022961683571338654,0.12360510230064392,0.3021450936794281,-0.15545798785017445,0.7421478906240361,-1.3574235272072535,0.00795423798263073,-0.002858549589291215,-0.009902788326144218,0.20624659955501556,0.2509683072566986,-0.004324013367295265,-0.11675748229026794,0.16783790290355682,-0.46243876218795776,0.013019463047385216,0.3248714208602905,0.5056198835372925,-0.13623827254344797,0.38487271242275845,0.14195798213806374,-0.0036983704194426537,0.0011415536282584071,-0.0010883464710786939,0.027491189539432526,0.040442757308483124,-0.17944255471229553,-0.11847018450498581,-0.17891554534435272,0.17020860314369202,0.0040206448175013065,0.18598659336566925,0.2738921642303467,-1.0916357599526592,1.2930432985233002,-1.1455083959599193
-0.00020274706184864044,-0.0010091615840792656,-0.00670346524566412,-0.805130660533905,0.3527432382106781,-0.1318334937095642,0.021326512098312378,-0.07499323785305023,0.17657038569450378,0.006782032083719969,0.8888437747955322,0.1930178850889206,-1.483131319257534,1.3605548793378532,-1.040662912274252,-0.001847996492870152,0.0009238165221177042,-0.0009946308564394712,-0.03777780383825302,0.08901894092559814,0.11317931860685349,0.2342955619096756,-0.18405961990356445,-0.0054917726665735245,0.0022929932456463575,0.14886602759361267,0.29799750447273254,-0.15545798785017445,0.7421478906240361,-1.3574235272072535,0.007568159140646458,-0.002836330095306039,-0.009738407097756863,0.26741138100624084,0.3646608293056488,-0.03019755706191063,-0.10339105129241943,0.14548099040985107,-0.40129536390304565,0.012655369937419891,0.453208863735199,0.4391951858997345,-0.13623827254344797,0.38487271242275845,0.14195798213806374,-0.0032583242282271385,0.0009337880183011293,-0.0009334353962913156,0.02656826376914978,0.06880585849285126,-0.18643268942832947,-0.10691870748996735,-0.18560555577278137,0.17910055816173553,0.003515670308843255,0.20049256086349487,0.2792096734046936,-1.0916357599526592,1.2930432985233002,-1.1455083959599193
0.00011023180559277534,-0.0013217253144830465,-0.006648812908679247,-0.8023844361305237,0.3580901026725769,-0.1314525604248047,0.05046260356903076,-0.08792229741811752,0.18780183792114258,0.006779809948056936,0.8884419798851013,0.21341587603092194,-1.483131319257534,1.3605548793378532,-1.040662912274252,-0.0018760983366519213,0.0010657126549631357,-0.0006963761989027262,-0.05564451962709427,0.09770803153514862,0.1294146478176117,0.26228848099708557,-0.15005366504192352,0.03462045267224312,0.002267251256853342,0.17143897712230682,0.3041544556617737,-0.15545798785017445,0.7421478906240361,-1.3574235272072535,0.007169340271502733,-0.0028416761197149754,-0.009526189416646957,0.3343457579612732,0.46373966336250305,-0.05042006075382233,-0.08155600726604462,0.10903331637382507,-0.30137431621551514,0.012256543152034283,0.5739195942878723,0.3307054936885834,-0.13623827254344797,0.38487271242275845,0.14195798213806374,-0.0027966841589659452,0.0007127148564904928,-0.0008269383106380701,0.025769390165805817,0.09515635669231415,-0.19573959708213806,-0.09352424740791321,-0.1933441013097763,0.18992149829864502,0.0030022046994417906,0.21916382014751434,0.286703497171402,-1.0916357599526592,1.2930432985233002,-1.1455083959599193
0.0003974973224103451,-0.001583202974870801,-0.00663120299577713,-0.800286054611206,0.36177584528923035,-0.13255831599235535,0.06861530989408493,-0.0961529016494751,0.1950884908437729,0.006829157471656799,0.8882067203521729,0.22806349396705627,-1.483131319257534,1.3605548793378532,-1.040662912274252,-0.0018165088258683681,0.001244187238626182,-0.00037266750587150455,-0.07097310572862625,0.11252671480178833,0.13702797889709473,0.29195892810821533,-0.1141178160905838,0.07717590034008026,0.0022330668289214373,0.19098719954490662,0.3228296935558319,-0.15545798785017445,0.7421478906240361,-1.3574235272072535,0.006782675627619028,-0.0028925491496920586,-0.009226912632584572,0.40015867352485657,0.5471442937850952,-0.06366106867790222,-0.049406748265028,0.055410124361515045,-0.15428109467029572,0.011811327189207077,0.6808425784111023,0.17121320962905884,-0.13623827254344797,0.38487271242275845,0.14195798213806374,-0.0023623143788427114,0.0005235995631664991,-0.0007591323810629547,0.024912595748901367,0.11965419352054596,-0.20480245351791382,-0.0793953537940979,-0.20153017342090607,0.20164689421653748,0.0025359352584928274,0.23849907517433167,0.2959383428096771,-1.0916357599526592,1.2930432985233002,-1.1455083959599193
0.0006167343817651272,-0.0017565095331519842,-0.006644906476140022,-0.7984813451766968,0.36497020721435547,-0.13361957669258118,0.07761485129594803,-0.09998579323291779,0.19829857349395752,0.006900758482515812,0.8880484104156494,0.23525209724903107,-1.483131319257534,1.3605548793378532,-1.040662912274252,-0.0016813420224934816,0.0014583761803805828,-3.19371756631881e-05,-0.08652175217866898,0.13078506290912628,0.14004839956760406,0.32044053077697754,-0.07980474084615707,0.11795984953641891,0.002225936157628894,0.2102481871843338,0.35066431760787964,-0.15545798785017445,0.7421478906240361,-1.3574235272072535,0.006422603968530893,-0.0029963264241814613,-0.008818701840937138,0.4555106461048126,0.6150631308555603,-0.07040862739086151,-0.005774261429905891,-0.017335213720798492,0.045289549976587296,0.011313589289784431,0.7686026096343994,0.04883641004562378,-0.13623827254344797,0.38487271242275845,0.14195798213806374,-0.0019944990053772926,0.0003948755329474807,-0.0007168162264861166,0.023898042738437653,0.14150315523147583,-0.21149243414402008,-0.0659215971827507,-0.20940987765789032,0.21300971508026123,0.0021558706648647785,0.2555842399597168,0.30589425563812256,-1.0916357599526592,1.2930432985233002,-1.1455083959599193
0.0007442981004714966,-0.001834728056564927,-0.006679957266896963,-0.7969623804092407,0.36821040511131287,-0.13255921006202698,0.07892154157161713,-0.09941702336072922,0.19692964851856232,0.0069672116078436375,0.8878625631332397,0.23429392278194427,-1.483131319257534,1.3605548793378532,-1.040662912274252,-0.0014927835436537862,0.0016876757144927979,0.00030726438853889704,-0.10402598977088928,0.14840996265411377,0.1425904631614685,0.34545987844467163,-0.049941278994083405,0.1536194384098053,0.0022739972919225693,0.23060564696788788,0.3813602030277252,-0.15545798785017445,0.7421478906240361,-1.3574235272072535,0.0060986848548054695,-0.0031477450393140316,-0.008316888473927975,0.49246472120285034,0.6682231426239014,-0.0724869817495346,0.049141205847263336,-0.10885591059923172,0.2963847815990448,0.010782990604639053,0.8332454562187195,0.3195440471172333,-0.13623827254344797,0.38487271242275845,0.14195798213806374,-0.0017190433572977781,0.0003300659009255469,-0.0006953655392862856,0.022688858211040497,0.15967020392417908,-0.2143436074256897,-0.05420314520597458,-0.21640253067016602,0.2229972779750824,0.00188350398093462,0.26823970675468445,0.31542956829071045,-1.0916357599526592,1.2930432985233002,-1.1455083959599193
0.0007762408349663019,-0.0018393746577203274,-0.006725529674440622,-0.7957440614700317,0.37187403440475464,-0.12768828868865967,0.07341992855072021,-0.09405703097581863,0.190046027302742,0.007015596609562635,0.8875827789306641,0.22439853847026825,-1.483131319257534,1.3605548793378532,-1.040662912274252,-0.0012721649836748838,0.0018906008917838335,0.0006154941511340439,-0.1233895868062973,0.16105522215366364,0.14685039222240448,0.36594319343566895,-0.02587902545928955,0.18254953622817993,0.0023604254238307476,0.25045719742774963,0.40976637601852417,-0.15545798785017445,0.7421478906240361,-1.3574235272072535,0.0058234878815710545,-0.0033317196648567915,-0.007776451762765646,0.5079064965248108,0.7073466777801514,-0.07248736917972565,0.1128491461277008,-0.21497631072998047,0.5875813961029053,0.010270665399730206,0.8738207817077637,0.6357685327529907,-0.13623827254344797,0.38487271242275845,0.14195798213806374,-0.0015453628730028868,0.00030895095551386476,-0.0006965474458411336,0.021266698837280273,0.17364422976970673,-0.2125738561153412,-0.04475446790456772,-0.22226731479167938,0.23110932111740112,0.001723013469018042,0.2753039002418518,0.3237549066543579,-1.0916357599526592,1.2930432985233002,-1.1455083959599193
0.0007260467391461134,-0.0018063336610794067,-0.006774596869945526,-0.7946054935455322,0.3765263259410858,-0.11857253313064575,0.061381641775369644,-0.0831466093659401,0.17631754279136658,0.007048768922686577,0.8872594833374023,0.2043745070695877,-1.483131319257534,1.3605548793378532,-1.040662912274252,-0.001035548746585846,0.0020193394739180803,0.0008633547695353627,-0.1424296647310257,0.16521838307380676,0.15197333693504333,0.38186976313591003,-0.007349640130996704,0.2044578343629837,0.0024280596990138292,0.2658556401729584,0.4332222640514374,-0.15527882186741762,0.7423963597179983,-1.3582582914708567,0.0056114899925887585,-0.0035258361604064703,-0.007269958965480328,0.5054333209991455,0.7327285408973694,-0.07349777966737747,0.1801077425479889,-0.32692456245422363,0.8948776125907898,0.009837308898568153,0.8931718468666077,0.9696001410484314,-0.13623827254344797,0.38487271242275845,0.14195798213806374,-0.0014663507463410497,0.00030142563628032804,-0.0007194665959104896,0.019559338688850403,0.18378011882305145,-0.20632454752922058,-0.0374993234872818,-0.2271091490983963,0.23722447454929352,0.0016609255690127611,0.27699732780456543,0.3305453360080719,-1.0925261446070553,1.2935025578204329,-1.1464394337366373
0.0006175090093165636,-0.0017676092684268951,-0.006824228912591934,-0.7932149767875671,0.3825390934944153,-0.10649058222770691,0.04257911443710327,-0.06567849218845367,0.15417933464050293,0.007076430134475231,0.8870549201965332,0.17291012406349182,-1.483131319257534,1.3605548793378532,-1.040662912274252,-0.0007913456647656858,0.0020443974062800407,0.0010375025449320674,-0.1571139246225357,0.15921984612941742,0.15465772151947021,0.39353424310684204,0.0054435133934021,0.22024622559547424,0.002425324870273471,0.2719462215900421,0.4510069191455841,-0.15527882186741762,0.7423963597179983,-1.3582582914708567,0.0054716868326067924,-0.0037028356455266476,-0.0068541839718818665,0.49422165751457214,0.7441563010215759,-0.07862190902233124,0.24433007836341858,-0.4336802363395691,1.1881214380264282,0.009519988670945168,0.8967748284339905,1.2881802320480347,-0.13623827254344797,0.38487271242275845,0.14195798213806374,-0.001462267362512648,0.0002831538731697947,-0.0007607440929859877,0.01788172870874405,0.19089332222938538,-0.19732090830802917,-0.03238880634307861,-0.2309788167476654,0.2416241466999054,0.0016724633751437068,0.27512824535369873,0.33583101630210876,-1.0925261446070553,1.2935025578204329,-1.1464394337366373
0.00047577940858900547,-0.0017403915990144014,-0.006871767342090607,-0.7913380265235901,0.3897147476673126,-0.09414663910865784,0.016542598605155945,-0.04063878580927849,0.12213888764381409,0.007104682736098766,0.8871060013771057,0.1297808736562729,-1.483131319257534,1.3605548793378532,-1.040662912274252,-0.0005537811666727066,0.001964785624295473,0.0011350559070706367,-0.1633816361427307,0.14360511302947998,0.15075159072875977,0.4016721248626709,0.013779044151306152,0.2308204621076584,0.0023356815800070763,0.2646545469760895,0.463474303483963,-0.15527882186741762,0.7423963597179983,-1.3582582914708567,0.005405388306826353,-0.0038324985653162003,-0.006548637058585882,0.48523586988449097,0.7417238354682922,-0.09001129865646362,0.30027875304222107,-0.5264729261398315,1.4433326721191406,0.009316164068877697,0.8909041285514832,1.5654233694076538,-0.13623827254344797,0.38487271242275845,0.14195798213806374,-0.0015113919507712126,0.00024215529265347868,-0.0008104463340714574,0.016353793442249298,0.19636648893356323,-0.18822000920772552,-0.028931163251399994,-0.23418058454990387,0.24457381665706635,0.0017319838516414165,0.27249589562416077,0.3398439586162567,-1.0925261446070553,1.2935025578204329,-1.1464394337366373
0.0003222201485186815,-0.0017264527268707752,-0.006910135969519615,-0.788825273513794,0.39758962392807007,-0.08458495140075684,-0.017037030309438705,-0.007387395948171616,0.07926017045974731,0.00712982751429081,0.8873992562294006,0.08140643686056137,-1.483131319257534,1.3605548793378532,-1.040662912274252,-0.0003383258590474725,0.0018027100013568997,0.0011611522641032934,-0.15842773020267487,0.1210159957408905,0.1375659853219986,0.4068889915943146,0.018601611256599426,0.23720623552799225,0.002170829800888896,0.2422160506248474,0.47135069966316223,-0.15527882186741762,0.7423963597179983,-1.3582582914708567,0.005406096111983061,-0.0038879946805536747,-0.006337813101708889,0.48784393072128296,0.7269272208213806,-0.10808928310871124,0.34546101093292236,-0.601115882396698,1.6490873098373413,0.009192945435643196,0.8820987343788147,1.7889025211334229,-0.13623827254344797,0.38487271242275845,0.14195798213806374,-0.0015940438024699688,0.00017402150842826813,-0.0008551737992092967,0.015115074813365936,0.2018960416316986,-0.18133026361465454,-0.026717305183410645,-0.23691608011722565,0.24641260504722595,0.0018173005664721131,0.2717924416065216,0.3428734838962555,-1.0925261446070553,1.2935025578204329,-1.1464394337366373
0.00017376174218952656,-0.0017173814121633768,-0.006928692571818829,-0.7855110168457031,0.405995637178421,-0.07983526587486267,-0.0577540397644043,0.033805496990680695,0.025851614773273468,0.0071404739283025265,0.8878252506256104,0.07174012809991837,-1.483131319257534,1.3605548793378532,-1.040662912274252,-0.0001583592384122312,0.0015880732098594308,0.0011312399292364717,-0.14194194972515106,0.09519560635089874,0.11481224000453949,0.409563273191452,0.020711541175842285,0.2402046024799347,0.0019562102388590574,0.20589213073253632,0.47525709867477417,-0.15527882186741762,0.7423963597179983,-1.3582582914708567,0.005451638251543045,-0.0038560768589377403,-0.006191689055413008,0.5074001550674438,0.7030755877494812,-0.13229116797447205,0.3816075921058655,-0.6558380722999573,1.8044098615646362,0.00910640973597765,0.877081036567688,1.957458257675171,-0.1359161744532909,0.38563971764079863,0.14115796950162832,-0.0016915068263188004,8.078037353698164e-05,-0.0008798704948276281,0.014094851911067963,0.2095973789691925,-0.17737893760204315,-0.02539573609828949,-0.23928165435791016,0.2474423050880432,0.0019083743682131171,0.2749418318271637,0.3451497554779053,-1.0925261446070553,1.2935025578204329,-1.1464394337366373
4.386017099022865e-05,-0.0017015724442899227,-0.006920620799064636,-0.7813223600387573,0.41504237055778503,-0.08005258440971375,-0.10378161072731018,0.08105863630771637,-0.03562998026609421,0.0071268691681325436,0.8883317112922668,0.13642075657844543,-1.483131319257534,1.3605548793378532,-1.040662912274252,-2.6885827537626028e-05,0.0013548012357205153,0.0010724568273872137,-0.1164415255188942,0.06970611214637756,0.0843353420495987,0.4097316265106201,0.020654544234275818,0.24024823307991028,0.0017281124601140618,0.15978117287158966,0.4754217267036438,-0.15527882186741762,0.7423963597179983,-1.3582582914708567,0.005512389354407787,-0.003731888486072421,-0.006071330048143864,0.545621931552887,0.6738728880882263,-0.15766984224319458,0.4059920608997345,-0.6951225996017456,1.9140876531600952,0.009009688161313534,0.8812875151634216,2.07647705078125,-0.1359161744532909,0.38563971764079863,0.14115796950162832,-0.0017814070452004671,-2.7188187232241035e-05,-0.0008708827081136405,0.013047203421592712,0.22141681611537933,-0.17545214295387268,-0.02472328394651413,-0.24120967090129852,0.24788522720336914,0.0019830751698464155,0.28280574083328247,0.34675702452659607,-1.0925261446070553,1.2935025578204329,-1.1464394337366373
-5.6104501709342e-05,-0.0016691506607457995,-0.006887076422572136,-0.7765892148017883,0.42440471053123474,-0.08367350697517395,-0.15149639546871185,0.13052229583263397,-0.10012187063694,0.007086680270731449,0.8889383673667908,0.2236327826976776,-1.483131319257534,1.3605548793378532,-1.040662912274252,4.0464161429554224e-05,0.0011467941803857684,0.0010204868158325553,-0.08630761504173279,0.04709514603018761,0.04956183210015297,0.4070323407649994,0.018670767545700073,0.2373335361480713,0.001535632531158626,0.11010600626468658,0.47154122591018677,-0.15527882186741762,0.7423963597179983,-1.3582582914708567,0.005536307580769062,-0.0035135503858327866,-0.00594056211411953,0.5964415669441223,0.6441341042518616,-0.1805499643087387,0.4220668375492096,-0.7205350995063782,1.9858403205871582,0.008847938850522041,0.8962419033050537,2.154268503189087,-0.1359161744532909,0.38563971764079863,0.14115796950162832,-0.001836815383285284,-0.00013130188744980842,-0.0008179459837265313,0.011744096875190735,0.2377563714981079,-0.17385509610176086,-0.0245954692363739,-0.2424190193414688,0.2478601038455963,0.0020149853080511093,0.29477381706237793,0.34757235646247864,-1.0925261446070553,1.2935025578204329,-1.1464394337366373
-0.00011479761451482773,-0.0016133050667122006,-0.0068358127027750015,-0.7722168564796448,0.4327196180820465,-0.08832994103431702,-0.19640937447547913,0.1773958057165146,-0.16129423677921295,0.007024547550827265,0.8895882964134216,0.30993831157684326,-1.483131319257534,1.3605548793378532,-1.040662912274252,3.46160086337477e-05,0.0010125985136255622,0.0010152222821488976,-0.05622182786464691,0.028640080243349075,0.015349995344877243,0.40070512890815735,0.014694064855575562,0.23101960122585297,0.0014343047514557838,0.06493666023015976,0.46276405453681946,-0.15527882186741762,0.7423963597179983,-1.3582582914708567,0.005470615811645985,-0.0032089566811919212,-0.00575688760727644,0.6501127481460571,0.6175604462623596,-0.19620047509670258,0.4315347969532013,-0.7350420951843262,2.027588367462158,0.008565441705286503,0.9178900718688965,2.1994597911834717,-0.1359161744532909,0.38563971764079863,0.14115796950162832,-0.0018319953233003616,-0.00020419024804141372,-0.0007191927870735526,0.010167576372623444,0.25653523206710815,-0.17123398184776306,-0.025061987340450287,-0.2423773556947708,0.24737143516540527,0.001978670945391059,0.3086013197898865,0.34722834825515747,-1.0925261446070553,1.2935025578204329,-1.1464394337366373
-0.00011898064985871315,-0.0015304976841434836,-0.0067792171612381935,-0.7694820165634155,0.43778908252716064,-0.09178248047828674,-0.23500362038612366,0.21789728105068207,-0.21413186192512512,0.006950853858143091,0.8900482654571533,0.38543272018432617,-1.483131319257534,1.3605548793378532,-1.040662912274252,-3.7034013075754046e-05,0.0009807986207306385,0.001083141309209168,-0.03006860241293907,0.014514653012156487,-0.012682016007602215,0.38965675234794617,0.008394256234169006,0.22049477696418762,0.001461688312701881,0.03571595624089241,0.44779548048973083,-0.15527882186741762,0.7423963597179983,-1.3582582914708567,0.005282774101942778,-0.0028506412636488676,-0.005499578081071377,0.6957380771636963,0.5961607694625854,-0.20137640833854675,0.435783326625824,-0.7411862015724182,2.045929431915283,0.008141204714775085,0.9380893111228943,2.219254732131958,-0.1359161744532909,0.38563971764079863,0.14115796950162832,-0.0017500302055850625,-0.0002132127556251362,-0.000586161739192903,0.008515182882547379,0.2739194333553314,-0.16706104576587677,-0.026328742504119873,-0.2402811497449875,0.24630996584892273,0.001857861876487732,0.32095757126808167,0.3451040983200073,-1.0925261446070553,1.2935025578204329,-1.1464394337366373
-5.4814619943499565e-05,-0.0014226450584828854,-0.006731054279953241,-0.7694504857063293,0.43774959444999695,-0.0922788679599762,-0.26568803191185,0.2502883970737457,-0.25627902150154114,0.006879972293972969,0.8900529146194458,0.445997029542923,-1.483131319257534,1.3605548793378532,-1.040662912274252,-0.00015740178059786558,0.0010386896319687366,0.00121620565187186,-0.010284624062478542,0.0042408788576722145,-0.03021753765642643,0.372606098651886,-0.0007351040840148926,0.2047187089920044,0.001607111538760364,0.03220028057694435,0.4251418709754944,-0.15527882186741762,0.7423963597179983,-1.3582582914708567,0.004983863327652216,-0.002485784236341715,-0.005193119868636131,0.7246322631835938,0.5815209150314331,-0.19580703973770142,0.4356701374053955,-0.7407532930374146,2.0451886653900146,0.007614887319505215,0.9495255947113037,2.21840500831604,-0.1359161744532909,0.38563971764079863,0.14115796950162832,-0.0015875459648668766,-0.00014009512960910797,-0.00044108304427936673,0.007018595933914185,0.28603506088256836,-0.16107234358787537,-0.028746001422405243,-0.23506498336791992,0.2444641888141632,0.001653627259656787,0.3283437490463257,0.34035953879356384,-1.0925261446070553,1.2935025578204329,-1.1464394337366373
8.491380140185356e-05,-0.0013034295989200473,-0.0067026191391050816,-0.7722923755645752,0.4325828552246094,-0.08831867575645447,-0.2884080410003662,0.27458202838897705,-0.28759944438934326,0.006828707177191973,0.8895862102508545,0.4912106692790985,-1.483224156869359,1.360550024107014,-1.0405703757554239,-0.00031046289950609207,0.0011423632968217134,0.0013794044498354197,0.0021397527307271957,-0.002744864672422409,-0.03627394512295723,0.3483316898345947,-0.013237908482551575,0.18265604972839355,0.0018177287420257926,0.03644052520394325,0.3935396373271942,-0.15527882186741762,0.7423963597179983,-1.3582582914708567,0.004616772290319204,-0.002148672007024288,-0.004884844645857811,0.7343152165412903,0.5760511755943298,-0.18272240459918976,0.4314233660697937,-0.734622061252594,2.0269808769226074,0.007056421600282192,0.9510211944580078,2.198737621307373,-0.1359161744532909,0.38563971764079863,0.14115796950162832,-0.0013562964741140604,-1.4000979717820883e-06,-0.00030876154778525233,0.005772840231657028,0.29047691822052,-0.15267500281333923,-0.032777637243270874,-0.2254573255777359,0.24154508113861084,0.0013909981353208423,0.32820698618888855,0.3320382535457611,-1.0925261446070553,1.2935025578204329,-1.1464394337366373
0.000293270917609334,-0.0012010815553367138,-0.006700912490487099,-0.7775673866271973,0.4235755503177643,-0.07884421944618225,-0.3042164444923401,0.29165250062942505,-0.30926036834716797,0.006814017426222563,0.8889564871788025,0.5227339267730713,-1.483224156869359,1.360550024107014,-1.0405703757554239,-0.00047665758756920695,0.0012510046362876892,0.0015380436088889837,0.0068934159353375435,-0.006708999164402485,-0.03313611447811127,0.3160454034805298,-0.029496915638446808,0.15362119674682617,0.0020390667486935854,0.034504085779190063,0.35263895988464355,-0.15527882186741762,0.7423963597179983,-1.3582582914708567,0.004223590716719627,-0.001850311760790646,-0.004606612026691437,0.7292097806930542,0.5820926427841187,-0.16755957901477814,0.4226425886154175,-0.7227652072906494,1.9902124404907227,0.006517917383462191,0.9479741454124451,2.1591577529907227,-0.1359161744532909,0.38563971764079863,0.14115796950162832,-0.0010812897235155106,0.00015791758778505027,-0.00021105591440573335,0.004725117236375809,0.2873851954936981,-0.14149992167949677,-0.03894525021314621,-0.21010425686836243,0.23722806572914124,0.0011129555059596896,0.32036668062210083,0.3192768096923828,-1.0925261446070553,1.2935025578204329,-1.1464394337366373
0.0005458591040223837,-0.001147155649960041,-0.006727965548634529,-0.7841697931289673,0.4128700792789459,-0.0647154152393341,-0.3144579827785492,0.30301421880722046,-0.3230954110622406,0.006846856791526079,0.8885786533355713,0.5432237982749939,-1.483224156869359,1.360550024107014,-1.0405703757554239,-0.0006254021427594125,0.0013468547258526087,0.0016675336519256234,0.0039371708407998085,-0.00773975346237421,-0.02428917959332466,0.2759143114089966,-0.0494648739695549,0.11775239557027817,0.002232893602922559,0.025794755667448044,0.3040412962436676,-0.15527882186741762,0.7423963597179983,-1.3582582914708567,0.0038386117666959763,-0.0015931114321574569,-0.004364145919680595,0.7160640954971313,0.6009841561317444,-0.15551263093948364,0.40839213132858276,-0.7043787240982056,1.9314758777618408,0.006026500836014748,0.9476886987686157,2.0960755348205566,-0.1359161744532909,0.38563971764079863,0.14115796950162832,-0.0007946410914883018,0.0002911137416958809,-0.00016437805606983602,0.003782011568546295,0.2797001302242279,-0.12850016355514526,-0.04773731529712677,-0.1877870261669159,0.23121857643127441,0.0008621031302027404,0.3078291118144989,0.301670104265213,-1.0925261446070553,1.2935025578204329,-1.1464394337366373
0.0008050105534493923,-0.0011584850726649165,-0.006782235577702522,-0.7909610271453857,0.40208107233047485,-0.04929232597351074,-0.32063013315200806,0.31024837493896484,-0.3311021327972412,0.0069273984991014,0.8886609673500061,0.5555955171585083,-1.483224156869359,1.360550024107014,-1.0405703757554239,-0.0007252565119415522,0.0014272644184529781,0.0017427573911845684,-0.006259040907025337,-0.006094120908528566,-0.012460866011679173,0.22974224388599396,-0.0723210945725441,0.07662471383810043,0.002366491826251149,0.015217985957860947,0.2527512311935425,-0.15527882186741762,0.7423963597179983,-1.3582582914708567,0.0035011498257517815,-0.0013778302818536758,-0.004144853912293911,0.6997143626213074,0.6330894827842712,-0.15004552900791168,0.3873971104621887,-0.678141713142395,1.845866084098816,0.005597881972789764,0.9554664492607117,2.004288911819458,-0.1359161744532909,0.38563971764079863,0.14115796950162832,-0.0005285987281240523,0.00037048934609629214,-0.0001763233740348369,0.0028926916420459747,0.27214252948760986,-0.11607079952955246,-0.059473440051078796,-0.15775996446609497,0.22334598004817963,0.0006691553862765431,0.29587557911872864,0.2798369526863098,-1.0925261446070553,1.2935025578204329,-1.1464394337366373
0.0010299228597432375,-0.0012282553361728787,-0.006861215457320213,-0.7967290878295898,0.39271196722984314,-0.037000030279159546,-0.32409992814064026,0.31479328870773315,-0.3351341784000397,0.007045965641736984,0.889026939868927,0.5625393390655518,-1.483224156869359,1.360550024107014,-1.0405703757554239,-0.0007606787839904428,0.001490443479269743,0.0017361496575176716,-0.02265198715031147,-0.0022776785772293806,0.0008415412157773972,0.1813133805990219,-0.09629447758197784,0.03356145694851875,0.002411279594525695,0.02278175950050354,0.20802293717861176,-0.15527882186741762,0.7423963597179983,-1.3582582914708567,0.003252827562391758,-0.0011940021067857742,-0.0039289724081754684,0.6830585598945618,0.6772661209106445,-0.1530401110649109,0.35835835337638855,-0.642619252204895,1.7282726764678955,0.005238640122115612,0.9740018844604492,1.8783787488937378,-0.1359161744532909,0.38563971764079863,0.14115796950162832,-0.0003103869967162609,0.00039335686597041786,-0.0002417982614133507,0.0020400546491146088,0.2694343626499176,-0.10690191388130188,-0.07411501556634903,-0.12023045122623444,0.21369299292564392,0.0005563597078435123,0.28987422585487366,0.2561505138874054,-1.0925261446070553,1.2935025578204329,-1.1464394337366373
0.001188827445730567,-0.0013294981326907873,-0.006959211081266403,-0.8002407550811768,0.3865851163864136,-0.03118354082107544,-0.325958788394928,0.3177764117717743,-0.33671221137046814,0.007184114307165146,0.8892725706100464,0.5662208795547485,-1.483224156869359,1.360550024107014,-1.0405703757554239,-0.0007368036895059049,0.0015299530932679772,0.0016352287493646145,-0.04367930069565773,0.003035342786461115,0.014918954111635685,0.13538499176502228,-0.11914592236280441,-0.0072537753731012344,0.0023574582301080227,0.04625656455755234,0.18049228191375732,-0.15527882186741762,0.7423963597179983,-1.3582582914708567,0.003118082880973816,-0.0010187660809606314,-0.0037005192134529352,0.6683778166770935,0.7303611040115356,-0.16506579518318176,0.32041025161743164,-0.5968323349952698,1.575247049331665,0.004945115651935339,1.0036946535110474,1.714722990989685,-0.1359161744532909,0.38563971764079863,0.14115796950162832,-0.0001568589941598475,0.0003759880200959742,-0.000340308528393507,0.0012070052325725555,0.2746342718601227,-0.10268114507198334,-0.09101733565330505,-0.07699213922023773,0.2027612179517746,0.0005308311083354056,0.29320448637008667,0.23521065711975098,-1.0925261446070553,1.2935025578204329,-1.1464394337366373
0.0012642841320484877,-0.0014269897947087884,-0.007062769029289484,-0.800503134727478,0.385575532913208,-0.03292497992515564,-0.32693734765052795,0.319906085729599,-0.336922824382782,0.0073155602440238,0.8891331553459167,0.5681064128875732,-1.483224156869359,1.360550024107014,-1.0405703757554239,-0.0006743284175172448,0.0015393835492432117,0.0014582446310669184,-0.06718804687261581,0.009037868119776249,0.029428547248244286,0.09574463218450546,-0.1391058713197708,-0.04249454662203789,0.0022250614129006863,0.07390504330396652,0.17413575947284698,-0.15527882186741762,0.7423963597179983,-1.3582582914708567,0.0030883452855050564,-0.0008279703324660659,-0.003451296593993902,0.6570051312446594,0.787724494934082,-0.18502995371818542,0.27374476194381714,-0.5410204529762268,1.3875263929367065,0.00470476970076561,1.0423059463500977,1.5142221450805664,-0.1359161744532909,0.38563971764079863,0.14115796950162832,-6.961991311982274e-05,0.0003400513669475913,-0.0004385596257634461,0.00037955306470394135,0.2881089746952057,-0.10350252687931061,-0.10880448669195175,-0.03173661604523659,0.19154880940914154,0.0005592999514192343,0.30613672733306885,0.22256813943386078,-1.0925261446070553,1.2935025578204329,-1.1464394337366373
0.0012504348997026682,-0.0014915924984961748,-0.0071534267626702785,-0.7972516417503357,0.3905450403690338,-0.04108014702796936,-0.32735881209373474,0.32140108942985535,-0.33637315034866333,0.007413497660309076,0.8887199759483337,0.5688667297363281,-1.483224156869359,1.360550024107014,-1.0405703757554239,-0.0006007897900417447,0.0015209221746772528,0.0012505529448390007,-0.09059769660234451,0.014898262917995453,0.04390094056725502,0.06419747322797775,-0.15535679459571838,-0.07058624923229218,0.002058648969978094,0.1017702966928482,0.18231694400310516,-0.15527882186741762,0.7423963597179983,-1.3582582914708567,0.0031231234315782785,-0.0006062957691028714,-0.003177730366587639,0.6483409404754639,0.8439737558364868,-0.21003283560276031,0.22041192650794983,-0.4776076674461365,1.1732646226882935,0.004496606066823006,1.0847817659378052,1.2857838869094849,-0.1359161744532909,0.38563971764079863,0.14115796950162832,-3.579170152079314e-05,0.00030089422944001853,-0.0005032795015722513,-0.00043545477092266083,0.30741968750953674,-0.10795474797487259,-0.12573859095573425,0.01092413067817688,0.18128687143325806,0.0005874594789929688,0.32582399249076843,0.22089466452598572,-1.0925261446070553,1.2935025578204329,-1.1464394337366373
0.001149495830759406,-0.0015111579559743404,-0.007213879842311144,-0.7912421226501465,0.40051114559173584,-0.0530703067779541,-0.3271143138408661,0.3219430446624756,-0.3351804316043854,0.007459557615220547,0.8884198069572449,0.5683282613754272,-1.483224156869359,1.360550024107014,-1.0405703757554239,-0.0005396551568992436,0.001486663706600666,0.0010666993912309408,-0.11124345660209656,0.019938211888074875,0.05734018608927727,0.04088502377271652,-0.16788820922374725,-0.09135587513446808,0.0019076804164797068,0.12673017382621765,0.19545826315879822,-0.15566163845579337,0.7422705813380168,-1.358629017453203,0.0031673575285822153,-0.0003515960997901857,-0.002878009807318449,0.6403436064720154,0.8934803009033203,-0.23578423261642456,0.16472797095775604,-0.4116975665092468,0.949680745601654,0.004294032230973244,1.124251365661621,1.0481047630310059,-0.1359161744532909,0.38563971764079863,0.14115796950162832,-3.338597889523953e-05,0.0002652247785590589,-0.000515853869728744,-0.0007425546646118164,0.3281746506690979,-0.11367803066968918,-0.14074189960956573,0.04739811643958092,0.17266349494457245,0.0005810026195831597,0.34730657935142517,0.2277444750070572,-1.0867393381722852,1.2927267514183414,-1.1396984838114463
0.0009745454881340265,-0.0014941130066290498,-0.007229224778711796,-0.7839453220367432,0.41304802894592285,-0.06590762734413147,-0.3256557583808899,0.3206482529640198,-0.33298197388648987,0.007446059491485357,0.888550877571106,0.5654590725898743,-1.483224156869359,1.360550024107014,-1.0405703757554239,-0.000502114009577781,0.001449322560802102,0.0009549484821036458,-0.12658871710300446,0.02353832498192787,0.0684143528342247,0.025009796023368835,-0.17702791094779968,-0.10564541071653366,0.001806815154850483,0.14580562710762024,0.20766638219356537,-0.15566163845579337,0.7422705813380168,-1.358629017453203,0.0031736930832266808,-7.493044540751725e-05,-0.0025539477355778217,0.6308119893074036,0.9307888150215149,-0.2574409544467926,0.11212702840566635,-0.3497209846973419,0.7384708523750305,0.004074382595717907,1.1535022258758545,0.8247523307800293,-0.1359161744532909,0.38563971764079863,0.14115796950162832,-4.209329199511558e-05,0.0002339465863769874,-0.0004764836048707366,-0.0013462789356708527,0.34540417790412903,-0.11855058372020721,-0.1524849534034729,0.07583625614643097,0.166619211435318,0.000532484264113009,0.365185022354126,0.23825356364250183,-1.0867393381722852,1.2927267514183414,-1.1396984838114463
0.0007550057489424944,-0.0014627596829086542,-0.007191157434135675,-0.7769819498062134,0.4252556562423706,-0.07719552516937256,-0.3220062851905823,0.31606563925743103,-0.3289647102355957,0.007377156987786293,0.889102041721344,0.5583935379981995,-1.483224156869359,1.360550024107014,-1.0405703757554239,-0.00048561644507572055,0.0014174685347825289,0.0009416769607923925,-0.13459816575050354,0.025311829522252083,0.0759255588054657,0.015248864889144897,-0.18335756659507751,-0.11455599963665009,0.0017696880968287587,0.1565951704978943,0.21673855185508728,-0.15566163845579337,0.7422705813380168,-1.358629017453203,0.0031158251222223043,0.00020342195057310164,-0.0022148790303617716,0.6177639961242676,0.9513290524482727,-0.27094247937202454,0.06693568825721741,-0.29680174589157104,0.5568954348564148,0.00382824195548892,1.1662200689315796,0.6345897912979126,-0.1359161744532909,0.38563971764079863,0.14115796950162832,-3.789148468058556e-05,0.00020570351625792682,-0.00040062787593342364,-0.0016990676522254944,0.35527780652046204,-0.12128697335720062,-0.1612393707036972,0.09622731804847717,0.16282148659229279,0.00045194290578365326,0.37541407346725464,0.24853302538394928,-1.0867393381722852,1.2927267514183414,-1.1396984838114463
0.0005327924154698849,-0.0014401720836758614,-0.007108788006007671,-0.771725058555603,0.4344284236431122,-0.0858895480632782,-0.3148016929626465,0.3062193989753723,-0.32191988825798035,0.007272745482623577,0.889755368232727,0.5445207357406616,-1.483224156869359,1.360550024107014,-1.0405703757554239,-0.00047935830662027,0.0013922235229983926,0.001023382181301713,-0.13434989750385284,0.025105858221650124,0.07928593456745148,0.010162394493818283,-0.18739408254623413,-0.11933659762144089,0.00179314857814461,0.15800778567790985,0.22239837050437927,-0.15566163845579337,0.7422705813380168,-1.358629017453203,0.0029874308966100216,0.00046264956472441554,-0.0018781049875542521,0.5997254252433777,0.9521499872207642,-0.2744264006614685,0.031209036707878113,-0.25537365674972534,0.4131244719028473,0.0035589418839663267,1.1582616567611694,0.48668423295021057,-0.1359161744532909,0.38563971764079863,0.14115796950162832,9.232171578332782e-07,0.0001790636742953211,-0.0003120249602943659,-0.0017099380493164062,0.35630661249160767,-0.1218007504940033,-0.16726377606391907,0.10955400764942169,0.16081885993480682,0.00035975579521618783,0.3765537738800049,0.2565968930721283,-1.0867393381722852,1.2927267514183414,-1.1396984838114463
0.0003485556226223707,-0.0014417893253266811,-0.007008860353380442,-0.7689781188964844,0.4387194514274597,-0.09241563081741333,-0.3023820221424103,0.28872692584991455,-0.3103412687778473,0.007164102979004383,0.8901363611221313,0.5206820964813232,-1.483224156869359,1.360550024107014,-1.0405703757554239,-0.0004701369907706976,0.0013697915710508823,0.0011681820033118129,-0.12655620276927948,0.023148363456130028,0.07866962254047394,0.008400745689868927,-0.1894788146018982,-0.12113183736801147,0.0018606469966471195,0.15080195665359497,0.2250460386276245,-0.15566163845579337,0.7422705813380168,-1.358629017453203,0.002802923321723938,0.0006989354733377695,-0.0015521489549428225,0.5746424198150635,0.9342799782752991,-0.26627346873283386,0.0044783130288124084,-0.22550541162490845,0.3078468143939972,0.003279337892308831,1.1287137269973755,0.3816312551498413,-0.13204292355056294,0.3808632307193459,0.14153063210780847,9.299135854234919e-05,0.0001551736204419285,-0.0002310200361534953,-0.0014307200908660889,0.349618524312973,-0.12030352652072906,-0.17096981406211853,0.11740861088037491,0.15987645089626312,0.0002934220538008958,0.3697405755519867,0.26187005639076233,-1.0867393381722852,1.2927267514183414,-1.1396984838114463
0.000230331439524889,-0.001476275734603405,-0.006918458268046379,-0.7687122821807861,0.43791890144348145,-0.09785312414169312,-0.2829616963863373,0.2610324025154114,-0.2925896644592285,0.00707795936614275,0.8900937438011169,0.4835430979728699,-1.483224156869359,1.360550024107014,-1.0405703757554239,-0.00044977874495089054,0.0013464167714118958,0.0013353205285966396,-0.11366981267929077,0.02008424885571003,0.07493622601032257,0.008826307952404022,-0.1896888017654419,-0.12086895108222961,0.0019489022670313716,0.13762137293815613,0.2250978648662567,-0.15566163845579337,0.7422705813380168,-1.358629017453203,0.002574870130047202,0.00088649766985327,-0.0012845085002481937,0.5493347644805908,0.894750714302063,-0.25457626581192017,-0.01271139457821846,-0.20629632472991943,0.23685942590236664,0.0030109460931271315,1.0803501605987549,0.3143599033355713,-0.13204292355056294,0.3808632307193459,0.14153063210780847,0.0002501863637007773,0.00013727387704420835,-0.00016394216800108552,-0.0011095218360424042,0.33808568120002747,-0.1163322851061821,-0.17279057204723358,0.12169396877288818,0.15902607142925262,0.00032911146990954876,0.35754209756851196,0.26449063420295715,-1.0867393381722852,1.2927267514183414,-1.1396984838114463
0.00019102194346487522,-0.0015477347187697887,-0.006848866585642099,-0.7701773047447205,0.43351197242736816,-0.10274478793144226,-0.2549108862876892,0.22080373764038086,-0.26715564727783203,0.007024168502539396,0.8897539973258972,0.4302394390106201,-1.483224156869359,1.360550024107014,-1.0405703757554239,-0.0004209824837744236,0.0013253663200885057,0.0014947981107980013,-0.09933566302061081,0.016867782920598984,0.06920573115348816,0.01056285947561264,-0.18779177963733673,-0.11920978128910065,0.0020416276529431343,0.12223555147647858,0.22268429398536682,-0.15566163845579337,0.7422705813380168,-1.358629017453203,0.002340451581403613,0.0010408131638541818,-0.0010694294469431043,0.5245896577835083,0.8396676182746887,-0.24087606370449066,-0.022917799651622772,-0.19557426869869232,0.1941775381565094,0.00277573149651289,1.0189491510391235,0.27654916048049927,-0.13204292355056294,0.3808632307193459,0.14153063210780847,0.0004717056290246546,0.0001283442397834733,-0.00010454680887050927,-0.0011260788887739182,0.32514768838882446,-0.10861918330192566,-0.1730973720550537,0.12443727999925613,0.15709637105464935,0.0004999084630981088,0.34281250834465027,0.2648142874240875,-1.0867393381722852,1.2927267514183414,-1.1396984838114463
0.00023130839690566063,-0.0016534924507141113,-0.006796312518417835,-0.7724015712738037,0.42768120765686035,-0.10677266120910645,-0.21718409657478333,0.16654351353645325,-0.23305092751979828,0.006998385768383741,0.8893344402313232,0.35946962237358093,-1.483224156869359,1.360550024107014,-1.0405703757554239,-0.00039535079849883914,0.0013195364736020565,0.001632212777622044,-0.08722630888223648,0.014460230246186256,0.06246352195739746,0.012995816767215729,-0.18324406445026398,-0.1165495291352272,0.0021357894875109196,0.10825534164905548,0.21755705773830414,-0.15566163845579337,0.7422705813380168,-1.358629017453203,0.0021197181195020676,0.0011772632133215666,-0.0008965767920017242,0.5019183158874512,0.775001049041748,-0.22889560461044312,-0.027866367250680923,-0.19109439849853516,0.1728951632976532,0.002585150534287095,0.9512842893600464,0.2592032849788666,-0.13204292355056294,0.3808632307193459,0.14153063210780847,0.0007406967342831194,0.00013135120389051735,-4.64854238089174e-05,-0.001832352951169014,0.3137689232826233,-0.09585827589035034,-0.17215745151042938,0.12767794728279114,0.15274322032928467,0.0007536880439147353,0.328090101480484,0.2631925940513611,-1.0867393381722852,1.2927267514183414,-1.1396984838114463
0.00034237769432365894,-0.0017813034355640411,-0.0067545389756560326,-0.7746376395225525,0.4221590459346771,-0.1094803512096405,-0.16992445290088654,0.09845595061779022,-0.1903570294380188,0.006993859075009823,0.8889700174331665,0.2735026478767395,-1.483224156869359,1.360550024107014,-1.0405703757554239,-0.00038679776480421424,0.0013458775356411934,0.0017424174584448338,-0.07994253933429718,0.013467412441968918,0.055659741163253784,0.01574193313717842,-0.17523664236068726,-0.11304750293493271,0.0022354009561240673,0.09833711385726929,0.2091301679611206,-0.15566163845579337,0.7422705813380168,-1.358629017453203,0.001914717024192214,0.0013179428642615676,-0.0007411042461171746,0.4806450307369232,0.7073230147361755,-0.2203567624092102,-0.029238112270832062,-0.19055311381816864,0.16638362407684326,0.0024397438392043114,0.8831096291542053,0.2546544075012207,-0.13204292355056294,0.3808632307193459,0.14153063210780847,0.001028529368340969,0.00015057003474794328,7.990747690200806e-06,-0.0033539924770593643,0.3055870831012726,-0.07792253792285919,-0.1701246201992035,0.13338793814182281,0.14450488984584808,0.0010395229328423738,0.31538331508636475,0.260031521320343,-1.0867393381722852,1.2927267514183414,-1.1396984838114463
0.0005064927972853184,-0.0019094430608674884,-0.006723601371049881,-0.7764829397201538,0.4178255796432495,-0.11082985997200012,-0.11526042968034744,0.019592655822634697,-0.14094607532024384,0.007007804233580828,0.8886997699737549,0.18312464654445648,-1.483224156869359,1.360550024107014,-1.0405703757554239,-0.00040506297955289483,0.0014155616518110037,0.00182203552685678,-0.07883317023515701,0.013999680988490582,0.0501941442489624,0.018602006137371063,-0.16279980540275574,-0.10868183523416519,0.0023425850085914135,0.09449926763772964,0.19662541151046753,-0.15566163845579337,0.7422705813380168,-1.358629017453203,0.0017147858161479235,0.0014854356413707137,-0.0005756458849646151,0.4592253863811493,0.6423523426055908,-0.2144252061843872,-0.028547178953886032,-0.19170720875263214,0.16881181299686432,0.0023405933752655983,0.8182191848754883,0.2570292353630066,-0.13204292355056294,0.3808632307193459,0.14153063210780847,0.0013023214414715767,0.0001891670690383762,5.1876355428248644e-05,-0.005476821213960648,0.30058902502059937,-0.056655146181583405,-0.16705742478370667,0.14338241517543793,0.1309095174074173,0.0013170104939490557,0.30593064427375793,0.2561327815055847,-1.0867393381722852,1.2927267514183414,-1.1396984838114463
0.0006985110230743885,-0.002011398319154978,-0.0067078107967972755,-0.7777725458145142,0.4150088429450989,-0.11093708872795105,-0.057704124599695206,-0.06357186287641525,-0.08884242922067642,0.007037639152258635,0.8885209560394287,0.12354806810617447,-1.483224156869359,1.360550024107014,-1.0405703757554239,-0.0004483197699300945,0.0015262363012880087,0.0018705371767282486,-0.08446992188692093,0.015778716653585434,0.04814717918634415,0.021504752337932587,-0.14498291909694672,-0.10332381725311279,0.0024554627016186714,0.09850018471479416,0.17932738363742828,-0.15566163845579337,0.7422705813380168,-1.358629017453203,0.0015107712242752314,0.001694525359198451,-0.0003800547565333545,0.436694473028183,0.5838541984558105,-0.20877636969089508,-0.027095742523670197,-0.19240914285182953,0.17534586787223816,0.0023018009960651398,0.7584031820297241,0.2617281675338745,-0.13204292355056294,0.3808632307193459,0.14153063210780847,0.0015315329656004906,0.0002451766631565988,8.312839781865478e-05,-0.00772729841992259,0.2974221110343933,-0.03535611554980278,-0.16296172142028809,0.15917962789535522,0.1106649786233902,0.0015532595571130514,0.29961588978767395,0.2532615661621094,-1.0867393381722852,1.2927267514183414,-1.1396984838114463
0.0008911218028515577,-0.002065147738903761,-0.006709631532430649,-0.7784441709518433,0.4138709604740143,-0.10969141125679016,-0.002942299470305443,-0.1428726315498352,-0.0391378328204155,0.007076587527990341,0.8884236812591553,0.1481655091047287,-1.483224156869359,1.360550024107014,-1.0405703757554239,-0.0004997585201635957,0.0016620472306385636,0.0018994195852428675,-0.09667127579450607,0.018233414739370346,0.0517522469162941,0.024447094649076462,-0.12112754583358765,-0.09683153033256531,0.0025729271583259106,0.11115793883800507,0.15699008107185364,-0.15566163845579337,0.7422705813380168,-1.358629017453203,0.0013044538209214807,0.001939707319252193,-0.0001473984302720055,0.4126613736152649,0.5333898067474365,-0.20147329568862915,-0.025974910706281662,-0.19060520827770233,0.1821487843990326,0.002342176390811801,0.7038363218307495,0.2649211585521698,-0.13204292355056294,0.3808632307193459,0.14153063210780847,0.0016964063979685307,0.0003126460069324821,0.00010924332309514284,-0.009621165692806244,0.29406246542930603,-0.017025403678417206,-0.1578553318977356,0.181773379445076,0.08296023309230804,0.0017284317873418331,0.29471200704574585,0.25464144349098206,-1.0867393381722852,1.2927267514183414,-1.1396984838114463
0.0010613126214593649,-0.002060545142740011,-0.00672645028680563,-0.77841717004776,0.41461899876594543,-0.10689812898635864,0.04445838928222656,-0.21178500354290009,0.004073735326528549,0.0071145882830023766,0.888408362865448,0.21643944084644318,-1.482716629529573,1.3606480069094473,-1.0399383833159697,-0.0005372968735173345,0.001802366692572832,0.0019355728290975094,-0.11410677433013916,0.02051055058836937,0.06263408809900284,0.027432803064584732,-0.09125153720378876,-0.0891648679971695,0.002698824740946293,0.13177278637886047,0.13049818575382233,-0.15566163845579337,0.7422705813380168,-1.358629017453203,0.0011031451867893338,0.002188334707170725,0.00011353532318025827,0.38652947545051575,0.4908526539802551,-0.19226455688476562,-0.02608383819460869,-0.18434248864650726,0.18628279864788055,0.0024532892275601625,0.6536872386932373,0.2633700966835022,-0.13204292355056294,0.3808632307193459,0.14153063210780847,0.0017953867791220546,0.00038674677489325404,0.000142417149618268,-0.010919759050011635,0.28847232460975647,-0.00253232941031456,-0.15185463428497314,0.2112884223461151,0.04790235310792923,0.0018420828273519874,0.2886900305747986,0.2645699679851532,-1.0867393381722852,1.2927267514183414,-1.1396984838114463
0.001190153881907463,-0.002003792906180024,-0.006750758271664381,-0.777845025062561,0.4170129895210266,-0.10232767462730408,0.08234401792287827,-0.2671346664428711,0.038844410330057144,0.0071417358703911304,0.8884895443916321,0.2822239398956299,-1.482716629529573,1.3606480069094473,-1.0399383833159697,-0.0005506130401045084,0.0019325348548591137,0.002006679307669401,-0.13459667563438416,0.021603213623166084,0.08169731497764587,0.030410142615437508,-0.05655344948172569,-0.08052317798137665,0.0028398288413882256,0.15892581641674042,0.1029905453324318,-0.15566163845579337,0.7422705813380168,-1.358629017453203,0.0009076148853637278,0.0023922917898744345,0.0003843944286927581,0.35741686820983887,0.4550413489341736,-0.18253111839294434,-0.02814396098256111,-0.17182771861553192,0.18559657037258148,0.0025873894337564707,0.6067347526550293,0.2544856369495392,-0.13204292355056294,0.3808632307193459,0.14153063210780847,0.0018426384776830673,0.0004652685020118952,0.00018864450976252556,-0.011701509356498718,0.2790444493293762,0.009741270914673805,-0.1452813446521759,0.24650081992149353,0.007101476192474365,0.0019098109332844615,0.27945950627326965,0.28621628880500793,-1.0867393381722852,1.2927267514183414,-1.1396984838114463
0.0012682881206274033,-0.0019100898643955588,-0.006776592694222927,-0.7768614292144775,0.4207119941711426,-0.09611585736274719,0.11046239733695984,-0.30851268768310547,0.0648992583155632,0.007153964601457119,0.888679027557373,0.3340567648410797,-1.482716629529573,1.3606480069094473,-1.0399383833159697,-0.0005465578869916499,0.002047076588496566,0.00211496208794415,-0.15629957616329193,0.02065705507993698,0.10968312621116638,0.03323487192392349,-0.019671287387609482,-0.07142152637243271,0.0029937122017145157,0.1920589953660965,0.08119452744722366,-0.15566163845579337,0.7422705813380168,-1.358629017453203,0.0007098133792169392,0.002514864085242152,0.0006480677984654903,0.32438987493515015,0.4240171015262604,-0.17457883059978485,-0.03268906846642494,-0.1515786349773407,0.17866039276123047,0.0026922794058918953,0.5616912245750427,0.23656752705574036,-0.13204292355056294,0.3808632307193459,0.14153063210780847,0.0018563276389613748,0.0005444359267130494,0.00023810763377696276,-0.012210002169013023,0.2650095522403717,0.02235041931271553,-0.13871699571609497,0.2845996022224426,-0.03603881597518921,0.001949117286130786,0.2662305235862732,0.318650484085083,-1.0867393381722852,1.2927267514183414,-1.1396984838114463
0.0012985588982701302,-0.001799124525859952,-0.006806972436606884,-0.7758973836898804,0.4246915876865387,-0.0886283814907074,0.1297229826450348,-0.33711543679237366,0.08296897262334824,0.007159467786550522,0.8889514803886414,0.37061935663223267,-1.482716629529573,1.3606480069094473,-1.0399383833159697,-0.0005374446045607328,0.0021412973292171955,0.00222342018969357,-0.1784382164478302,0.01720387488603592,0.14739802479743958,0.03571102023124695,0.01605468988418579,-0.06253236532211304,0.0031333048827946186,0.23208263516426086,0.0737789049744606,-0.15566163845579337,0.7422705813380168,-1.358629017453203,0.0005056881345808506,0.002555291634052992,0.000891487579792738,0.2860777676105499,0.39600569009780884,-0.17132598161697388,-0.040016017854213715,-0.12270459532737732,0.1647958755493164,0.002753177424892783,0.5177003145217896,0.20932124555110931,-0.13204292355056294,0.3808632307193459,0.14153063210780847,0.001850685803219676,0.0006136466981843114,0.00026707880897447467,-0.012625938281416893,0.24668124318122864,0.03667302429676056,-0.13285982608795166,0.32196372747421265,-0.0772317424416542,0.0019679763354361057,0.2497117519378662,0.3567591905593872,-1.0867393381722852,1.2927267514183414,-1.1396984838114463
0.0012965539935976267,-0.0016895391745492816,-0.006853468716144562,-0.7755003571510315,0.4275772273540497,-0.08061793446540833,0.1415814757347107,-0.3548519015312195,0.09421498328447342,0.00717674195766449,0.8892256617546082,0.3934992253780365,-1.482716629529573,1.3606480069094473,-1.0399383833159697,-0.0005272029084153473,0.0022016693837940693,0.0022719709668308496,-0.20054596662521362,0.011156369000673294,0.1947278380393982,0.03768668323755264,0.0480019748210907,-0.0543673001229763,0.00320735783316195,0.2797536253929138,0.08173297345638275,-0.15566163845579337,0.7422705813380168,-1.358629017453203,0.0003102938935626298,0.002552290912717581,0.0011002185055986047,0.24018028378486633,0.3707846403121948,-0.1757529079914093,-0.05008547753095627,-0.0853443592786789,0.14422987401485443,0.0027965966146439314,0.4754543900489807,0.17491275072097778,-0.13204292355056294,0.3808632307193459,0.14153063210780847,0.0018387893214821815,0.0006541836191900074,0.00025870068930089474,-0.012823276221752167,0.2250729352235794,0.051888369023799896,-0.12768830358982086,0.3557586073875427,-0.11327657103538513,0.001968763070181012,0.23133237659931183,0.3945884704589844,-1.0812530920871035,1.2918508533176123,-1.1330438137277126
0.0012813322246074677,-0.0016005289508029819,-0.0069235507398843765,-0.7760426998138428,0.4282839894294739,-0.07318997383117676,0.14761656522750854,-0.363718181848526,0.09983474761247635,0.007220738101750612,0.8893965482711792,0.4050290882587433,-1.482716629529573,1.3606480069094473,-1.0399383833159697,-0.0005098023102618754,0.0022101320791989565,0.0022118305787444115,-0.22118127346038818,0.00275304913520813,0.24907764792442322,0.039105530828237534,0.07498104125261307,-0.047124072909355164,0.0031680872198194265,0.3331192135810852,0.0968094915151596,-0.15566163845579337,0.7422705813380168,-1.358629017453203,0.000158708484377712,0.002561331959441304,0.0012560408795252442,0.18409359455108643,0.3498581349849701,-0.18936634063720703,-0.062367260456085205,-0.04127566143870354,0.11838553100824356,0.0028571400325745344,0.4383500814437866,0.14003032445907593,-0.13204292355056294,0.3808632307193459,0.14153063210780847,0.001834903727285564,0.0006537435110658407,0.00020615669200196862,-0.012817390263080597,0.2011713832616806,0.06540073454380035,-0.12443402409553528,0.3841644823551178,-0.14203161001205444,0.001958763226866722,0.2119232565164566,0.4280644357204437,-1.0812530920871035,1.2918508533176123,-1.1330438137277126
0.001265617087483406,-0.0015528514049947262,-0.007007764186710119,-0.77752685546875,0.4264955222606659,-0.06757408380508423,0.14926263689994812,-0.36540117859840393,0.1008111983537674,0.0072884769178926945,0.8893889784812927,0.40738219022750854,-1.482716629529573,1.3606480069094473,-1.0399383833159697,-0.0004776647547259927,0.0021557940635830164,0.002030505333095789,-0.23772011697292328,-0.007185555994510651,0.3046295642852783,0.040040768682956696,0.09691330045461655,-0.04077083617448807,0.0029997604433447123,0.3864733576774597,0.11250650137662888,-0.15611578456443412,0.7420772910850262,-1.3586596449128356,8.923727727960795e-05,0.002621380379423499,0.0013424003263935447,0.11702725291252136,0.33493906259536743,-0.2108219563961029,-0.07576888054609299,0.005786545109003782,0.08999859541654587,0.0029464615508913994,0.41270506381988525,0.11778859794139862,-0.13204292355056294,0.3808632307193459,0.14153063210780847,0.0018484580796211958,0.0006053720717318356,0.00013782666064798832,-0.01212335005402565,0.1757882535457611,0.07391124963760376,-0.1225583553314209,0.40681225061416626,-0.16351895034313202,0.0019499406917020679,0.19107945263385773,0.45525288581848145,-1.0812530920871035,1.2918508533176123,-1.1330438137277126
0.0012510314118117094,-0.0015596072189509869,-0.00708075612783432,-0.7796489000320435,0.4225769639015198,-0.06492352485656738,0.14766670763492584,-0.36107301712036133,0.09778333455324173,0.007357619237154722,0.8891786932945251,0.4021700620651245,-1.482716629529573,1.3606480069094473,-1.0399383833159697,-0.00043198553612455726,0.0020343256182968616,0.0017554257065057755,-0.24701498448848724,-0.017472989857196808,0.3533632755279541,0.04047290235757828,0.11433889716863632,-0.035210270434617996,0.002721508964896202,0.43149426579475403,0.12629806995391846,-0.15611578456443412,0.7420772910850262,-1.3586596449128356,0.00012036642874591053,0.0027347085997462273,0.001351326471194625,0.04218846559524536,0.3263322412967682,-0.2360023409128189,-0.08893090486526489,0.05119030177593231,0.06242089346051216,0.0030527368653565645,0.4049317240715027,0.1201062873005867,-0.13204292355056294,0.3808632307193459,0.14153063210780847,0.001877491013146937,0.0005195847479626536,8.69929208420217e-05,-0.010511171072721481,0.15002645552158356,0.07484152913093567,-0.12174157798290253,0.42368000745773315,-0.17836400866508484,0.0019500021589919925,0.1679871380329132,0.47554126381874084,-1.0812530920871035,1.2918508533176123,-1.1330438137277126
0.001230717869475484,-0.0016136120539158583,-0.007116109132766724,-0.7820166945457458,0.4171428084373474,-0.06616243720054626,0.14364150166511536,-0.3513433039188385,0.09101895987987518,0.007399825844913721,0.8887832760810852,0.39033249020576477,-1.482716629529573,1.3606480069094473,-1.0399383833159697,-0.0003823355073109269,0.0018451421055942774,0.0014372286386787891,-0.24696092307567596,-0.025733590126037598,0.3870416283607483,0.04054686427116394,0.1278298944234848,-0.030397899448871613,0.0023698853328824043,0.459840327501297,0.13750840723514557,-0.15611578456443412,0.7420772910850262,-1.3586596449128356,0.00023897658684290946,0.0028705436270684004,0.0012833080254495144,-0.03282727301120758,0.32228484749794006,-0.25953546166419983,-0.10077350586652756,0.09124023467302322,0.038363732397556305,0.003153412602841854,0.41509494185447693,0.14125104248523712,-0.13204292355056294,0.3808632307193459,0.14153063210780847,0.0019099056953564286,0.0004205784644000232,7.430929690599442e-05,-0.008062157779932022,0.12595213949680328,0.06770944595336914,-0.12147559970617294,0.4347418546676636,-0.18757674098014832,0.00195707636885345,0.14322538673877716,0.4888167977333069,-1.0812530920871035,1.2918508533176123,-1.1330438137277126
0.0011976663954555988,-0.0016875345027074218,-0.007103809155523777,-0.7843589186668396,0.41071757674217224,-0.07153630256652832,0.13769060373306274,-0.3363438546657562,0.08047570288181305,0.0073990728706121445,0.8882709741592407,0.37223947048187256,-1.482716629529573,1.3606480069094473,-1.0399383833159697,-0.00034660176606848836,0.001596385962329805,0.0011272889096289873,-0.2372254729270935,-0.02891317754983902,0.4000701606273651,0.040386274456977844,0.13769318163394928,-0.02647259831428528,0.0019847825169563293,0.4660129249095917,0.14591525495052338,-0.15611578456443412,0.7420772910850262,-1.3586596449128356,0.0004062833031639457,0.0029870381113141775,0.001140955020673573,-0.09805244207382202,0.31931933760643005,-0.27656489610671997,-0.11077305674552917,0.12416939437389374,0.01923816092312336,0.0032232345547527075,0.43366721272468567,0.16750766336917877,-0.13204292355056294,0.3808632307193459,0.14153063210780847,0.0019317459082230926,0.0003357347450219095,9.775377111509442e-05,-0.005218304693698883,0.10649367421865463,0.05460592359304428,-0.12108642607927322,0.4396107494831085,-0.1922266185283661,0.0019631392788141966,0.11979123950004578,0.4948440194129944,-1.0812530920871035,1.2918508533176123,-1.1330438137277126
0.0011474676430225372,-0.0017490824684500694,-0.007056977599859238,-0.7866272926330566,0.40367719531059265,-0.07997250556945801,0.13008835911750793,-0.3159335255622864,0.0659448504447937,0.007360496092587709,0.8877687454223633,0.34797370433807373,-1.482716629529573,1.3606480069094473,-1.0399383833159697,-0.00033849600004032254,0.0013167108409106731,0.0008649125811643898,-0.2191416323184967,-0.023801393806934357,0.39113181829452515,0.040131811052560806,0.14366240799427032,-0.023853585124015808,0.0016113288002088666,0.4489695429801941,0.15105774998664856,-0.15611578456443412,0.7420772910850262,-1.3586596449128356,0.0005643536569550633,0.0030588859226554632,0.0009274327894672751,-0.14476197957992554,0.3129829168319702,-0.2841814458370209,-0.11920420825481415,0.1495213657617569,0.004850352182984352,0.0032458296045660973,0.4468483328819275,0.19128461182117462,-0.1299209212020861,0.37753966390873117,0.1412230513961784,0.0019370635272935033,0.00028277368983253837,0.00014352420112118125,-0.0025721099227666855,0.0942009687423706,0.03911460191011429,-0.1197471171617508,0.4373091757297516,-0.19323667883872986,0.00196284893900156,0.10203132033348083,0.49286824464797974,-1.0812530920871035,1.2918508533176123,-1.1330438137277126
0.0010739509016275406,-0.0017773357685655355,-0.007000243756920099,-0.7889791131019592,0.3962758779525757,-0.0891214907169342,0.12100282311439514,-0.2900169789791107,0.047276388853788376,0.007301760371774435,0.8873923420906067,0.3177838623523712,-1.482716629529573,1.3606480069094473,-1.0399383833159697,-0.00035014637978747487,0.0010495299939066172,0.0006890529184602201,-0.1946336030960083,-0.008642151951789856,0.3632546663284302,0.0399431549012661,0.144692063331604,-0.023319043219089508,0.0013034222647547722,0.41220247745513916,0.1519046574831009,-0.15611578456443412,0.7420772910850262,-1.3586596449128356,0.0006919756415300071,0.0030774734914302826,0.0006620446220040321,-0.16986697912216187,0.30160075426101685,-0.27862685918807983,-0.12553735077381134,0.16848495602607727,-0.004250675439834595,0.003223038511350751,0.4443542957305908,0.21015439927577972,-0.1299209212020861,0.37753966390873117,0.1412230513961784,0.001929987221956253,0.00026364100631326437,0.0002031064941547811,-0.000530291348695755,0.08973410725593567,0.024313904345035553,-0.11649464070796967,0.4261758327484131,-0.19127513468265533,0.00195847125723958,0.09297127276659012,0.4814384877681732,-1.0812530920871035,1.2918508533176123,-1.1330438137277126
0.0009707706049084663,-0.0017682157922536135,-0.006950138136744499,-0.7917402386665344,0.388469934463501,-0.0963720977306366,0.11065489798784256,-0.25897741317749023,0.024688228964805603,0.00723694683983922,0.8871578574180603,0.2827071249485016,-1.482716629529573,1.3606480069094473,-1.0399383833159697,-0.00034832771052606404,0.0008282859926111996,0.0006489926017820835,-0.16552963852882385,0.015183061361312866,0.3226183354854584,0.040002670139074326,0.13884225487709045,-0.0260532908141613,0.0011084137950092554,0.36292311549186707,0.14682015776634216,-0.15611578456443412,0.7420772910850262,-1.3586596449128356,0.0007472397410310805,0.0030440196860581636,0.00039370570448227227,-0.1749265491962433,0.28390511870384216,-0.25928792357444763,-0.13033494353294373,0.1818382441997528,-0.009333785623311996,0.0031590231228619814,0.4224116802215576,0.22391843795776367,-0.1299209212020861,0.37753966390873117,0.1412230513961784,0.0019194692140445113,0.0002711131237447262,0.0002785693504847586,0.0008814334869384766,0.09121683984994888,0.01148685347288847,-0.11026839911937714,0.40393245220184326,-0.18672703206539154,0.001958434469997883,0.0919414833188057,0.4584621489048004,-1.0812530920871035,1.2918508533176123,-1.1330438137277126
0.0008416445925831795,-0.001728641102090478,-0.006906269118189812,-0.7953943014144897,0.37963011860847473,-0.10007628798484802,0.09950820356607437,-0.22422097623348236,-0.0008412040770053864,0.007168899290263653,0.8870097994804382,0.24531130492687225,-1.482716629529573,1.3606480069094473,-1.0399383833159697,-0.0002999144489876926,0.0006576329469680786,0.0007804101333022118,-0.13373738527297974,0.04283963888883591,0.27644526958465576,0.04051748663187027,0.1232774406671524,-0.03364557400345802,0.0010637057712301612,0.31006920337677,0.13405603170394897,-0.15611578456443412,0.7420772910850262,-1.3586596449128356,0.0007091463776305318,0.0029490762390196323,0.00019094563322141767,-0.16435503959655762,0.2603042721748352,-0.22691932320594788,-0.13374684751033783,0.1905103623867035,-0.011426683515310287,0.0030391444452106953,0.3824438154697418,0.23305146396160126,-0.1299209212020861,0.37753966390873117,0.1412230513961784,0.0019179494120180607,0.0003000660508405417,0.0003756179939955473,0.0019222176633775234,0.09474169462919235,0.0006503984332084656,-0.0999903678894043,0.3679429888725281,-0.17973165214061737,0.0019772856030613184,0.09476342052221298,0.4215252995491028,-1.0812530920871035,1.2918508533176123,-1.1330438137277126
0.0007065783720463514,-0.0016695584636181593,-0.006859226152300835,-0.8004053831100464,0.36881014704704285,-0.10000932216644287,0.08838014304637909,-0.18847239017486572,-0.027360662817955017,0.0070947627536952496,0.8869450688362122,0.20995594561100006,-1.482716629529573,1.3606480069094473,-1.0399383833159697,-0.0002063702850136906,0.0005215219571255147,0.0010724390158429742,-0.1017315536737442,0.06768868863582611,0.23067864775657654,0.04171602800488472,0.0944201722741127,-0.04801537096500397,0.0012102476321160793,0.2610434889793396,0.1138458251953125,-0.15611578456443412,0.7420772910850262,-1.3586596449128356,0.000576058984734118,0.0027958068531006575,9.916067210724577e-05,-0.143032044172287,0.23303906619548798,-0.18522846698760986,-0.13574671745300293,0.19505494832992554,-0.011647846549749374,0.002856258302927017,0.33026495575904846,0.23792703449726105,-0.1299209212020861,0.37753966390873117,0.1412230513961784,0.0019442534539848566,0.0003458468709141016,0.0004903192748315632,0.0028832079842686653,0.09588412195444107,-0.008156759664416313,-0.08470816165208817,0.31571245193481445,-0.17027732729911804,0.002034734468907118,0.09627362340688705,0.368570476770401,-1.0812530920871035,1.2918508533176123,-1.1330438137277126
0.0005963535513728857,-0.0016087160911411047,-0.006806191056966782,-0.8068373203277588,0.355754017829895,-0.0966353714466095,0.07825729250907898,-0.15509557723999023,-0.05244813114404678,0.007019105367362499,0.8870658278465271,0.181465283036232,-1.482716629529573,1.3606480069094473,-1.0399383833159697,-0.00010121532250195742,0.00041082710959017277,0.0014667317736893892,-0.07254955917596817,0.08432696014642715,0.18884696066379547,0.04383470490574837,0.04831835255026817,-0.07123149186372757,0.0015265403781086206,0.21917493641376495,0.09659228473901749,-0.15611578456443412,0.7420772910850262,-1.3586596449128356,0.0003692971949931234,0.002623840933665633,0.00011909334716619924,-0.1157982349395752,0.2070195972919464,-0.14082366228103638,-0.13605979084968567,0.19546054303646088,-0.011150453239679337,0.0026523771230131388,0.2758580148220062,0.23841439187526703,-0.1299209212020861,0.37753966390873117,0.1412230513961784,0.002020628424361348,0.0003941618779208511,0.0006022489396855235,0.003939018584787846,0.09172449260950089,-0.014760460704565048,-0.06382261216640472,0.24567492306232452,-0.15834945440292358,0.0021449956111609936,0.09298800677061081,0.2991722524166107,-1.0812530920871035,1.2918508533176123,-1.1330438137277126
0.0005409985315054655,-0.0015748741570860147,-0.006756971590220928,-0.814261257648468,0.3412781357765198,-0.09039375185966492,0.06990264356136322,-0.12673600018024445,-0.0742075964808464,0.006959136109799147,0.8875039219856262,0.16265042126178741,-1.482716629529573,1.3606480069094473,-1.0399383833159697,-1.3108598068356514e-05,0.0003363837022334337,0.0018799741519615054,-0.048864446580410004,0.090779148042202,0.15256601572036743,0.04709004610776901,-0.0187024287879467,-0.10518605262041092,0.0019098765915259719,0.18413303792476654,0.11675340682268143,-0.15611578456443412,0.7420772910850262,-1.3586596449128356,0.00012762725236825645,0.0024897765833884478,0.00022450240794569254,-0.08732323348522186,0.1878555715084076,-0.10034911334514618,-0.13412366807460785,0.19105470180511475,-0.011105496436357498,0.002503133611753583,0.23018471896648407,0.23369722068309784,-0.1299209212020861,0.37753966390873117,0.1412230513961784,0.0021608967799693346,0.00042318113264627755,0.0006851846119388938,0.005165434442460537,0.08216167986392975,-0.019746754318475723,-0.037417419254779816,0.15831486880779266,-0.1441308706998825,0.002306086476892233,0.08465906977653503,0.2173415869474411,-1.0812530920871035,1.2918508533176123,-1.1330438137277126
0.0005601407028734684,-0.0015964620979502797,-0.0067243329249322414,-0.8220962285995483,0.3263891935348511,-0.08227285742759705,0.06364980340003967,-0.10461319983005524,-0.0917796865105629,0.006933909375220537,0.8883360624313354,0.15303179621696472,-1.482716629529573,1.3606480069094473,-1.0399383833159697,5.5711716413497925e-05,0.00030980154406279325,0.002231223974376917,-0.03210169076919556,0.08825923502445221,0.1221875548362732,0.051631636917591095,-0.10902449488639832,-0.1510833352804184,0.00225331773981452,0.1541103720664978,0.19333478808403015,-0.15611578456443412,0.7420772910850262,-1.3586596449128356,-9.893108654068783e-05,0.002427237806841731,0.0003829500055871904,-0.060897376388311386,0.178361713886261,-0.06746421009302139,-0.12908761203289032,0.1805024892091751,-0.012699902057647705,0.002459252253174782,0.20018194615840912,0.22227470576763153,-0.1299209212020861,0.37753966390873117,0.1412230513961784,0.0023574973456561565,0.0004192027263343334,0.0007227337919175625,0.006574192084372044,0.06974797695875168,-0.024663494899868965,-0.0067002661526203156,0.05764421075582504,-0.12825213372707367,0.002501173410564661,0.07427171617746353,0.1407705843448639,-1.0812530920871035,1.2918508533176123,-1.1330438137277126
0.0006577682215720415,-0.0016805925406515598,-0.006713232025504112,-0.8298531770706177,0.3115231394767761,-0.07454583048820496,0.059518568217754364,-0.08873960375785828,-0.10513883084058762,0.006951584946364164,0.8895279765129089,0.14990447461605072,-1.481701370426774,1.360651435694121,-1.039247034461973,0.00012273213360458612,0.00032087700674310327,0.0024700474459677935,-0.022527460008859634,0.07952161133289337,0.09657452255487442,0.05747155845165253,-0.2222948968410492,-0.20870855450630188,0.0024938243441283703,0.12711338698863983,0.3102857768535614,-0.15611578456443412,0.7420772910850262,-1.3586596449128356,-0.0002673924609553069,0.0024282000958919525,0.0005610336665995419,-0.03660956770181656,0.17702269554138184,-0.043188683688640594,-0.11986255645751953,0.16191376745700836,-0.01712491735816002,0.0025064742658287287,0.18585628271102905,0.20217902958393097,-0.1299209212020861,0.37753966390873117,0.1412230513961784,0.002578509273007512,0.00038843799848109484,0.0007118957000784576,0.008060306310653687,0.05845990777015686,-0.03087570145726204,0.025779899209737778,-0.048050299286842346,-0.11192943155765533,0.0027030333876609802,0.06660208851099014,0.12450554966926575,-1.0812530920871035,1.2918508533176123,-1.1330438137277126
0.0008107763715088367,-0.0018052618252113461,-0.006720912642776966,-0.8364728689193726,0.29847452044487,-0.06949818134307861,0.05716458335518837,-0.07847648859024048,-0.11474999785423279,0.007006211206316948,0.890844464302063,0.15031270682811737,-1.481701370426774,1.360651435694121,-1.039247034461973,0.00020981032866984606,0.0003435021499171853,0.0025891829282045364,-0.019643964245915413,0.06718108057975769,0.07328218966722488,0.0643882155418396,-0.3535178005695343,-0.2754589319229126,0.0026202828157693148,0.10133835673332214,0.45276737213134766,-0.15611578456443412,0.7420772910850262,-1.3586596449128356,-0.0003628582344390452,0.0024556368589401245,0.0007331502856686711,-0.011907116509974003,0.17977438867092133,-0.027759375050663948,-0.10523900389671326,0.13308660686016083,-0.025529811158776283,0.002588306088000536,0.18229424953460693,0.17157815396785736,-0.1299209212020861,0.37753966390873117,0.1412230513961784,0.0027778050862252712,0.0003515013086143881,0.0006600767374038696,0.009340133517980576,0.05216314271092415,-0.03816867247223854,0.056824155151844025,-0.1483994573354721,-0.09666192531585693,0.0028767092153429985,0.06530757248401642,0.18599706888198853,-1.0812530920871035,1.2918508533176123,-1.1330438137277126
0.0009788915049284697,-0.0019271131604909897,-0.006741155870258808,-0.8407853245735168,0.2893706262111664,-0.06858903169631958,0.05624891817569733,-0.07274291664361954,-0.12123801559209824,0.0070792073383927345,0.8918294906616211,0.15216480195522308,-1.481701370426774,1.360651435694121,-1.039247034461973,0.00032520329114049673,0.0003606448299251497,0.0026094892527908087,-0.02223541960120201,0.05278856307268143,0.05019969865679741,0.07187718152999878,-0.49209293723106384,-0.34585756063461304,0.002654290059581399,0.07616466283798218,0.605755090713501,-0.15611578456443412,0.7420772910850262,-1.3586596449128356,-0.0003960055182687938,0.0024809890892356634,0.000895923818461597,0.015049310401082039,0.18323789536952972,-0.021113967522978783,-0.08409522473812103,0.09192368388175964,-0.03891604766249657,0.0026673595421016216,0.18506325781345367,0.1305236667394638,-0.1299209212020861,0.37753966390873117,0.1412230513961784,0.002910672454163432,0.0003268244327045977,0.0005853313487023115,0.010018818080425262,0.053248725831508636,-0.044546764343976974,0.08390161395072937,-0.23517684638500214,-0.08362290263175964,0.0029868781566619873,0.07014426589012146,0.26332569122314453,-1.0812530920871035,1.2918508533176123,-1.1330438137277126
0.001109387492761016,-0.002002356108278036,-0.006766260601580143,-0.8415919542312622,0.2869388461112976,-0.0712939202785492,0.05630233511328697,-0.07033456861972809,-0.12520670890808105,0.007143000140786171,0.8920167088508606,0.154251828789711,-1.481701370426774,1.360651435694121,-1.039247034461973,0.00045227972441352904,0.00037583045195788145,0.0025572990998625755,-0.028517235070466995,0.03715511038899422,0.027283858507871628,0.07929787039756775,-0.624679446220398,-0.41302162408828735,0.00262403953820467,0.05420465022325516,0.7530600428581238,-0.15611578456443412,0.7420772910850262,-1.3586596449128356,-0.00038719415897503495,0.002511134371161461,0.001064993441104889,0.04314540699124336,0.1859772950410843,-0.022411726415157318,-0.05571841448545456,0.037064630538225174,-0.05794887989759445,0.0027549820952117443,0.19222737848758698,0.08852345496416092,-0.1299209212020861,0.37753966390873117,0.1412230513961784,0.0029471036978065968,0.0003226874687243253,0.0005134728271514177,0.009788614697754383,0.06174403056502342,-0.047412727028131485,0.1058337390422821,-0.3044973313808441,-0.07334475964307785,0.003008853876963258,0.07846087962388992,0.33060377836227417,-1.0812530920871035,1.2918508533176123,-1.1330438137277126
0.0011555540841072798,-0.0020020599476993084,-0.006789264269173145,-0.8385016918182373,0.29249539971351624,-0.07576125860214233,0.056798335164785385,-0.07003474235534668,-0.1270878165960312,0.007172005251049995,0.8912790417671204,0.15582755208015442,-1.481701370426774,1.360651435694121,-1.039247034461973,0.0005610237130895257,0.00039998552529141307,0.002456849440932274,-0.036643724888563156,0.021292297169566154,0.0065836780704557896,0.08500069379806519,-0.7408751249313354,-0.47140923142433167,0.002551635727286339,0.04288903623819351,0.8822401762008667,-0.15755334115586342,0.742575062775607,-1.3589805807745796,-0.0003588664112612605,0.002571243792772293,0.0012540554162114859,0.0689820647239685,0.18716588616371155,-0.029760826379060745,-0.020259713754057884,-0.03122866339981556,-0.0826670378446579,0.002883181208744645,0.20168118178844452,0.09066159278154373,-0.1299209212020861,0.37753966390873117,0.1412230513961784,0.0028797052800655365,0.0003406207833904773,0.0004690029891207814,0.00870143435895443,0.0751449391245842,-0.04498648643493652,0.12230753898620605,-0.35618194937705994,-0.06575766950845718,0.0029374631121754646,0.08801284432411194,0.3822941184043884,-1.079966868481034,1.2915516248104484,-1.1308309692664213
0.001094168284907937,-0.0019170003943145275,-0.006808565929532051,-0.8322402238845825,0.30500102043151855,-0.07989224791526794,0.05715751647949219,-0.07067818194627762,-0.12705232203006744,0.00715742027387023,0.8899618983268738,0.1562199741601944,-1.481701370426774,1.360651435694121,-1.039247034461973,0.0006222158554010093,0.0004373256815597415,0.002335119294002652,-0.045249246060848236,0.006440339609980583,-0.009316080249845982,0.09093612432479858,-0.8353545665740967,-0.5185471177101135,0.002455847803503275,0.04664506018161774,0.9874095916748047,-0.15755334115586342,0.742575062775607,-1.3589805807745796,-0.00033359721419401467,0.002669485053047538,0.0014620120637118816,0.08841317147016525,0.18510156869888306,-0.04040861502289772,0.020667055621743202,-0.10991411656141281,-0.11207964271306992,0.0030618486925959587,0.2090749442577362,0.1583353579044342,-0.1299209212020861,0.37753966390873117,0.1412230513961784,0.002724139951169491,0.0003894600085914135,0.00045789009891450405,0.006833984516561031,0.08910823613405228,-0.03700117766857147,0.13439792394638062,-0.3918987810611725,-0.06070008873939514,0.002789673861116171,0.09672676771879196,0.4187265932559967,-1.079966868481034,1.2915516248104484,-1.1308309692664213
0.0009330580942332745,-0.0017587344627827406,-0.006827089935541153,-0.8243497610092163,0.32153409719467163,-0.08204498887062073,0.05674330145120621,-0.07116974145174026,-0.12496902048587799,0.007111462764441967,0.8886327147483826,0.15460333228111267,-1.481701370426774,1.360651435694121,-1.039247034461973,0.0006295837229117751,0.0004850604454986751,0.002220100723206997,-0.053116705268621445,-0.0063985176384449005,-0.018637273460626602,0.09611755609512329,-0.907869279384613,-0.5541442036628723,0.0023580726701766253,0.056653980165719986,1.0679612159729004,-0.15755334115586342,0.742575062775607,-1.3589805807745796,-0.00033031273051165044,0.0027896605897694826,0.0016777142882347107,0.09779907763004303,0.17755673825740814,-0.051373809576034546,0.06368410587310791,-0.19258257746696472,-0.14395390450954437,0.0032720081508159637,0.20911796391010284,0.2487296462059021,-0.1299209212020861,0.37753966390873117,0.1412230513961784,0.002512771636247635,0.00046236702473834157,0.00047867908142507076,0.0047329203225672245,0.09869516640901566,-0.024606114253401756,0.1427912414073944,-0.4146265983581543,-0.05765470862388611,0.002599411178380251,0.10182631015777588,0.4422992467880249,-1.079966868481034,1.2915516248104484,-1.1308309692664213
0.0007033308502286673,-0.0015601031482219696,-0.006845513358712196,-0.8166806101799011,0.33834171295166016,-0.08122497797012329,0.05486097186803818,-0.07048235088586807,-0.12040654569864273,0.00705617805942893,0.8877161145210266,0.1499173939228058,-1.481701370426774,1.360651435694121,-1.039247034461973,0.0005902067641727626,0.000541091023478657,0.0021339557133615017,-0.0591806024312973,-0.017228474840521812,-0.020894166082143784,0.10061648488044739,-0.9605920314788818,-0.5793365240097046,0.0022792303934693336,0.06508249044418335,1.126273274421692,-0.15755334115586342,0.742575062775607,-1.3589805807745796,-0.00035647416370920837,0.0029118226375430822,0.0018887018086388707,0.09541540592908859,0.16308531165122986,-0.060455162078142166,0.10454727709293365,-0.2711649537086487,-0.1754174828529358,0.0034889797680079937,0.19838282465934753,0.3394581973552704,-0.1299209212020861,0.37753966390873117,0.1412230513961784,0.0022847549989819527,0.0005366501864045858,0.0005180055741220713,0.002936059143394232,0.09985573589801788,-0.010085032321512699,0.1484106183052063,-0.4275006055831909,-0.05613333731889725,0.002403420163318515,0.10040665417909622,0.45599719882011414,-1.079966868481034,1.2915516248104484,-1.1308309692664213
0.0004462338984012604,-0.0013685193844139576,-0.006860174238681793,-0.8109479546546936,0.35172608494758606,-0.07737597823143005,0.05077391117811203,-0.06765751540660858,-0.112682044506073,0.007009562104940414,0.8873189091682434,0.1408998668193817,-1.481701370426774,1.360651435694121,-1.039247034461973,0.0005207658396102488,0.0005999808781780303,0.002079899189993739,-0.062397025525569916,-0.026638926938176155,-0.01668308675289154,0.1044711172580719,-0.9967198371887207,-0.5958651304244995,0.002226466778665781,0.06986663490533829,1.165941596031189,-0.15755334115586342,0.742575062775607,-1.3589805807745796,-0.00039824226405471563,0.0030307252891361713,0.0020801976788789034,0.08232375234365463,0.1411174237728119,-0.06686973571777344,0.13987255096435547,-0.339224249124527,-0.20411601662635803,0.0036974470131099224,0.1765301376581192,0.4198818504810333,-0.1299209212020861,0.37753966390873117,0.1412230513961784,0.002072903560474515,0.0005763042136095464,0.0005580211873166263,0.0019251685589551926,0.09074602276086807,0.0035225162282586098,0.15202219784259796,-0.43338578939437866,-0.0556814931333065,0.002222710754722357,0.09083476662635803,0.4626385271549225,-1.079966868481034,1.2915516248104484,-1.1308309692664213
0.00020483694970607758,-0.0012314128689467907,-0.00686954939737916,-0.8083158731460571,0.35881996154785156,-0.07186681032180786,0.043751105666160583,-0.061829958111047745,-0.10096493363380432,0.0069820513017475605,0.8872942924499512,0.12621815502643585,-1.481701370426774,1.360651435694121,-1.039247034461973,0.0004413819406181574,0.0006451554363593459,0.002037789672613144,-0.06182160973548889,-0.034847717732191086,-0.007484564557671547,0.1075907051563263,-1.0193243026733398,-0.6055257320404053,0.0021825742442160845,0.07136030495166779,1.190487027168274,-0.15755334115586342,0.742575062775607,-1.3589805807745796,-0.0004219403490424156,0.003158069448545575,0.0022281554993242025,0.061856381595134735,0.11149290949106216,-0.07066947966814041,0.16803494095802307,-0.3936654329299927,-0.22877338528633118,0.003887944621965289,0.14577741920948029,0.4853302836418152,-0.1299209212020861,0.37753966390873117,0.1412230513961784,0.0018993892008438706,0.0005524776643142104,0.0005814679316245019,0.00199002493172884,0.07262217998504639,0.013070750050246716,0.1541081964969635,-0.4345744252204895,-0.0559154748916626,0.002061799168586731,0.07381588965654373,0.4644683301448822,-1.079966868481034,1.2915516248104484,-1.1308309692664213
2.042599953711033e-05,-0.0011820141226053238,-0.006880603730678558,-0.8090307116508484,0.3584335148334503,-0.06728768348693848,0.033161409199237823,-0.05229656398296356,-0.0844491496682167,0.006981424055993557,0.8874304890632629,0.10471995919942856,-1.481701370426774,1.360651435694121,-1.039247034461973,0.0003678413631860167,0.0006545031210407615,0.0019761421717703342,-0.05688510835170746,-0.04101306200027466,0.004536792635917664,0.1096753478050232,-1.0305547714233398,-0.6097993850708008,0.002113958355039358,0.0702749565243721,1.2024670839309692,-0.15755334115586342,0.742575062775607,-1.3589805807745796,-0.00040065907523967326,0.003319526556879282,0.002294507808983326,0.03840671479701996,0.07504089176654816,-0.07180009037256241,0.18978381156921387,-0.43466222286224365,-0.24731124937534332,0.004055188037455082,0.11073148995637894,0.5348943471908569,-0.12955839506535913,0.37624623878550534,0.13785719722184775,0.001783654559403658,0.0004605721333064139,0.0005753051955252886,0.0031144479289650917,0.04961142688989639,0.016397226601839066,0.1547853648662567,-0.4326368570327759,-0.05653596296906471,0.001929903170093894,0.0523436963558197,0.4629572927951813,-1.079966868481034,1.2915516248104484,-1.1308309692664213
-7.256539538502693e-05,-0.001230881316587329,-0.0069069815799593925,-0.81232750415802,0.35157543420791626,-0.06619200110435486,0.01862880028784275,-0.0386471152305603,-0.06260955333709717,0.0070161763578653336,0.8876162767410278,0.07589853554964066,-1.481701370426774,1.360651435694121,-1.039247034461973,0.00031013903208076954,0.0006170442211441696,0.0018726089037954807,-0.047754883766174316,-0.043145619332790375,0.016958769410848618,0.11015278100967407,-1.0311377048492432,-0.6096324920654297,0.0019958943594247103,0.06655579060316086,1.202925682067871,-0.15755334115586342,0.742575062775607,-1.3589805807745796,-0.0003068801306653768,0.003509186441078782,0.0022908365353941917,0.016744598746299744,0.03499437868595123,-0.06879139691591263,0.20405295491218567,-0.46250274777412415,-0.2625768482685089,0.004201963543891907,0.07897622883319855,0.5696428418159485,-0.12955839506535913,0.37624623878550534,0.13785719722184775,0.0017439289949834347,0.00032071489840745926,0.0005356112960726023,0.004994682967662811,0.02712007239460945,0.01305446494370699,0.15375959873199463,-0.42838019132614136,-0.05732612684369087,0.0018523028120398521,0.0305100679397583,0.4587351083755493,-1.079966868481034,1.2915516248104484,-1.1308309692664213
-5.683186464011669e-05,-0.0013629078166559339,-0.006960267201066017,-0.8167903423309326,0.3409712612628937,-0.0699167251586914,0.0002604639157652855,-0.02097037062048912,-0.035557013005018234,0.007092677056789398,0.8878604769706726,0.04128105565905571,-1.481701370426774,1.360651435694121,-1.039247034461973,0.00027878303080797195,0.0005402989918366075,0.001729247742332518,-0.03542690351605415,-0.03885684162378311,0.027388814836740494,0.10814046859741211,-1.02013099193573,-0.6053367257118225,0.001833014190196991,0.05928799510002136,1.1911314725875854,-0.15755334115586342,0.742575062775607,-1.3589805807745796,-0.00016077925101853907,0.003713230835273862,0.002218810375779867,0.0006160791963338852,-0.004880417603999376,-0.06090090796351433,0.212797150015831,-0.47967958450317383,-0.27274805307388306,0.004328631795942783,0.061099253594875336,0.5914106965065002,-0.12955839506535913,0.37624623878550534,0.13785719722184775,0.0017853042809292674,0.00016734183009248227,0.00047028629342094064,0.007211633026599884,0.009861498139798641,0.003954584710299969,0.15031473338603973,-0.42188015580177307,-0.058140985667705536,0.0018537755822762847,0.012841165997087955,0.4516168236732483,-1.079966868481034,1.2915516248104484,-1.1308309692664213
5.949428305029869e-05,-0.0015402317512780428,-0.00704057514667511,-0.8209176659584045,0.3298446238040924,-0.07856693863868713,-0.02104688063263893,-0.00014191737864166498,-0.0044992705807089806,0.007207326591014862,0.8881869316101074,0.02152288891375065,-1.481701370426774,1.360651435694121,-1.039247034461973,0.0002865036658477038,0.0004401517508085817,0.0015713237226009369,-0.021546397358179092,-0.026800556108355522,0.0336272306740284,0.10244482755661011,-0.9949216246604919,-0.596588671207428,0.0016567667480558157,0.04809685796499252,1.1645952463150024,-0.15755334115586342,0.742575062775607,-1.3589805807745796,1.0404939530417323e-05,0.0038867101538926363,0.002099591074511409,-0.007720092311501503,-0.041244830936193466,-0.047535866498947144,0.21724580228328705,-0.488339364528656,-0.27696192264556885,0.004417567979544401,0.0634065791964531,0.6019791960716248,-0.12955839506535913,0.37624623878550534,0.13785719722184775,0.00189016736112535,3.756667138077319e-05,0.0003937522997148335,0.009410264901816845,0.0006412231596186757,-0.009468312375247478,0.14334185421466827,-0.4125712215900421,-0.058892037719488144,0.0019311096984893084,0.013364624232053757,0.4407155215740204,-1.079966868481034,1.2915516248104484,-1.1308309692664213
0.0002452302724123001,-0.001712787663564086,-0.007133970968425274,-0.8234444856643677,0.32108354568481445,-0.09155040979385376,-0.04345468804240227,0.022036928683519363,0.028025709092617035,0.007340798620134592,0.8885589241981506,0.056208331137895584,-1.481701370426774,1.360651435694121,-1.039247034461973,0.0003400977293495089,0.0003284547128714621,0.0014313641004264355,-0.008199533447623253,-0.007728922180831432,0.0342378094792366,0.0916164219379425,-0.951486349105835,-0.5825245380401611,0.001507432316429913,0.03604436293244362,1.1193991899490356,-0.15755334115586342,0.742575062775607,-1.3589805807745796,0.00017928858869709074,0.00398632138967514,0.0019498084438964725,-0.008343495428562164,-0.0716889500617981,-0.029016796499490738,0.21853607892990112,-0.49037274718284607,-0.2736724615097046,0.0044412449933588505,0.07778749614953995,0.6025944352149963,-0.12955839506535913,0.37624623878550534,0.13785719722184775,0.002024616114795208,-3.747270966414362e-05,0.00031967199174687266,0.011354144662618637,0.00014516629744321108,-0.025600554421544075,0.13142387568950653,-0.3993893265724182,-0.05953112617135048,0.002050040289759636,0.028005821630358696,0.42465049028396606,-1.079966868481034,1.2915516248104484,-1.1308309692664213
0.0004569722805172205,-0.0018334680935367942,-0.007218942511826754,-0.8234362602233887,0.31702104210853577,-0.10764476656913757,-0.06465863436460495,0.04332086443901062,0.05882476270198822,0.007462141569703817,0.8888965249061584,0.09755915403366089,-1.481701370426774,1.360651435694121,-1.039247034461973,0.000431442545959726,0.00021352677140384912,0.0013351720990613103,0.0025283382274210453,0.015694014728069305,0.02912447601556778,0.07408574223518372,-0.8849674463272095,-0.5619344711303711,0.0014193030074238777,0.03318025916814804,1.0509169101715088,-0.15755334115586342,0.742575062775607,-1.3589805807745796,0.00032103186822496355,0.003994707018136978,0.001782829873263836,-0.0035235327668488026,-0.09414505213499069,-0.006877492181956768,0.217606320977211,-0.48721152544021606,-0.260577917098999,0.004386254586279392,0.09446166455745697,0.5938252210617065,-0.12955839506535913,0.37624623878550534,0.13785719722184775,0.0021560341119766235,-3.699380613397807e-05,0.00025988928973674774,0.012873117811977863,0.007361695170402527,-0.04244229197502136,0.11299808323383331,-0.38098040223121643,-0.06003488600254059,0.0021719562355428934,0.04495842382311821,0.40189406275749207,-1.079966868481034,1.2915516248104484,-1.1308309692664213
0.0006509586237370968,-0.0018721208907663822,-0.007275588810443878,-0.8204830884933472,0.31904613971710205,-0.12486985325813293,-0.08280013501644135,0.061930228024721146,0.0853530615568161,0.007540741004049778,0.8891430497169495,0.13407595455646515,-1.481701370426774,1.360651435694121,-1.039247034461973,0.0005358281778171659,0.0001091709709726274,0.0012987845111638308,0.009203515946865082,0.03987231105566025,0.019433096051216125,0.04840913414955139,-0.7906434535980225,-0.5335724949836731,0.001409209449775517,0.0453006736934185,0.9550707340240479,-0.15755334115586342,0.742575062775607,-1.3589805807745796,0.0004100509686395526,0.00392553023993969,0.0016203508712351322,0.003805854357779026,-0.10686862468719482,0.016398534178733826,0.2151593118906021,-0.4797700345516205,-0.234714537858963,0.004266552161425352,0.10818640887737274,0.5758156776428223,-0.12955839506535913,0.37624623878550534,0.13785719722184775,0.002264217706397176,4.590081516653299e-05,0.00022620102390646935,0.013817835599184036,0.020051639527082443,-0.05748557299375534,0.08662485331296921,-0.3559938967227936,-0.06039159372448921,0.0022759516723454,0.06243069842457771,0.3713255524635315,-1.079966868481034,1.2915516248104484,-1.1308309692664213
0.0007906691171228886,-0.001825085375458002,-0.007292130030691624,-0.814968466758728,0.32695329189300537,-0.14076277613639832,-0.09694481641054153,0.07702286541461945,0.10639459639787674,0.007558522280305624,0.8893178105354309,0.16325020790100098,-1.481701370426774,1.360651435694121,-1.039247034461973,0.0006187207764014602,3.870244836434722e-05,0.0013293365482240915,0.011345835402607918,0.06119951978325844,0.007129460573196411,0.01365479826927185,-0.6653861999511719,-0.4966060519218445,0.0014667818322777748,0.06264933198690414,0.8303871750831604,-0.15755334115586342,0.742575062775607,-1.3589805807745796,0.00042355572804808617,0.0038123654667288065,0.0014969600597396493,0.011676621623337269,-0.10941631346940994,0.037943173199892044,0.21167412400245667,-0.46850261092185974,-0.19276517629623413,0.004117574542760849,0.11639569699764252,0.549052894115448,-0.12955839506535913,0.37624623878550534,0.13785719722184775,0.0023394161835312843,0.0002006163413170725,0.00022834225092083216,0.01408594660460949,0.03495044261217117,-0.06804801523685455,0.05139276385307312,-0.32348600029945374,-0.06059059500694275,0.002359079197049141,0.07778482884168625,0.33310002088546753,-1.079966868481034,1.2915516248104484,-1.1308309692664213
0.0008484593126922846,-0.0017149208579212427,-0.007268029265105724,-0.8082464337348938,0.3385830819606781,-0.15247845649719238,-0.10689016431570053,0.08850988745689392,0.12189823389053345,0.00751565583050251,0.889466404914856,0.1847124546766281,-1.4840439569968997,1.360687155479177,-1.041899582554345,0.0006477270508185029,2.7510803192853928e-05,0.001422664150595665,0.009267953224480152,0.07678180932998657,-0.005286004394292831,-0.03004401922225952,-0.5096901655197144,-0.45122402906417847,0.0015634195879101753,0.07751956582069397,0.6813881993293762,-0.15755334115586342,0.742575062775607,-1.3589805807745796,0.00035265216138213873,0.003693385748192668,0.001446584123186767,0.019345073029398918,-0.10339468717575073,0.05491961911320686,0.20745313167572021,-0.4535562992095947,-0.13164152204990387,0.003982218913733959,0.11866278946399689,0.5158290266990662,-0.12955839506535913,0.37624623878550534,0.13785719722184775,0.002377904951572418,0.0004001259512733668,0.0002694842405617237,0.01368805207312107,0.04817727580666542,-0.07205718010663986,0.00748622789978981,-0.28345873951911926,-0.06061483919620514,0.002426345832645893,0.08775334805250168,0.28996390104293823,-1.079966868481034,1.2915516248104484,-1.1308309692664213
0.0008287844248116016,-0.0015792506746947765,-0.007211571093648672,-0.8015722036361694,0.3513309061527252,-0.1592475175857544,-0.11304517835378647,0.09683669358491898,0.1323046088218689,0.007428840734064579,0.8895567059516907,0.19915087521076202,-1.4840439569968997,1.360687155479177,-1.041899582554345,0.0006046857452020049,8.781952783465385e-05,0.0015604879008606076,0.0037486106157302856,0.08496908843517303,-0.015125608071684837,-0.08075494319200516,-0.33031731843948364,-0.3994177281856537,0.0016758518759161234,0.08638624101877213,0.5245621204376221,-0.15755334115586342,0.742575062775607,-1.3589805807745796,0.00021020697022322565,0.003601298201829195,0.0014821126824244857,0.026552708819508553,-0.09197807312011719,0.06491993367671967,0.2026921808719635,-0.43500733375549316,-0.049404434859752655,0.0039000248070806265,0.11567026376724243,0.4824482500553131,-0.12955839506535913,0.37624623878550534,0.13785719722184775,0.0023829075507819653,0.0006067936774343252,0.00034288468305021524,0.012780819088220596,0.05634579062461853,-0.06894923001527786,-0.04307093098759651,-0.23754772543907166,-0.06043691188097,0.002482743700966239,0.0899566188454628,0.24887074530124664,-1.079966868481034,1.2915516248104484,-1.1308309692664213
0.0007520958315581083,-0.0014568527694791555,-0.007140636444091797,-0.7965201139450073,0.36196693778038025,-0.16046485304832458,-0.11595691740512848,0.10258848965167999,0.13855013251304626,0.0073264422826468945,0.8895017504692078,0.2077656090259552,-1.4840439569968997,1.360687155479177,-1.041899582554345,0.0004943879903294146,0.00020798289915546775,0.0017144491430372,-0.004199500195682049,0.08543393015861511,-0.020112456753849983,-0.1343735158443451,-0.14164897799491882,-0.3453773558139801,0.0017963886493816972,0.0878698080778122,0.3967444896697998,-0.15755334115586342,0.742575062775607,-1.3589805807745796,2.7369664167053998e-05,0.0035553567577153444,0.0015874984674155712,0.03291653096675873,-0.07871021330356598,0.06649397313594818,0.19756822288036346,-0.4131770730018616,0.05342221260070801,0.0038937723729759455,0.10816766321659088,0.46108829975128174,-0.12955839506535913,0.37624623878550534,0.13785719722184775,0.002366973552852869,0.000779692258220166,0.0004314588150009513,0.011621154844760895,0.05780339613556862,-0.059972308576107025,-0.0960465595126152,-0.18937118351459503,-0.060020461678504944,0.0025291580241173506,0.08410090208053589,0.22065547108650208,-1.079966868481034,1.2915516248104484,-1.1308309692664213
0.0006584313232451677,-0.0013813331024721265,-0.007077393122017384,-0.7939028143882751,0.3683680593967438,-0.1575661599636078,-0.11633995920419693,0.10640283674001694,0.14161920547485352,0.007240932900458574,0.8892715573310852,0.21192580461502075,-1.4840439569968997,1.360687155479177,-1.041899582554345,0.0003451319644227624,0.0003578269970603287,0.0018557460280135274,-0.01342768408358097,0.07902901619672775,-0.019017014652490616,-0.18571725487709045,0.0381544828414917,-0.2943743169307709,0.0019211844773963094,0.08238650113344193,0.35014694929122925,-0.15755334115586342,0.742575062775607,-1.3589805807745796,-0.00015799293760210276,0.0035534778144210577,0.0017277448205277324,0.03776244446635246,-0.06655333191156387,0.059627510607242584,0.19233793020248413,-0.38902080059051514,0.17211709916591644,0.003954398445785046,0.09700921922922134,0.4668568968772888,-0.12955839506535913,0.37624623878550534,0.13785719722184775,0.002350172493606806,0.000883152533788234,0.0005126679316163063,0.01046406477689743,0.05306239798665047,-0.04756421595811844,-0.14612966775894165,-0.14354068040847778,-0.05933132767677307,0.0025624397676438093,0.07202409207820892,0.21325574815273285,-1.079966868481034,1.2915516248104484,-1.1308309692664213
0.0005834854673594236,-0.0013771962840110064,-0.00704219238832593,-0.7937391996383667,0.3699847161769867,-0.1525658369064331,-0.11496799439191818,0.10881827771663666,0.1424543261528015,0.007199277635663748,0.8889245986938477,0.21296077966690063,-1.4840439569968997,1.360687155479177,-1.041899582554345,0.00019809851073659956,0.0005044657154940069,0.0019612584728747606,-0.022879550233483315,0.06768448650836945,-0.011961091309785843,-0.23064617812633514,0.19450056552886963,-0.2506432831287384,0.0020347635727375746,0.0724412277340889,0.3922373950481415,-0.1574285506614061,0.7424474031878665,-1.3591134842110002,-0.0003102894697804004,0.0035720726009458303,0.0018629399128258228,0.04008496180176735,-0.057492949068546295,0.045717231929302216,0.1873985230922699,-0.3643459975719452,0.2968859374523163,0.0040406095795333385,0.08367979526519775,0.5059718489646912,-0.12955839506535913,0.37624623878550534,0.13785719722184775,0.002351646078750491,0.0008941852720454335,0.0005680834874510765,0.009514544159173965,0.04431351274251938,-0.034319210797548294,-0.18910415470600128,-0.10366450250148773,-0.058485038578510284,0.0025792489759624004,0.05685087665915489,0.22344397008419037,-1.078318273358413,1.2912853296916045,-1.1286685620131656
0.0005451268516480923,-0.001453540986403823,-0.0070457737892866135,-0.7952604293823242,0.36808931827545166,-0.1470218300819397,-0.11265727132558823,0.11018785834312439,0.1418810486793518,0.00721476785838604,0.8885630965232849,0.21204541623592377,-1.4840439569968997,1.360687155479177,-1.041899582554345,9.300676174461842e-05,0.0006190608255565166,0.0020147967152297497,-0.031776972115039825,0.05397610738873482,-0.0002792840823531151,-0.267118901014328,0.32050877809524536,-0.21607334911823273,0.0021098086144775152,0.06263604760169983,0.46985748410224915,-0.1574285506614061,0.7424474031878665,-1.3591134842110002,-0.0004006249364465475,0.0035760703030973673,0.001954922452569008,0.038737669587135315,-0.052399225533008575,0.026970185339450836,0.18321415781974792,-0.34137099981307983,0.41545531153678894,0.004095179960131645,0.07052429765462875,0.5680710077285767,-0.12955839506535913,0.37624623878550534,0.13785719722184775,0.0023774877190589905,0.0008107064059004188,0.0005848099244758487,0.008730335161089897,0.03449850529432297,-0.022334875538945198,-0.22294911742210388,-0.0716775581240654,-0.05727691203355789,0.0025790880899876356,0.042014431208372116,0.24109049141407013,-1.078318273358413,1.2912853296916045,-1.1286685620131656
0.0005416402127593756,-0.0015995801659300923,-0.007082797586917877,-0.7971653938293457,0.3652452528476715,-0.14194399118423462,-0.11028715968132019,0.11062435060739517,0.14058169722557068,0.007281349506229162,0.8882706761360168,0.21015284955501556,-1.4840439569968997,1.360687155479177,-1.041899582554345,5.211075767874718e-05,0.0006787668680772185,0.002009717747569084,-0.03955578804016113,0.040247999131679535,0.013534745201468468,-0.2947787642478943,0.4151856005191803,-0.1907995641231537,0.002121887169778347,0.05803232640028,0.5437628626823425,-0.1574285506614061,0.7424474031878665,-1.3591134842110002,-0.00041456904727965593,0.003534269519150257,0.0019761703442782164,0.033315859735012054,-0.0508481040596962,0.005791099742054939,0.18014556169509888,-0.3218228816986084,0.518064558506012,0.004070402588695288,0.06106564402580261,0.6359349489212036,-0.12955839506535913,0.37624623878550534,0.13785719722184775,0.0024173471610993147,0.0006430435460060835,0.0005721616325899959,0.00814990047365427,0.026318160817027092,-0.01296069473028183,-0.2475711554288864,-0.047727104276418686,-0.05590496212244034,0.00256601651199162,0.03044743277132511,0.25825318694114685,-1.078318273358413,1.2912853296916045,-1.1286685620131656
0.0005585835315287113,-0.0017887854482978582,-0.007130512036383152,-0.7981159687042236,0.3641820549964905,-0.13799899816513062,-0.10883954167366028,0.10997003316879272,0.13910022377967834,0.007372650317847729,0.8880661129951477,0.20805847644805908,-1.4840439569968997,1.360687155479177,-1.041899582554345,7.374904816970229e-05,0.0006739104865118861,0.00195337668992579,-0.04535619914531708,0.02808118611574173,0.025960955768823624,-0.3142389953136444,0.4810699224472046,-0.17380695044994354,0.0020676737185567617,0.059327132999897,0.6003193259239197,-0.1574285506614061,0.7424474031878665,-1.3591134842110002,-0.0003607210819609463,0.003432854078710079,0.0019246793817728758,0.02528221905231476,-0.05142303183674812,-0.015553861856460571,0.17835485935211182,-0.30647170543670654,0.6000620722770691,0.003952087834477425,0.05937542766332626,0.6970006227493286,-0.12955839506535913,0.37624623878550534,0.13785719722184775,0.002453387249261141,0.0004135995404794812,0.0005564158782362938,0.00773403886705637,0.02156180329620838,-0.006852284539490938,-0.26401662826538086,-0.03113136813044548,-0.05455632507801056,0.0025494650471955538,0.02390984073281288,0.27138596773147583,-1.078318273358413,1.2912853296916045,-1.1286685620131656
0.0005782207008451223,-0.0019864763598889112,-0.007155294995754957,-0.7973353862762451,0.3665422201156616,-0.13534840941429138,-0.10943885892629623,0.10778915137052536,0.13786399364471436,0.007448400836437941,0.8879280090332031,0.20640215277671814,-1.4840439569968997,1.360687155479177,-1.041899582554345,0.00013441257760860026,0.0006179205374792218,0.0018668831326067448,-0.04788167402148247,0.01826515980064869,0.03295432776212692,-0.32646632194519043,0.5221289396286011,-0.16350047290325165,0.001971077173948288,0.06092830374836922,0.6371273994445801,-0.1574285506614061,0.7424474031878665,-1.3591134842110002,-0.000272035802481696,0.003285958431661129,0.0018173675052821636,0.018255900591611862,-0.05294020473957062,-0.034988224506378174,0.17846153676509857,-0.2931804656982422,0.6618057489395142,0.0037648838479071856,0.06603120267391205,0.745513379573822,-0.12939907715213633,0.3762605303473269,0.13475567634628838,0.0024706171825528145,0.00015523424372076988,0.0005710854893550277,0.007443266920745373,0.020946849137544632,-0.004073018208146095,-0.2739625573158264,-0.020827829837799072,-0.05353616178035736,0.0025405087508261204,0.022600047290325165,0.2799203395843506,-1.078318273358413,1.2912853296916045,-1.1286685620131656
0.0005845220293849707,-0.0021551218815147877,-0.007128938101232052,-0.7949765920639038,0.37210023403167725,-0.13357147574424744,-0.11337056010961533,0.10338633507490158,0.13721060752868652,0.007470473647117615,0.8878557085990906,0.20583577454090118,-1.4840439569968997,1.360687155479177,-1.041899582554345,0.0001978568616323173,0.0005387035780586302,0.001778012840077281,-0.046005237847566605,0.011023230850696564,0.031225822865962982,-0.3323593735694885,0.5423219799995422,-0.1580820232629776,0.0018683357629925013,0.0566837340593338,0.6554127335548401,-0.1574285506614061,0.7424474031878665,-1.3591134842110002,-0.00017803403898142278,0.0031150789000093937,0.0017110907938331366,0.016530850902199745,-0.055049557238817215,-0.051117610186338425,0.17903542518615723,-0.2855975329875946,0.7038215398788452,0.0035585451405495405,0.07692030817270279,0.7803745269775391,-0.12939907715213633,0.3762605303473269,0.13475567634628838,0.002460361924022436,-8.928582246880978e-05,0.0006367166060954332,0.007231068331748247,0.024387646466493607,-0.0041852970607578754,-0.2793511152267456,-0.01573566161096096,-0.053293049335479736,0.0025429828092455864,0.025779107585549355,0.2848241627216339,-1.078318273358413,1.2912853296916045,-1.1286685620131656
0.0005634413100779057,-0.002261016285046935,-0.007049175910651684,-0.7919629216194153,0.3790561556816101,-0.13187670707702637,-0.12205501645803452,0.09586016833782196,0.13741041719913483,0.00742432102560997,0.8878514766693115,0.2072877734899521,-1.4840439569968997,1.360687155479177,-1.041899582554345,0.0002290395786985755,0.00046005964395590127,0.0017107437597587705,-0.039728086441755295,0.006256511434912682,0.019790472462773323,-0.33248019218444824,0.5446897745132446,-0.1557871252298355,0.0017862693639472127,0.0448232926428318,0.6568863391876221,-0.1574285506614061,0.7424474031878665,-1.3591134842110002,-0.00011039136734325439,0.002974381670355797,0.0016261555720120668,0.02276894450187683,-0.05807206407189369,-0.062016356736421585,0.18041564524173737,-0.28107190132141113,0.7301987409591675,0.0033916831016540527,0.0879591852426529,0.8029578924179077,-0.12939907715213633,0.3762605303473269,0.13475567634628838,0.0024202640634030104,-0.0002762267831712961,0.0007432886050082743,0.007010811008512974,0.03130241110920906,-0.006141719873994589,-0.28215837478637695,-0.014985175803303719,-0.05443578213453293,0.0025468524545431137,0.032660577446222305,0.2877519130706787,-1.078318273358413,1.2912853296916045,-1.1286685620131656
0.0005049919709563255,-0.0022828341461718082,-0.006941782310605049,-0.7894765138626099,0.38511186838150024,-0.12922260165214539,-0.13694922626018524,0.08420579880475998,0.13867759704589844,0.007324935868382454,0.8878529071807861,0.21231387555599213,-1.4840439569968997,1.360687155479177,-1.041899582554345,0.0002125463797710836,0.0003954417770728469,0.001679731416516006,-0.03037147969007492,0.0036536911502480507,0.0005739978514611721,-0.32692354917526245,0.5308951139450073,-0.15501832962036133,0.0017386914696544409,0.030595844611525536,0.6424634456634521,-0.1574285506614061,0.7424474031878665,-1.3591134842110002,-7.757880666758865e-05,0.0029161698184907436,0.001580105279572308,0.03549414873123169,-0.061971329152584076,-0.06575305014848709,0.18217399716377258,-0.27884700894355774,0.7444925904273987,0.0033176494762301445,0.09707596898078918,0.8156054019927979,-0.12939907715213633,0.3762605303473269,0.13475567634628838,0.0023564635775983334,-0.0003740085812751204,0.0008537058020010591,0.006637379061430693,0.04066390171647072,-0.008158830925822258,-0.2842594385147095,-0.01803474687039852,-0.057732075452804565,0.002534091006964445,0.04200207442045212,0.29062291979789734,-1.078318273358413,1.2912853296916045,-1.1286685620131656
0.00041016913019120693,-0.0022180976811796427,-0.006837083958089352,-0.7884598970413208,0.38854143023490906,-0.1243603527545929,-0.15934760868549347,0.06748492270708084,0.14116349816322327,0.007199577521532774,0.8877493739128113,0.22332265973091125,-1.4840439569968997,1.360687155479177,-1.041899582554345,0.0001596266811247915,0.0003550102119334042,0.0016948269912973046,-0.0196976475417614,0.0026367856189608574,-0.02229275181889534,-0.3153136670589447,0.5011553764343262,-0.15441098809242249,0.0017389511922374368,0.029864974319934845,0.6119004487991333,-0.1574285506614061,0.7424474031878665,-1.3591134842110002,-7.510333671234548e-05,0.0029656710103154182,0.0015881112776696682,0.05029762536287308,-0.06649139523506165,-0.06098809093236923,0.1837192326784134,-0.27821609377861023,0.7499324679374695,0.0033649581018835306,0.1032981276512146,0.8207044005393982,-0.12939907715213633,0.3762605303473269,0.13475567634628838,0.0022869703825563192,-0.0003710505843628198,0.0009313256596215069,0.005955463275313377,0.050785526633262634,-0.008004734292626381,-0.28734952211380005,-0.024692432954907417,-0.06407629698514938,0.0024970541708171368,0.05175628513097763,0.2954407334327698,-1.078318273358413,1.2912853296916045,-1.1286685620131656
0.00029781623743474483,-0.0020839967764914036,-0.006749903317540884,-0.7893437147140503,0.3886896073818207,-0.11619147658348083,-0.19005326926708221,0.04508218541741371,0.14492842555046082,0.007070567924529314,0.887492835521698,0.24322190880775452,-1.4840439569968997,1.360687155479177,-1.041899582554345,9.470153599977493e-05,0.0003504767664708197,0.001765807275660336,-0.008930248208343983,0.0023241620510816574,-0.043710410594940186,-0.29692545533180237,0.4545314908027649,-0.15286341309547424,0.0018027416663244367,0.04467383027076721,0.5640308856964111,-0.1574285506614061,0.7424474031878665,-1.3591134842110002,-0.00010160650708712637,0.0030951066873967648,0.0016628231387585402,0.06326869875192642,-0.07175729423761368,-0.04805438965559006,0.1842661201953888,-0.27857667207717896,0.7490859627723694,0.0035149664618074894,0.10705728828907013,0.8201760649681091,-0.12939907715213633,0.3762605303473269,0.13475567634628838,0.0022384575568139553,-0.0002742013311944902,0.0009636563481763005,0.004906164947897196,0.059179194271564484,-0.0038157650269567966,-0.2928810715675354,-0.03505348414182663,-0.07441017776727676,0.0024524503387510777,0.059504684060811996,0.3042120039463043,-1.078318273358413,1.2912853296916045,-1.1286685620131656
0.00020447256974875927,-0.0019102388760074973,-0.0066820718348026276,-0.7921209931373596,0.3856295049190521,-0.10448473691940308,-0.22889548540115356,0.017065580934286118,0.14988823235034943,0.006952762603759766,0.8871768712997437,0.27413657307624817,-1.4840439569968997,1.360687155479177,-1.041899582554345,3.812566865235567e-05,0.000387405336368829,0.001893691485747695,0.0014893105253577232,0.0016948562115430832,-0.058860257267951965,-0.270937979221344,0.38956785202026367,-0.1495617926120758,0.0019332882948219776,0.05890348553657532,0.4975331425666809,-0.1574285506614061,0.7424474031878665,-1.3591134842110002,-0.00015891104703769088,0.0032380535267293453,0.0017911822069436312,0.07213735580444336,-0.07709832489490509,-0.02980872616171837,0.18281109631061554,-0.27945026755332947,0.7437157034873962,0.003703859867528081,0.10971102863550186,0.8152456283569336,-0.12939907715213633,0.3762605303473269,0.13475567634628838,0.0022363539319485426,-0.00010109493450727314,0.0009601589408703148,0.003599002957344055,0.06299137324094772,0.005059076938778162,-0.3019833266735077,-0.04935847222805023,-0.08957866579294205,0.002435858128592372,0.0632966086268425,0.31883305311203003,-1.078318273358413,1.2912853296916045,-1.1286685620131656
0.000172091880813241,-0.0017311056144535542,-0.006636208854615688,-0.7965700030326843,0.37964245676994324,-0.09002852439880371,-0.274081826210022,-0.015340263023972511,0.15573567152023315,0.006860438268631697,0.886993408203125,0.3156101405620575,-1.4840439569968997,1.360687155479177,-1.041899582554345,-3.155146259814501e-06,0.00045242824126034975,0.0020562054123729467,0.011491731740534306,-3.830529749393463e-05,-0.0646151602268219,-0.23683229088783264,0.3052936792373657,-0.14402134716510773,0.0021053936798125505,0.06562911719083786,0.41235411167144775,-0.1574285506614061,0.7424474031878665,-1.3591134842110002,-0.00023928796872496605,0.003346123034134507,0.001922709634527564,0.07564272731542587,-0.07968498766422272,-0.011486871168017387,0.1781313419342041,-0.2804800271987915,0.7347797751426697,0.0038666019681841135,0.11046931147575378,0.8064125180244446,-0.12939907715213633,0.3762605303473269,0.13475567634628838,0.00229849386960268,0.00011832627205876634,0.000932528346311301,0.0022765379399061203,0.05990979075431824,0.017856184393167496,-0.3153332769870758,-0.06777149438858032,-0.11010240018367767,0.002483281074091792,0.06255564838647842,0.3408087491989136,-1.078318273358413,1.2912853296916045,-1.1286685620131656
0.00022885319776833057,-0.0015845499001443386,-0.006623818073421717,-0.8022845983505249,0.37133780121803284,-0.073894202709198,-0.3218740224838257,-0.04951626807451248,0.16190236806869507,0.006814553402364254,0.8871374130249023,0.3636854588985443,-1.4840439569968997,1.360687155479177,-1.041899582554345,-3.1817820854485035e-05,0.0005152677185833454,0.002209676196798682,0.020788343623280525,-0.0030390918254852295,-0.06078895181417465,-0.19494669139385223,0.20260828733444214,-0.13616155087947845,0.0022691809572279453,0.06431709229946136,0.31240084767341614,-0.1574285506614061,0.7424474031878665,-1.3591134842110002,-0.0003207690315321088,0.0034269075840711594,0.001995432423427701,0.07426244020462036,-0.07649948447942734,0.0014657247811555862,0.1688283085823059,-0.2814157009124756,0.7225340008735657,0.0039784847758710384,0.10662658512592316,0.7935698628425598,-0.12939907715213633,0.3762605303473269,0.13475567634628838,0.0024346380960196257,0.00033283414086326957,0.0008781360811553895,0.001225324347615242,0.04912297800183296,0.03261667862534523,-0.33295586705207825,-0.09007574617862701,-0.13585110008716583,0.0026094757486134768,0.05897809937596321,0.37071385979652405,-1.078318273358413,1.2912853296916045,-1.1286685620131656
0.00037742708809673786,-0.001507878303527832,-0.006657176651060581,-0.8085566759109497,0.3619285225868225,-0.05735120177268982,-0.3675863444805145,-0.08215856552124023,0.16769655048847198,0.0068362378515303135,0.8877191543579102,0.412300705909729,-1.4840439569968997,1.360687155479177,-1.041899582554345,-4.401151090860367e-05,0.0005472209886647761,0.0023089118767529726,0.02856246754527092,-0.006759312003850937,-0.050132885575294495,-0.1471947729587555,0.08605442196130753,-0.12642383575439453,0.0023732809349894524,0.058093104511499405,0.21226081252098083,-0.1574285506614061,0.7424474031878665,-1.3591134842110002,-0.00037087060627527535,0.0035159485414624214,0.001972288591787219,0.07048483192920685,-0.06688754260540009,0.0065432582050561905,0.15344180166721344,-0.28209471702575684,0.7067189812660217,0.004048377275466919,0.09739028662443161,0.7762560844421387,-0.12939907715213633,0.3762605303473269,0.13475567634628838,0.002643659245222807,0.00048278013127855957,0.0007830417016521096,0.0007159542292356491,0.03213626891374588,0.046240635216236115,-0.35394132137298584,-0.11528627574443817,-0.16561077535152435,0.0027991365641355515,0.05631561577320099,0.4074215590953827,-1.078318273358413,1.2912853296916045,-1.1286685620131656
0.0005936555098742247,-0.0015207051765173674,-0.006733387243002653,-0.8143585920333862,0.3530793786048889,-0.04262429475784302,-0.4074966311454773,-0.11064216494560242,0.1725623607635498,0.006928454153239727,0.888629138469696,0.4561501443386078,-1.4840439569968997,1.360687155479177,-1.041899582554345,-2.4781969841569662e-05,0.0005350133287720382,0.0023257643915712833,0.03355316445231438,-0.010198811069130898,-0.03696679696440697,-0.09743928909301758,-0.03523915261030197,-0.11581402271986008,0.002386636333540082,0.050954632461071014,0.15539981424808502,-0.1574285506614061,0.7424474031878665,-1.3591134842110002,-0.00035899964859709144,0.003629007376730442,0.0018562827026471496,0.06695764511823654,-0.052021291106939316,0.005005791783332825,0.13066209852695465,-0.28242409229278564,0.6868221759796143,0.004091987386345863,0.08493879437446594,0.7540296316146851,-0.12939907715213633,0.3762605303473269,0.13475567634628838,0.002905978122726083,0.0005336563335731626,0.0006420697318390012,0.0009491574019193649,0.012828720733523369,0.054908387362957,-0.37632113695144653,-0.141442209482193,-0.19686821103096008,0.0030235331505537033,0.05639510601758957,0.4476388990879059,-1.078318273358413,1.2912853296916045,-1.1286685620131656
0.0008309604600071907,-0.0016100548673421144,-0.006831618491560221,-0.8185064792633057,0.34661778807640076,-0.03263083100318909,-0.43983304500579834,-0.13372574746608734,0.17621871829032898,0.007067799102514982,0.8894726037979126,0.492329865694046,-1.4840439569968997,1.360687155479177,-1.041899582554345,3.6526937037706375e-05,0.00048197596333920956,0.002257736399769783,0.03437580540776253,-0.0122554711997509,-0.02570582553744316,-0.05049271136522293,-0.14991670846939087,-0.10561928153038025,0.0023088976740837097,0.0446394681930542,0.19021032750606537,-0.1574285506614061,0.7424474031878665,-1.3591134842110002,-0.0002765452954918146,0.0037524430081248283,0.0016843202756717801,0.0653923973441124,-0.03337101638317108,-0.0003659268841147423,0.09966941922903061,-0.28236687183380127,0.6624172925949097,0.004122407175600529,0.07341610640287399,0.7269536852836609,-0.12939907715213633,0.3762605303473269,0.13475567634628838,0.0031794928945600986,0.0004936343757435679,0.000470884726382792,0.001950891688466072,-0.0037688654847443104,0.055633530020713806,-0.39760178327560425,-0.16610944271087646,-0.22647300362586975,0.003251858288422227,0.05579516291618347,0.48679518699645996,-1.078318273358413,1.2912853296916045,-1.1286685620131656
0.00103378901258111,-0.0017328285612165928,-0.0069242073222994804,-0.8200984001159668,0.34391775727272034,-0.02959921956062317,-0.46438169479370117,-0.15149161219596863,0.17858290672302246,0.007212216034531593,0.8897848129272461,0.5200883746147156,-1.4832256541933784,1.3606705807549802,-1.041479056977633,0.00013369476073421538,0.00040401675505563617,0.0021251761354506016,0.03020516224205494,-0.012113003060221672,-0.019824547693133354,-0.010165706276893616,-0.24904249608516693,-0.09690167754888535,0.0021673666778951883,0.0381062887609005,0.26742371916770935,-0.1574285506614061,0.7424474031878665,-1.3591134842110002,-0.00014358582848217338,0.0038621947169303894,0.0015099677257239819,0.06723225116729736,-0.012165587395429611,-0.007519561797380447,0.060624584555625916,-0.2819359004497528,0.6335902214050293,0.004149357322603464,0.06873660534620285,0.6961320042610168,-0.12939907715213633,0.3762605303473269,0.13475567634628838,0.0034070746041834354,0.00040315368096344173,0.0002977227559313178,0.003488577902317047,-0.01338130421936512,0.0480155423283577,-0.41575393080711365,-0.1873757541179657,-0.2519080638885498,0.0034437377471476793,0.0499672070145607,0.520978569984436,-1.078318273358413,1.2912853296916045,-1.1286685620131656
0.0011486655566841364,-0.0018342119874432683,-0.0069872066378593445,-0.8182913064956665,0.346821665763855,-0.03361165523529053,-0.4819820523262024,-0.16411548852920532,0.17985211312770844,0.007314699236303568,0.8893906474113464,0.5399883389472961,-1.4832256541933784,1.3606705807549802,-1.041479056977633,0.00024356035282835364,0.0003231943119317293,0.0019554593600332737,0.021440720185637474,-0.009604815393686295,-0.020906958729028702,0.021748796105384827,-0.3284973204135895,-0.09022429585456848,0.001996896928176284,0.03144928812980652,0.3413560092449188,-0.1574285506614061,0.7424474031878665,-1.3591134842110002,6.26548717264086e-06,0.003947234246879816,0.0013823879417032003,0.07354620844125748,0.01054938230663538,-0.015455098822712898,0.015323050320148468,-0.28119444847106934,0.6014543771743774,0.0041823070496320724,0.07588935643434525,0.6641178131103516,-0.12939907715213633,0.3762605303473269,0.13475567634628838,0.003533381037414074,0.0003106003568973392,0.0001525689149275422,0.005133350379765034,-0.013939893804490566,0.03451616317033768,-0.4297400116920471,-0.2043645679950714,-0.27195510268211365,0.0035502861719578505,0.03757708892226219,0.5480884313583374,-1.078318273358413,1.2912853296916045,-1.1286685620131656
0.0011436119675636292,-0.0018660567002370954,-0.007005213759839535,-0.8133772611618042,0.3551015257835388,-0.043005555868148804,-0.49374082684516907,-0.17259004712104797,0.180216446518898,0.007339144125580788,0.8885545134544373,0.5532135963439941,-1.4832256541933784,1.3606705807549802,-1.041479056977633,0.0003319189418107271,0.00026111287297680974,0.0017697660950943828,0.009471457451581955,-0.005220308899879456,-0.02814323827624321,0.045201122760772705,-0.3881065845489502,-0.08567699790000916,0.0018194564618170261,0.030149661004543304,0.4000130295753479,-0.15733231464420555,0.7424522568910874,-1.35923540226016,0.0001397218438796699,0.004021557979285717,0.0013318505370989442,0.08371336758136749,0.033466462045907974,-0.02352597936987877,-0.032479822635650635,-0.280254065990448,0.5684245228767395,0.004238664638251066,0.0931740552186966,0.6345893740653992,-0.12939907715213633,0.3762605303473269,0.13475567634628838,0.0035232999362051487,0.0002464187564328313,6.402307190001011e-05,0.006422741338610649,-0.006072532385587692,0.01928049512207508,-0.4394969940185547,-0.21666483581066132,-0.2865977883338928,0.003532486967742443,0.021210014820098877,0.567661464214325,-1.0783699714808974,1.2912190105055645,-1.127847977549142
0.001010937849059701,-0.0018043523887172341,-0.0069760545156896114,-0.8062865734100342,0.36745932698249817,-0.05493658781051636,-0.5008114576339722,-0.17772583663463593,0.17998406291007996,0.007276195101439953,0.8877738118171692,0.5610640048980713,-1.4832256541933784,1.3606705807549802,-1.041479056977633,0.00036452029598876834,0.00023392779985442758,0.0015877233818173409,-0.004208452068269253,0.00025426410138607025,-0.03880307823419571,0.060947634279727936,-0.42995989322662354,-0.08314616978168488,0.001645740820094943,0.03903145715594292,0.442146360874176,-0.15733231464420555,0.7424522568910874,-1.35923540226016,0.00022301494027487934,0.004109909757971764,0.001370385056361556,0.09491448849439621,0.05471672862768173,-0.030752984806895256,-0.07807840406894684,-0.2792448103427887,0.53757244348526,0.004338092636317015,0.11379115283489227,0.6107847690582275,-0.12939907715213633,0.3762605303473269,0.13475567634628838,0.00337391858920455,0.00022793984680902213,4.9236929044127464e-05,0.0070742894895374775,0.007094391621649265,0.00668324064463377,-0.44518306851387024,-0.22549909353256226,-0.2961525321006775,0.0033819680102169514,0.01204332523047924,0.5802965760231018,-1.0783699714808974,1.2912190105055645,-1.127847977549142
0.0007730622310191393,-0.0016582324169576168,-0.006910892203450203,-0.7984546422958374,0.3815286159515381,-0.06645634770393372,-0.5040950179100037,-0.18014121055603027,0.17953218519687653,0.007148971315473318,0.8874177932739258,0.5646188855171204,-1.4832256541933784,1.3606705807549802,-1.041479056977633,0.0003206065739504993,0.0002535077801439911,0.0014357203617691994,-0.018371593207120895,0.0060460977256298065,-0.049315162003040314,0.07042741775512695,-0.4571349024772644,-0.08222362399101257,0.0014927651500329375,0.0529722161591053,0.4697798192501068,-0.15733231464420555,0.7424522568910874,-1.35923540226016,0.000225799172767438,0.004223323892802,0.0015017073601484299,0.10320945829153061,0.07207240909337997,-0.035566575825214386,-0.11774738878011703,-0.27826783061027527,0.5113462805747986,0.004488047678023577,0.13081133365631104,0.5939465165138245,-0.12939907715213633,0.3762605303473269,0.13475567634628838,0.0031167902052402496,0.0002469574101269245,0.00011136836837977171,0.006983377039432526,0.02048550173640251,0.00018486101180315018,-0.4476486146450043,-0.2311701774597168,-0.30162128806114197,0.003128541400656104,0.021643878892064095,0.587200403213501,-1.0783699714808974,1.2912190105055645,-1.127847977549142
0.00047959922812879086,-0.001468502334319055,-0.006827290635555983,-0.7913562059402466,0.39471712708473206,-0.0751691460609436,-0.504080057144165,-0.18014676868915558,0.17930813133716583,0.006999886594712734,0.8875227570533752,0.5645360946655273,-1.4832256541933784,1.3606705807549802,-1.041479056977633,0.00020252515969332308,0.00032674227259121835,0.001341869356110692,-0.031581323593854904,0.01142098754644394,-0.05631672218441963,0.07517259567975998,-0.4727693200111389,-0.08238449692726135,0.001395847531966865,0.06556975096464157,0.48574578762054443,-0.15733231464420555,0.7424522568910874,-1.35923540226016,0.00013705992023460567,0.004350980743765831,0.0017227341886609793,0.10509364306926727,0.08310990780591965,-0.03629622235894203,-0.14974461495876312,-0.27737170457839966,0.49089860916137695,0.00468162726610899,0.1388140618801117,0.5833866000175476,-0.12939907715213633,0.3762605303473269,0.13475567634628838,0.002806373406201601,0.00028453287086449564,0.00023684068582952023,0.006307078991085291,0.028300335630774498,0.0016141245141625404,-0.4478633403778076,-0.23437708616256714,-0.30403944849967957,0.0028306860476732254,0.029039518907666206,0.5898764133453369,-1.0783699714808974,1.2912190105055645,-1.127847977549142
0.00019537657499313354,-0.0012931631645187736,-0.00674218125641346,-0.7860569357872009,0.40503358840942383,-0.07981324195861816,-0.5007688999176025,-0.1776912957429886,0.17983388900756836,0.006867856252938509,0.8878670334815979,0.560966968536377,-1.4832256541933784,1.3606705807549802,-1.041479056977633,3.841461148113012e-05,0.0004501237708609551,0.0013241079868748784,-0.041895125061273575,0.015706026926636696,-0.05731292441487312,0.07664810121059418,-0.4794565439224243,-0.08298392593860626,0.0013990529114380479,0.07270936667919159,0.49258485436439514,-0.15733231464420555,0.7424522568910874,-1.35923540226016,-2.8146401746198535e-05,0.004467203747481108,0.0020129855256527662,0.09824973344802856,0.08507072180509567,-0.03199140354990959,-0.17397218942642212,-0.2765614688396454,0.4763049781322479,0.004899878986179829,0.13384127616882324,0.5775976181030273,-0.12939907715213633,0.3762605303473269,0.13475567634628838,0.002504258416593075,0.00030879583209753036,0.0004015511367470026,0.005354736465960741,0.025854602456092834,0.010918920859694481,-0.446962833404541,-0.23571328818798065,-0.3044579327106476,0.002554977312684059,0.028571953997015953,0.589941680431366,-1.0783699714808974,1.2912190105055645,-1.127847977549142
-1.767929643392563e-05,-0.0011883019469678402,-0.006670566275715828,-0.7828946113586426,0.4116736650466919,-0.08067208528518677,-0.49367713928222656,-0.17236186563968658,0.18170587718486786,0.006775605026632547,0.8882044553756714,0.5535727143287659,-1.4832256541933784,1.3606705807549802,-1.041479056977633,-0.00012505572522059083,0.0006054410478100181,0.001384244067594409,-0.0475580208003521,0.01853989064693451,-0.05092523992061615,0.07613609731197357,-0.47888773679733276,-0.08326046168804169,0.0015160242328420281,0.07210320979356766,0.49199843406677246,-0.15733231464420555,0.7424522568910874,-1.35923540226016,-0.00023575645172968507,0.004543920513242483,0.002332007046788931,0.08162258565425873,0.07507028430700302,-0.02254413813352585,-0.19130045175552368,-0.2758176028728485,0.46699583530426025,0.005112831946462393,0.11316374689340591,0.5751141905784607,-0.12939907715213633,0.3762605303473269,0.13475567634628838,0.0022646640427410603,0.0002867546572815627,0.0005763575900346041,0.004432769492268562,0.011456313543021679,0.02644936367869377,-0.4462316036224365,-0.2355925589799881,-0.3038811981678009,0.0023543830029666424,0.02916274033486843,0.5890418291091919,-1.0783699714808974,1.2912190105055645,-1.127847977549142
-0.00011458736844360828,-0.0011923484271392226,-0.006624768488109112,-0.7814536094665527,0.4151462912559509,-0.07929563522338867,-0.48190948367118835,-0.16344045102596283,0.18557685613632202,0.006732190027832985,0.8884278535842896,0.5416533350944519,-1.4832256541933784,1.3606705807549802,-1.041479056977633,-0.00024210018455050886,0.0007671870989724994,0.0015079592121765018,-0.04784002527594566,0.020104901865124702,-0.03686252608895302,0.07469095289707184,-0.47169244289398193,-0.0823313444852829,0.0017091311747208238,0.0636531263589859,0.48461422324180603,-0.15733231464420555,0.7424522568910874,-1.35923540226016,-0.0004479076014831662,0.004569866228848696,0.002623901003971696,0.05535176023840904,0.05122479423880577,-0.008111500181257725,-0.202625572681427,-0.2743152379989624,0.46272972226142883,0.0052885874174535275,0.07585244625806808,0.5748258829116821,-0.12898474855234687,0.37608535212807437,0.1322786611056435,0.002125481842085719,0.00020451004093047231,0.0007360018789768219,0.0036799348890781403,-0.01282033883035183,0.045918382704257965,-0.44710901379585266,-0.23421631753444672,-0.3032478094100952,0.002258582739159465,0.04781632497906685,0.588831901550293,-1.0783699714808974,1.2912190105055645,-1.127847977549142
-7.372582331299782e-05,-0.001314328983426094,-0.0066107772290706635,-0.7808245420455933,0.41693830490112305,-0.07760351896286011,-0.46431905031204224,-0.15002405643463135,0.1921098828315735,0.0067405691370368,0.8885644674301147,0.5244097709655762,-1.4832256541933784,1.3606705807549802,-1.041479056977633,-0.0002875044592656195,0.00091539416462183,0.0016698419349268079,-0.04322627931833267,0.021095912903547287,-0.015673954039812088,0.07313913106918335,-0.4574434757232666,-0.0791960209608078,0.001925870543345809,0.05058874934911728,0.4699743390083313,-0.15733231464420555,0.7424522568910874,-1.35923540226016,-0.0006132537964731455,0.004535971209406853,0.0028754975646734238,0.02057267725467682,0.013632537797093391,0.012054141610860825,-0.21017271280288696,-0.2736464738845825,0.46116429567337036,0.005405515898019075,0.02746604196727276,0.5759578943252563,-0.12898474855234687,0.37608535212807437,0.1322786611056435,0.0021030546631664038,7.47365556890145e-05,0.0008677323930896819,0.0030305199325084686,-0.04213956743478775,0.06725482642650604,-0.45118895173072815,-0.231574147939682,-0.3034323453903198,0.0022762652952224016,0.07942379266023636,0.5909900665283203,-1.0783699714808974,1.2912190105055645,-1.127847977549142
9.894696995615959e-05,-0.0015301048988476396,-0.006625969894230366,-0.7800016403198242,0.4188455045223236,-0.0771174430847168,-0.4397682249546051,-0.13122323155403137,0.2018890678882599,0.006801065057516098,0.8886963725090027,0.5013729333877563,-1.4832256541933784,1.3606705807549802,-1.041479056977633,-0.0002616083365865052,0.0010421648621559143,0.001845104736275971,-0.03512326627969742,0.022497817873954773,0.01153324544429779,0.0721009150147438,-0.43481433391571045,-0.07276634871959686,0.002135171554982662,0.043275993317365646,0.4467180073261261,-0.15733231464420555,0.7424522568910874,-1.35923540226016,-0.0007166510331444442,0.004460452124476433,0.0030588735826313496,-0.02202610671520233,-0.034883204847574234,0.03846249729394913,-0.21470513939857483,-0.27299609780311584,0.46192559599876404,0.00545581616461277,0.05640346556901932,0.5779277086257935,-0.12898474855234687,0.37608535212807437,0.1322786611056435,0.002190054627135396,-7.228966569527984e-05,0.0009700737427920103,0.00236312672495842,-0.07088186591863632,0.08842909336090088,-0.46018511056900024,-0.22747285664081573,-0.30525001883506775,0.0023963740095496178,0.11335576325654984,0.5972368121147156,-1.0783699714808974,1.2912190105055645,-1.127847977549142
0.000371730187907815,-0.0017906504217535257,-0.006661196239292622,-0.7784250974655151,0.4218277931213379,-0.07884243130683899,-0.40751326084136963,-0.10645517706871033,0.2152755856513977,0.006907687522470951,0.8888759613037109,0.473015159368515,-1.4832256541933784,1.3606705807549802,-1.041479056977633,-0.00018204579828307033,0.0011482982663437724,0.0020201965235173702,-0.025282707065343857,0.025243792682886124,0.043299976736307144,0.07201661169528961,-0.4018944203853607,-0.061944760382175446,0.002330863382667303,0.05613690987229347,0.41296812891960144,-0.15733231464420555,0.7424522568910874,-1.35923540226016,-0.0007606190629303455,0.004354831762611866,0.003171288874000311,-0.07192500680685043,-0.08928816765546799,0.07142087817192078,-0.21703888475894928,-0.2724118232727051,0.46401578187942505,0.005440604407340288,0.13507969677448273,0.5801936984062195,-0.12898474855234687,0.37608535212807437,0.1322786611056435,0.002361090388149023,-0.00019529880955815315,0.0010461462661623955,0.001658327877521515,-0.09425035119056702,0.10700328648090363,-0.47582578659057617,-0.22159461677074432,-0.30944371223449707,0.002589847892522812,0.14260287582874298,0.6093190908432007,-1.0783699714808974,1.2912190105055645,-1.127847977549142
0.0006973787676542997,-0.0020372774451971054,-0.0067043122835457325,-0.7764844298362732,0.42490875720977783,-0.08329927921295166,-0.3677315413951874,-0.07584788650274277,0.2321963757276535,0.007041636388748884,0.8890524506568909,0.44146862626075745,-1.4832256541933784,1.3606705807549802,-1.041479056977633,-7.25496793165803e-05,0.0012338967062532902,0.0021910856012254953,-0.015313029289245605,0.029833903536200523,0.07812315970659256,0.07316409051418304,-0.3566877841949463,-0.04577140510082245,0.0025156750343739986,0.08501634746789932,0.36697983741760254,-0.15733231464420555,0.7424522568910874,-1.35923540226016,-0.0007643782300874591,0.0042234486900269985,0.003216417506337166,-0.12839363515377045,-0.14301753044128418,0.11002641916275024,-0.2175157070159912,-0.27199211716651917,0.46646663546562195,0.005363500211387873,0.2214604914188385,0.582137405872345,-0.12898474855234687,0.37608535212807437,0.1322786611056435,0.0025797314010560513,-0.0002462082775309682,0.0011002423707395792,0.0010081939399242401,-0.10931340605020523,0.12061673402786255,-0.49964576959609985,-0.21358704566955566,-0.31663811206817627,0.002815344836562872,0.1627846211194992,0.6289077997207642,-1.0783699714808974,1.2912190105055645,-1.127847977549142
0.0010230860207229853,-0.002215123502537608,-0.006742137484252453,-0.7754858136177063,0.42534977197647095,-0.09011757373809814,-0.3222019374370575,-0.04076274856925011,0.251862108707428,0.007170069497078657,0.8890567421913147,0.41098687052726746,-1.4832256541933784,1.3606705807549802,-1.041479056977633,4.514085594564676e-05,0.0012914282269775867,0.002353046555072069,-0.006563950330018997,0.036017246544361115,0.11476953327655792,0.07565730810165405,-0.2978314459323883,-0.02366374433040619,0.002684521023184061,0.12046731263399124,0.30820053815841675,-0.15733231464420555,0.7424522568910874,-1.35923540226016,-0.0007533278549090028,0.004066459834575653,0.0031928420066833496,-0.190257728099823,-0.18905697762966156,0.15145330131053925,-0.21595031023025513,-0.27189794182777405,0.468305766582489,0.005224733613431454,0.3080237805843353,0.5829865336418152,-0.12898474855234687,0.37608535212807437,0.1322786611056435,0.002798056695610285,-0.00018747133435681462,0.0011345874518156052,0.0005121864378452301,-0.1157107725739479,0.12824061512947083,-0.5326391458511353,-0.20319119095802307,-0.3272438645362854,0.003025153884664178,0.1727278232574463,0.6573276519775391,-1.0783699714808974,1.2912190105055645,-1.127847977549142
0.0012981779873371124,-0.0022837261203676462,-0.006764306221157312,-0.7769296169281006,0.4203183650970459,-0.0976332426071167,-0.27465033531188965,-0.004059622995555401,0.27262672781944275,0.007256480399519205,0.8887178301811218,0.3870072364807129,-1.4832256541933784,1.3606705807549802,-1.041479056977633,0.00015560135943815112,0.0013053147122263908,0.002493984531611204,-9.918212890625e-05,0.042524728924036026,0.15218035876750946,0.07942111045122147,-0.22556570172309875,0.004235386848449707,0.002819222863763571,0.15801019966602325,0.23917677998542786,-0.15733231464420555,0.7424522568910874,-1.35923540226016,-0.0007460330380126834,0.003883614204823971,0.0030885813757777214,-0.2555604577064514,-0.22094224393367767,0.19069580733776093,-0.21162249147891998,-0.27235957980155945,0.46851450204849243,0.005017803981900215,0.38793236017227173,0.5817814469337463,-0.12898474855234687,0.37608535212807437,0.1322786611056435,0.002961423248052597,-1.6905716620385647e-05,0.0011434496846050024,0.00018481165170669556,-0.11543523520231247,0.13083411753177643,-0.574744462966919,-0.19041381776332855,-0.34130144119262695,0.003174553392454982,0.1744789183139801,0.6950361728668213,-1.0783699714808974,1.2912190105055645,-1.127847977549142
0.001482425956055522,-0.002228550147265196,-0.006771309766918421,-0.7816815376281738,0.40858912467956543,-0.1032685935497284,-0.2297617644071579,0.03066374734044075,0.29242539405822754,0.007281116675585508,0.8880515694618225,0.3731532394886017,-1.4832256541933784,1.3606705807549802,-1.041479056977633,0.00025236839428544044,0.0012544842902570963,0.0025939210318028927,0.003565516322851181,0.04721323773264885,0.18889307975769043,0.08413912355899811,-0.14297734200954437,0.03659139573574066,0.002892377320677042,0.19473673403263092,0.1698848009109497,-0.15733231464420555,0.7424522568910874,-1.35923540226016,-0.0007432865095324814,0.0036803893744945526,0.0028867677319794893,-0.3206115961074829,-0.2337174117565155,0.22126136720180511,-0.2033170461654663,-0.2736763060092926,0.4660002291202545,0.004736155737191439,0.45428207516670227,0.5774016976356506,-0.12898474855234687,0.37608535212807437,0.1322786611056435,0.003027780447155237,0.000224474017159082,0.0011104252189397812,-1.6141682863235474e-05,-0.11146650463342667,0.1303659826517105,-0.624147355556488,-0.1757473200559616,-0.35825595259666443,0.0032327831722795963,0.1715228110551834,0.7408065795898438,-1.0783699714808974,1.2912190105055645,-1.127847977549142
0.001553335227072239,-0.002068296540528536,-0.0067787207663059235,-0.789700448513031,0.39080649614334106,-0.10482880473136902,-0.19127070903778076,0.06054228916764259,0.3096126914024353,0.007255463860929012,0.8873249292373657,0.36893072724342346,-1.4832256541933784,1.3606705807549802,-1.041479056977633,0.00033867760794237256,0.001119116204790771,0.002626249101012945,0.004809752106666565,0.04811803251504898,0.22258101403713226,0.08923524618148804,-0.056635551154613495,0.0706472247838974,0.00287477090023458,0.2277735471725464,0.12712806463241577,-0.15733231464420555,0.7424522568910874,-1.35923540226016,-0.0007246716413646936,0.0034765389282256365,0.002579082502052188,-0.3792721927165985,-0.22525721788406372,0.2369808852672577,-0.18942905962467194,-0.27620360255241394,0.4596034288406372,0.00438897917047143,0.5007476210594177,0.5686889290809631,-0.12898474855234687,0.37608535212807437,0.1322786611056435,0.0029837670736014843,0.0004720884608104825,0.0010148780420422554,-7.98739492893219e-05,-0.10640024393796921,0.1281532347202301,-0.6769226789474487,-0.16028615832328796,-0.37683790922164917,0.003186802612617612,0.16656611859798431,0.791152834892273,-1.0783699714808974,1.2912190105055645,-1.127847977549142
0.0015099032316356897,-0.001847678329795599,-0.006810365244746208,-0.800220251083374,0.36874818801879883,-0.1018528938293457,-0.1609596610069275,0.08421189337968826,0.32339799404144287,0.007216287311166525,0.8869620561599731,0.37092575430870056,-1.4832256541933784,1.3606705807549802,-1.041479056977633,0.0004246348107699305,0.0008925155270844698,0.0025611124001443386,0.004771225154399872,0.044432587921619415,0.2502538859844208,0.09401088953018188,0.025171592831611633,0.10295026004314423,0.002745213219895959,0.25421255826950073,0.1416700929403305,-0.15733231464420555,0.7424522568910874,-1.35923540226016,-0.0006528253434225917,0.003304710378870368,0.002176283160224557,-0.4235156178474426,-0.1974368542432785,0.23421525955200195,-0.16815617680549622,-0.28032127022743225,0.4481629729270935,0.004010424017906189,0.5226888060569763,0.5547130703926086,-0.12898474855234687,0.37608535212807437,0.1322786611056435,0.0028423508629202843,0.0006668427959084511,0.000846255337819457,7.967278361320496e-05,-0.10188029706478119,0.12436605989933014,-0.7280847430229187,-0.14543086290359497,-0.39540550112724304,0.003039701608940959,0.160768523812294,0.8411914110183716,-1.0783699714808974,1.2912190105055645,-1.127847977549142
0.0013712984509766102,-0.001618929672986269,-0.006884747184813023,-0.8119680881500244,0.3447854816913605,-0.09581750631332397,-0.1390233337879181,0.1015191525220871,0.33369240164756775,0.007204243913292885,0.8873276114463806,0.37547868490219116,-1.4826649758377286,1.3606888701793438,-1.0411452795386344,0.0005242428160272539,0.0005851470632478595,0.00237742206081748,0.004679642617702484,0.03633490949869156,0.2687184512615204,0.09789103269577026,0.09586010128259659,0.13074155151844025,0.002503869589418173,0.27120423316955566,0.18938100337982178,-0.15733231464420555,0.7424522568910874,-1.35923540226016,-0.0004900621715933084,0.0031901132315397263,0.0017043546540662646,-0.4451652467250824,-0.15629199147224426,0.2130785882472992,-0.13781175017356873,-0.2863761782646179,0.4306640028953552,0.0036499053239822388,0.5176888704299927,0.5352334976196289,-0.12898474855234687,0.37608535212807437,0.1322786611056435,0.0026298603042960167,0.0007669839542359114,0.0006159209879115224,0.0004593990743160248,-0.09835775941610336,0.1187291070818901,-0.7737352848052979,-0.13172172009944916,-0.4125441312789917,0.0028078085742890835,0.1541786640882492,0.8866845965385437,-1.0793304046631245,1.2912671822027237,-1.1280660295848761
0.001166532514616847,-0.001430297503247857,-0.007004762068390846,-0.822951078414917,0.3227178454399109,-0.08885720372200012,-0.12452639639377594,0.11318769305944443,0.3408471643924713,0.0072438414208590984,0.8884204626083374,0.3801250755786896,-1.4826649758377286,1.3606888701793438,-1.0411452795386344,0.0006536774453707039,0.0002164596226066351,0.0020825641695410013,0.0053304508328437805,0.02466019243001938,0.2748546600341797,0.10056021809577942,0.1523302048444748,0.1526837944984436,0.0021934499964118004,0.2760101854801178,0.23796887695789337,-0.15733231464420555,0.7424522568910874,-1.35923540226016,-0.00022435354185290635,0.003126777010038495,0.0011935648508369923,-0.4382651150226593,-0.1105673611164093,0.17689074575901031,-0.09729254245758057,-0.2945912480354309,0.4064904749393463,0.0033543503377586603,0.4853779673576355,0.5113554000854492,-0.12898474855234687,0.37608535212807437,0.1322786611056435,0.002373380120843649,0.0007523194653913379,0.00035693752579391,0.0011586099863052368,-0.09497857093811035,0.11105510592460632,-0.8115498423576355,-0.12086476385593414,-0.42760008573532104,0.002515217987820506,0.14613524079322815,0.9252368807792664,-1.0793304046631245,1.2912671822027237,-1.1280660295848761
0.0009320189710706472,-0.0013180130627006292,-0.007156566251069307,-0.8312618732452393,0.30619728565216064,-0.08288756012916565,-0.1161445677280426,0.12018917500972748,0.34538599848747253,0.007336365524679422,0.8897322416305542,0.38370102643966675,-1.4826649758377286,1.3606888701793438,-1.0411452795386344,0.0008257984882220626,-0.00018800044199451804,0.001723994268104434,0.0068145692348480225,0.01111411303281784,0.26625895500183105,0.10195280611515045,0.19444704055786133,0.16853024065494537,0.0019207923905923963,0.26657792925834656,0.2767787277698517,-0.15772310268051162,0.7424996625291804,-1.3598837156618693,0.00011688732774928212,0.0030773086473345757,0.0006813738727942109,-0.40147095918655396,-0.06861893087625504,0.13070112466812134,-0.04673262685537338,-0.30493518710136414,0.375802218914032,0.003154007252305746,0.42775022983551025,0.48620644211769104,-0.12898474855234687,0.37608535212807437,0.1322786611056435,0.0021041256841272116,0.0006081114988774061,0.00011070712935179472,0.0020391643047332764,-0.0900883600115776,0.10105054080486298,-0.8411537408828735,-0.11242638528347015,-0.44016534090042114,0.0021930343937128782,0.13539306819438934,0.9559941291809082,-1.0793304046631245,1.2912671822027237,-1.1280660295848761
0.0007006903178989887,-0.001303774886764586,-0.007316126953810453,-0.8353885412216187,0.2982167601585388,-0.07904401421546936,-0.11231304705142975,0.12366118282079697,0.3478807210922241,0.007464349269866943,0.8905364274978638,0.3859109878540039,-1.4826649758377286,1.3606888701793438,-1.0411452795386344,0.0010415831347927451,-0.0005939430557191372,0.001378529006615281,0.008157849311828613,-0.002528868615627289,0.24269703030586243,0.10215214639902115,0.2235203981399536,0.17905932664871216,0.0018270211294293404,0.2428472638130188,0.3040701746940613,-0.15772310268051162,0.7424996625291804,-1.3598837156618693,0.00047799490857869387,0.0029957499355077744,0.00022505249944515526,-0.3392750918865204,-0.03541412577033043,0.08025819808244705,0.011640675365924835,-0.3169488310813904,0.3400445580482483,0.003041980555281043,0.35043278336524963,0.46499717235565186,-0.12898474855234687,0.37608535212807437,0.1322786611056435,0.0018577363807708025,0.00034172844607383013,-8.459738455712795e-05,0.003086574375629425,-0.08225211501121521,0.08806756883859634,-0.8627824783325195,-0.10630980134010315,-0.4499799907207489,0.0018907986814156175,0.12054390460252762,0.9788653254508972,-1.0793304046631245,1.2912671822027237,-1.1280660295848761
0.00049738516099751,-0.001388728735037148,-0.0074547817930579185,-0.8348187208175659,0.29973113536834717,-0.07794523239135742,-0.11146208643913269,0.12470154464244843,0.3488406538963318,0.007599324453622103,0.8904136419296265,0.38686442375183105,-1.4826649758377286,1.3606888701793438,-1.0411452795386344,0.001288331113755703,-0.0009529930539429188,0.0011233000550419092,0.00785478949546814,-0.014242947101593018,0.20712292194366455,0.10142812877893448,0.24188172817230225,0.1851603090763092,0.0019569864962249994,0.20776060223579407,0.32105883955955505,-0.15772310268051162,0.7424996625291804,-1.3598837156618693,0.0007984660915099084,0.0028517358005046844,-0.00010641491098795086,-0.26119178533554077,-0.011723852716386318,0.03144093602895737,0.07307736575603485,-0.3296580910682678,0.30220288038253784,0.0029633205849677324,0.26333844661712646,0.4531460404396057,-0.12898474855234687,0.37608535212807437,0.1322786611056435,0.0016703682485967875,-8.88927752384916e-06,-0.00020094594219699502,0.00435827299952507,-0.07109691202640533,0.07142457365989685,-0.8767914772033691,-0.10238225013017654,-0.4566152095794678,0.0016824352787807584,0.10087237507104874,0.9938525557518005,-1.0793304046631245,1.2912671822027237,-1.1280660295848761
0.0003376568201929331,-0.0015526567585766315,-0.007544622756540775,-0.8301265835762024,0.3094085156917572,-0.07993260025978088,-0.11211445182561874,0.12428321689367294,0.34865421056747437,0.007710129022598267,0.8895127773284912,0.3867502212524414,-1.4826649758377286,1.3606888701793438,-1.0411452795386344,0.001536888419650495,-0.001221701386384666,0.0010085238609462976,0.004599153995513916,-0.02258063480257988,0.16496236622333527,0.10018488764762878,0.251932293176651,0.1879589557647705,0.00220719282515347,0.16656415164470673,0.32990220189094543,-0.15772310268051162,0.7424996625291804,-1.3598837156618693,0.0010283875744789839,0.0026459284126758575,-0.0002650553360581398,-0.17934578657150269,0.004433061927556992,-0.01058422401547432,0.13158679008483887,-0.34183722734451294,0.26601043343544006,0.0028511001728475094,0.17971251904964447,0.4526911973953247,-0.12898474855234687,0.37608535212807437,0.1322786611056435,0.00156760576646775,-0.0003803720755968243,-0.00022302503930404782,0.005921481177210808,-0.057481344789266586,0.05101838707923889,-0.8831943869590759,-0.10060598701238632,-0.45927149057388306,0.0016284382436424494,0.07708466053009033,1.0005419254302979,-1.0793304046631245,1.2912671822027237,-1.1280660295848761
0.00022811675444245338,-0.001760438783094287,-0.007567740045487881,-0.8226367831230164,0.3243769109249115,-0.0849977433681488,-0.11291943490505219,0.12322195619344711,0.34756457805633545,0.007773150689899921,0.8883559703826904,0.3856625258922577,-1.4826649758377286,1.3606888701793438,-1.0411452795386344,0.0017418265342712402,-0.0013771902304142714,0.0010440935147926211,-0.002118704840540886,-0.026599109172821045,0.12185194343328476,0.09898321330547333,0.25580471754074097,0.1885933130979538,0.0024537204299122095,0.12473931908607483,0.3328680694103241,-0.15772310268051162,0.7424996625291804,-1.3598837156618693,0.0011330447159707546,0.002412165980786085,-0.00024744344409555197,-0.10521362721920013,0.015577590093016624,-0.04232048988342285,0.1824013590812683,-0.35251384973526,0.2344329059123993,0.002676483243703842,0.11447092890739441,0.460971862077713,-0.12898474855234687,0.37608535212807437,0.1322786611056435,0.0015547843649983406,-0.0007101912633515894,-0.00015040067955851555,0.007817903533577919,-0.0431954562664032,0.027459152042865753,-0.881366491317749,-0.10112149268388748,-0.4566446542739868,0.0017159098060801625,0.05177810415625572,0.9977759122848511,-1.0793304046631245,1.2912671822027237,-1.1280660295848761
0.00016551651060581207,-0.001973965670913458,-0.0075249262154102325,-0.8138942718505859,0.3414187729358673,-0.0926077663898468,-0.11265282332897186,0.12217652052640915,0.34567099809646606,0.0077812885865569115,0.8874496817588806,0.38354426622390747,-1.4826649758377286,1.3606888701793438,-1.0411452795386344,0.001854387461207807,-0.0014205101178959012,0.0012048825155943632,-0.011918582953512669,-0.02592526003718376,0.08166821300983429,0.09856092929840088,0.2551279664039612,0.18814268708229065,0.002628372749313712,0.0865093544125557,0.33196717500686646,-0.15772310268051162,0.7424996625291804,-1.3598837156618693,0.0010991157032549381,0.0022018388845026493,-9.054623660631478e-05,-0.04620444029569626,0.023330528289079666,-0.06238454207777977,0.2232561856508255,-0.3612288236618042,0.20888549089431763,0.0024625896476209164,0.08106167614459991,0.4732470214366913,-0.12898474855234687,0.37608535212807437,0.1322786611056435,0.0016139887738972902,-0.000963900180067867,-2.790649887174368e-06,0.01008310355246067,-0.030449971556663513,0.0016340697184205055,-0.8699167370796204,-0.1042838767170906,-0.4468855559825897,0.001879912568256259,0.03211759775876999,0.9835328459739685,-1.0793304046631245,1.2912671822027237,-1.1280660295848761
0.00013827020302414894,-0.0021628730464726686,-0.007436119951307774,-0.8052187561988831,0.3579023778438568,-0.1018504798412323,-0.1102132499217987,0.12166420370340347,0.3429507315158844,0.007745516020804644,0.887042760848999,0.38021615147590637,-1.4826649758377286,1.3606888701793438,-1.0411452795386344,0.0018477069679647684,-0.0013697224203497171,0.0014472012408077717,-0.023588938638567924,-0.020883245393633842,0.04591057449579239,0.09985044598579407,0.2509279251098633,0.18760263919830322,0.0027174532879143953,0.055680595338344574,0.3288308084011078,-0.15772310268051162,0.7424996625291804,-1.3598837156618693,0.000944403582252562,0.0020604743622243404,0.0001447818212909624,-0.003942402079701424,0.02791227400302887,-0.07133877277374268,0.25381532311439514,-0.3677283823490143,0.19010627269744873,0.0022712142672389746,0.07670631259679794,0.4855788052082062,-0.1303753949242307,0.376278122537591,0.13014906490779043,0.001712976023554802,-0.0011363393859937787,0.00017897941870614886,0.01273269858211279,-0.021179785951972008,-0.025550317019224167,-0.8467398285865784,-0.11064797639846802,-0.4276737570762634,0.0020633924286812544,0.03554607927799225,0.9550477266311646,-1.0793304046631245,1.2912671822027237,-1.1280660295848761
0.00013325782492756844,-0.0023081302642822266,-0.0073298802599310875,-0.7975558042526245,0.372007817029953,-0.11180809140205383,-0.10463942587375641,0.12207747995853424,0.33929967880249023,0.007685855031013489,0.887122392654419,0.37546849250793457,-1.4826649758377286,1.3606888701793438,-1.0411452795386344,0.0017333136638626456,-0.0012508032377809286,0.0017245039343833923,-0.03531850129365921,-0.012351959943771362,0.014408685266971588,0.10397797077894211,0.24363115429878235,0.1878841519355774,0.0027464155573397875,0.040094610303640366,0.324758380651474,-0.15772310268051162,0.7424996625291804,-1.3598837156618693,0.0007099760114215314,0.0020130660850554705,0.0004163261619396508,0.024274282157421112,0.028851592913269997,-0.07080376148223877,0.2753560245037079,-0.37267449498176575,0.1762964278459549,0.002174816792830825,0.0802173763513565,0.495769739151001,-0.1303753949242307,0.376278122537591,0.13014906490779043,0.0018236194737255573,-0.001229833927936852,0.00034937268355861306,0.015664713457226753,-0.016395097598433495,-0.05269738659262657,-0.8092814087867737,-0.12089574337005615,-0.3964494466781616,0.002227137563750148,0.05736895650625229,0.9092438220977783,-1.0793304046631245,1.2912671822027237,-1.1280660295848761
0.00014284905046224594,-0.0023994208313524723,-0.007228374481201172,-0.791541576385498,0.38254475593566895,-0.12173062562942505,-0.09517162293195724,0.12369068711996078,0.3345906734466553,0.0076175471767783165,0.8875228762626648,0.3691990375518799,-1.4826649758377286,1.3606888701793438,-1.0411452795386344,0.0015524182235822082,-0.0010871386621147394,0.00199880707077682,-0.04516962170600891,-0.0013801781460642815,-0.01344374194741249,0.11222408711910248,0.233148992061615,0.18981508910655975,0.002754469634965062,0.047147996723651886,0.3209088146686554,-0.15772310268051162,0.7424996625291804,-1.3598837156618693,0.0004484635719563812,0.0020547884050756693,0.0006911973468959332,0.04224763810634613,0.024971164762973785,-0.06296271085739136,0.28930574655532837,-0.3760857582092285,0.16713574528694153,0.0022138268686830997,0.07982935011386871,0.5030633211135864,-0.1303753949242307,0.376278122537591,0.13014906490779043,0.0019309556810185313,-0.001239324570633471,0.0004809279926121235,0.0185680128633976,-0.015859145671129227,-0.07732565701007843,-0.7550559639930725,-0.13569428026676178,-0.3508463501930237,0.0023443137761205435,0.08108970522880554,0.8435730934143066,-1.0793304046631245,1.2912671822027237,-1.1280660295848761
0.00016489136032760143,-0.0024299798533320427,-0.007139038294553757,-0.7875180840492249,0.38893550634384155,-0.130970299243927,-0.08137799799442291,0.12664830684661865,0.32875218987464905,0.00754306698217988,0.8880364298820496,0.36158010363578796,-1.4826649758377286,1.3606888701793438,-1.0411452795386344,0.0013510893331840634,-0.0008923885761760175,0.002245835494250059,-0.05167025700211525,0.010894116014242172,-0.03798647224903107,0.12592312693595886,0.21903309226036072,0.1941259205341339,0.002768677892163396,0.06504974514245987,0.3186173439025879,-0.15772310268051162,0.7424996625291804,-1.3598837156618693,0.00019705717568285763,0.0021602280903607607,0.0009669283172115684,0.053054582327604294,0.015929270535707474,-0.050171609967947006,0.2972909212112427,-0.3782349228858948,0.16168411076068878,0.0023749456740915775,0.07473768293857574,0.5075286626815796,-0.1303753949242307,0.376278122537591,0.13014906490779043,0.002026205649599433,-0.0011586820473894477,0.000572012853808701,0.02095823734998703,-0.01807585172355175,-0.0961763858795166,-0.6824647188186646,-0.15547189116477966,-0.289377897977829,0.0024031754583120346,0.10007937252521515,0.7574095129966736,-1.0793304046631245,1.2912671822027237,-1.1280660295848761
0.00019719311967492104,-0.0023937022779136896,-0.007056965492665768,-0.7854834794998169,0.39135512709617615,-0.1388503909111023,-0.06335928291082382,0.13092947006225586,0.3218688666820526,0.0074544926173985004,0.8884945511817932,0.35320886969566345,-1.4826649758377286,1.3606888701793438,-1.0411452795386344,0.001160800689831376,-0.000674205832183361,0.0024523986503481865,-0.0542246550321579,0.022954031825065613,-0.059218116104602814,0.1462744176387787,0.20070180296897888,0.20140081644058228,0.0027957595884799957,0.0835103914141655,0.3197494447231293,-0.15772310268051162,0.7424996625291804,-1.3598837156618693,-2.727056562434882e-05,0.0022985192481428385,0.0012525079073384404,0.05877102538943291,0.002708576386794448,-0.035348739475011826,0.3006988763809204,-0.37930357456207275,0.15918569266796112,0.002617768244817853,0.06863602250814438,0.5095400810241699,-0.1303753949242307,0.376278122537591,0.13014906490779043,0.002102209720760584,-0.0009933147812262177,0.0006373266223818064,0.022307928651571274,-0.02059212699532509,-0.1061428040266037,-0.5919606685638428,-0.18010066449642181,-0.2124178409576416,0.0024108390789479017,0.11039915680885315,0.6541979908943176,-1.0793304046631245,1.2912671822027237,-1.1280660295848761
0.00023493729531764984,-0.0022885501384735107,-0.006976864766329527,-0.78517746925354,0.3905943036079407,-0.14447763562202454,-0.042039766907691956,0.13628539443016052,0.3143039345741272,0.007346380036324263,0.8887864351272583,0.34514927864074707,-1.4826649758377286,1.3606888701793438,-1.0411452795386344,0.0009925727499648929,-0.000441113137640059,0.002612992189824581,-0.05307380110025406,0.03287423774600029,-0.07688938081264496,0.17403975129127502,0.17774508893489838,0.21198038756847382,0.0028297542594373226,0.09904302656650543,0.32683151960372925,-0.15772310268051162,0.7424996625291804,-1.3598837156618693,-0.00022170106240082532,0.0024530598893761635,0.0015504576731473207,0.06069343537092209,-0.012791121378540993,-0.022153131663799286,0.3004937171936035,-0.37933528423309326,0.15919271111488342,0.002910424955189228,0.06586400419473648,0.5094448328018188,-0.1303753949242307,0.376278122537591,0.13014906490779043,0.002157358918339014,-0.0007615857757627964,0.0006900446023792028,0.02217467874288559,-0.0207397248595953,-0.10494647175073624,-0.4875794053077698,-0.20847904682159424,-0.12349654734134674,0.002389638451859355,0.10925024002790451,0.5444709062576294,-1.0793304046631245,1.2912671822027237,-1.1280660295848761
0.0002743983641266823,-0.0021200214978307486,-0.006905015558004379,-0.7862989902496338,0.38762617111206055,-0.14659082889556885,-0.01930643618106842,0.14221249520778656,0.3067610263824463,0.00722834886983037,0.8888245224952698,0.33867308497428894,-1.4826649758377286,1.3606888701793438,-1.0411452795386344,0.0008402210660278797,-0.00019981840159744024,0.002725495956838131,-0.049000099301338196,0.038966625928878784,-0.09066615998744965,0.20910468697547913,0.15031665563583374,0.22580403089523315,0.0028590604197233915,0.1101805791258812,0.34250158071517944,-0.15772310268051162,0.7424996625291804,-1.3598837156618693,-0.00038983498234301805,0.002632741816341877,0.001853739726357162,0.059533730149269104,-0.02869458682835102,-0.014037326909601688,0.2971344292163849,-0.378212034702301,0.1616223007440567,0.0032434011809527874,0.06756249815225601,0.5074002146720886,-0.1303753949242307,0.376278122537591,0.13014906490779043,0.002198026515543461,-0.0004860326589550823,0.0007336561684496701,0.020321302115917206,-0.016684941947460175,-0.09158219397068024,-0.37772196531295776,-0.23831862211227417,-0.02995455265045166,0.002367656910791993,0.09528189897537231,0.4476236402988434,-1.0793304046631245,1.2912671822027237,-1.1280660295848761
0.00031851744279265404,-0.0019003556808456779,-0.006853291764855385,-0.7886143922805786,0.38334745168685913,-0.1436482071876526,0.0024886876344680786,0.14808784425258636,0.3001156449317932,0.007119017653167248,0.8885396718978882,0.33467236161231995,-1.4826649758377286,1.3606888701793438,-1.0411452795386344,0.000689150532707572,4.985695704817772e-05,0.002785793738439679,-0.04300104081630707,0.04064059257507324,-0.1000479981303215,0.24989241361618042,0.11961821466684341,0.2421869933605194,0.00287020206451416,0.11623402684926987,0.3679799735546112,-0.15772310268051162,0.7424996625291804,-1.3598837156618693,-0.0005364523967728019,0.002856758190318942,0.002156938659027219,0.05566779524087906,-0.04388251155614853,-0.012524956837296486,0.2905742824077606,-0.3756552040576935,0.16675792634487152,0.003619562601670623,0.07198230922222137,0.5033472776412964,-0.1303753949242307,0.376278122537591,0.13014906490779043,0.002237847074866295,-0.00018792501941788942,0.0007734575774520636,0.016823288053274155,-0.008441124111413956,-0.06667555123567581,-0.27291709184646606,-0.26675206422805786,0.05900547653436661,0.0023751866538077593,0.06928134709596634,0.38616323471069336,-1.0793304046631245,1.2912671822027237,-1.1280660295848761
0.00037694466300308704,-0.0016515685711055994,-0.006821698974817991,-0.7919641137123108,0.3784765899181366,-0.13417920470237732,0.02146521955728531,0.15341582894325256,0.29508405923843384,0.007028893567621708,0.8879503011703491,0.33327433466911316,-1.4826649758377286,1.3606888701793438,-1.0411452795386344,0.0005269283428788185,0.00030882307328283787,0.002795314183458686,-0.03589674085378647,0.03863382339477539,-0.10399651527404785,0.29306739568710327,0.0881449282169342,0.2597113251686096,0.0028612595051527023,0.11660370230674744,0.40138259530067444,-0.15772310268051162,0.7424996625291804,-1.3598837156618693,-0.0006700551020912826,0.0031166174449026585,0.00246005249209702,0.049325257539749146,-0.05824021250009537,-0.016314269974827766,0.28033193945884705,-0.3712518811225891,0.17519459128379822,0.004026677925139666,0.07804523408412933,0.4970986843109131,-0.1303753949242307,0.376278122537591,0.13014906490779043,0.0022926288656890392,0.00011209526564925909,0.0008247712976299226,0.012117535807192326,0.0017333634896203876,-0.032678574323654175,-0.18149743974208832,-0.2915084958076477,0.13606472313404083,0.0024390490725636482,0.034895967692136765,0.36936718225479126,-1.0793304046631245,1.2912671822027237,-1.1280660295848761
0.00046022050082683563,-0.00140973215457052,-0.00679552648216486,-0.7964413166046143,0.37295249104499817,-0.11762827634811401,0.036702029407024384,0.15795260667800903,0.292035311460495,0.00695545319467783,0.8872703909873962,0.3340369462966919,-1.4826649758377286,1.3606888701793438,-1.0411452795386344,0.0003510061069391668,0.0005670281825587153,0.0027733880560845137,-0.027985505759716034,0.03430216759443283,-0.10120967030525208,0.3344239294528961,0.059020280838012695,0.27660050988197327,0.002852438949048519,0.11046820133924484,0.4379847049713135,-0.15772310268051162,0.7424996625291804,-1.3598837156618693,-0.0008026764262467623,0.0033588940277695656,0.0027478851843625307,0.04017704352736473,-0.07228653132915497,-0.022355206310749054,0.2656360864639282,-0.364513635635376,0.18772397935390472,0.004413312766700983,0.08566967397928238,0.48854175209999084,-0.1303753949242307,0.376278122537591,0.13014906490779043,0.0023696378339082003,0.0003930040402337909,0.0009010849753394723,0.006935476325452328,0.010025088675320148,0.006321195513010025,-0.10737168788909912,-0.3115200102329254,0.1977347880601883,0.002565460978075862,0.013731742277741432,0.384281724691391,-1.0793304046631245,1.2912671822027237,-1.1280660295848761
0.0005731154233217239,-0.001219064579345286,-0.006760845892131329,-0.802619993686676,0.36524173617362976,-0.09512072801589966,0.048106975853443146,0.16168427467346191,0.2909938097000122,0.006893737241625786,0.8869319558143616,0.33635321259498596,-1.4837900004291422,1.3606900133204478,-1.0427083527296246,0.00017082109116017818,0.0007978177745826542,0.002747002989053726,-0.01910640299320221,0.028520919382572174,-0.09129589796066284,0.37064963579177856,0.03478190302848816,0.29134267568588257,0.0028656097128987312,0.0975368544459343,0.4727277159690857,-0.15774214998216335,0.7426921376622012,-1.3601027433468282,-0.0009385303128510714,0.0035239385906606913,0.0029689152725040913,0.02685818448662758,-0.08640758693218231,-0.027933983132243156,0.2456497997045517,-0.35497474670410156,0.20514754951000214,0.004702493082731962,0.09469921141862869,0.47795021533966064,-0.1303753949242307,0.376278122537591,0.13014906490779043,0.0024632574059069157,0.0006252003367990255,0.0009972205152735114,0.00210588239133358,0.012474847957491875,0.0455809012055397,-0.050899937748909,-0.326682448387146,0.24371777474880219,0.0027300112415105104,0.047304071485996246,0.41074395179748535,-1.0800926187561655,1.2913041265147627,-1.1285285843114448
0.0007182792760431767,-0.0011215509148314595,-0.00672141881659627,-0.8102984428405762,0.35490143299102783,-0.07003918290138245,0.05597768723964691,0.1646248698234558,0.2917804718017578,0.006852100137621164,0.8873804211616516,0.3396626114845276,-1.4837900004291422,1.3606900133204478,-1.0427083527296246,5.56290615350008e-07,0.0009608656982891262,0.0027266456745564938,-0.009248067624866962,0.021364795044064522,-0.07569699734449387,0.399974524974823,0.016347527503967285,0.30338743329048157,0.002890996402129531,0.07919606566429138,0.5022855401039124,-0.15774214998216335,0.7426921376622012,-1.3601027433468282,-0.0010659538675099611,0.003599456511437893,0.0030561001040041447,0.007771818432956934,-0.10054916143417358,-0.031495172530412674,0.21979057788848877,-0.3423398435115814,0.2280030995607376,0.004840670619159937,0.10565264523029327,0.46635809540748596,-0.1303753949242307,0.376278122537591,0.13014906490779043,0.002563378307968378,0.000765963108278811,0.0010855973232537508,-0.0017244964838027954,0.0065842075273394585,0.0808773934841156,-0.010169953107833862,-0.3375362753868103,0.2755373418331146,0.00288723548874259,0.08116328716278076,0.4358382821083069,-1.0800926187561655,1.2913041265147627,-1.1285285843114448
0.0008834647014737129,-0.0011485873255878687,-0.006701327860355377,-0.8192055225372314,0.3418895900249481,-0.04496955871582031,0.06093621253967285,0.166890949010849,0.2939254343509674,0.006856205873191357,0.8888241648674011,0.3434500992298126,-1.4837900004291422,1.3606900133204478,-1.0427083527296246,-0.0001381991896778345,0.0010236984817311168,0.002697500865906477,0.0006249053403735161,0.012725409120321274,-0.05742692947387695,0.4221850633621216,0.0036908090114593506,0.3125232756137848,0.002888523740693927,0.05882328376173973,0.5252853035926819,-0.15774214998216335,0.7426921376622012,-1.3601027433468282,-0.0011563069419935346,0.0036152710672467947,0.0029733574483543634,-0.017697760835289955,-0.11424574255943298,-0.03189430385828018,0.18815924227237701,-0.32668858766555786,0.2561900317668915,0.0048216269351542,0.11992725729942322,0.45580989122390747,-0.1303753949242307,0.376278122537591,0.13014906490779043,0.0026656361296772957,0.0007709242636337876,0.0011266522342339158,-0.004170708358287811,-0.0073453448712825775,0.10884980857372284,0.01735243946313858,-0.34476304054260254,0.29565972089767456,0.0029948765877634287,0.10917706042528152,0.4545077979564667,-1.0800926187561655,1.2913041265147627,-1.1285285843114448
0.0010475704912096262,-0.0013093226589262486,-0.006724903360009193,-0.8285207152366638,0.32734155654907227,-0.02247023582458496,0.06363464891910553,0.16854114830493927,0.29672640562057495,0.0069308048114180565,0.8911250829696655,0.3471340537071228,-1.4837900004291422,1.3606900133204478,-1.0427083527296246,-0.0002116434625349939,0.0009817990940064192,0.002633817493915558,0.00899558700621128,0.0033883359283208847,-0.039771668612957,0.43779197335243225,-0.004089877009391785,0.3189476430416107,0.0028188147116452456,0.04091683030128479,0.5416697859764099,-0.15774214998216335,0.7426921376622012,-1.3601027433468282,-0.0011693862034007907,0.003594180103391409,0.002735252259299159,-0.049375828355550766,-0.126531720161438,-0.027799494564533234,0.15208618342876434,-0.30874234437942505,0.2884872853755951,0.00466553308069706,0.13864003121852875,0.4490845799446106,-0.1303753949242307,0.376278122537591,0.13014906490779043,0.002761862939223647,0.0006267677526921034,0.0010940339416265488,-0.0051298849284648895,-0.02624085545539856,0.126993328332901,0.03422543406486511,-0.3490842878818512,0.3067134916782379,0.0030360559467226267,0.12977752089500427,0.4659446179866791,-1.0800926187561655,1.2913041265147627,-1.1285285843114448
0.0011811417061835527,-0.0015796707011759281,-0.006797457113862038,-0.837256669998169,0.312639057636261,-0.005561649799346924,0.0646744817495346,0.16955015063285828,0.29919418692588806,0.007077844347804785,0.8937409520149231,0.34992456436157227,-1.4837900004291422,1.3606900133204478,-1.0427083527296246,-0.00018243025988340378,0.0008626902708783746,0.002517430577427149,0.014431189745664597,-0.004761847201734781,-0.024892058223485947,0.44760632514953613,-0.008415475487709045,0.3229921758174896,0.0026673905085772276,0.02916417270898819,0.5520381927490234,-0.15774214998216335,0.7426921376622012,-1.3601027433468282,-0.0010732610244303942,0.003531299764290452,0.0023940769024193287,-0.08728361129760742,-0.1365981101989746,-0.017919238656759262,0.11441098153591156,-0.2899993360042572,0.3223077058792114,0.004399269353598356,0.16309069097042084,0.4484102427959442,-0.1303753949242307,0.376278122537591,0.13014906490779043,0.0028292126953601837,0.00036198299494571984,0.0009874611860141158,-0.0047330670058727264,-0.04589037224650383,0.13415825366973877,0.04234854876995087,-0.35106176137924194,0.31105881929397583,0.0030183696653693914,0.14186882972717285,0.47095152735710144,-1.0800926187561655,1.2913041265147627,-1.1285285843114448
0.0012533781118690968,-0.0019029434770345688,-0.006906445138156414,-0.8441586494445801,0.29976189136505127,0.0028056204319000244,0.06454313546419144,0.16977429389953613,0.3000040650367737,0.00727262906730175,0.8958062529563904,0.35070154070854187,-1.4837900004291422,1.3606900133204478,-1.0427083527296246,-3.328471211716533e-05,0.0007113884203135967,0.002350435359403491,0.015826353803277016,-0.009666294790804386,-0.013430723920464516,0.4524011015892029,-0.011046767234802246,0.3249831199645996,0.0024559576995670795,0.022897491231560707,0.5571380257606506,-0.15774214998216335,0.7426921376622012,-1.3601027433468282,-0.0008626257767900825,0.0034105456434190273,0.0020183674059808254,-0.13176226615905762,-0.1448258012533188,-0.0015760865062475204,0.0787140354514122,-0.27234509587287903,0.3543950915336609,0.004055829253047705,0.19580166041851044,0.4538321793079376,-0.1303753949242307,0.376278122537591,0.13014906490779043,0.0028354055248200893,3.4573778975754976e-05,0.0008271671831607819,-0.0033144913613796234,-0.06265611946582794,0.13120684027671814,0.042585596442222595,-0.3509996235370636,0.31052809953689575,0.00295379851013422,0.1454373002052307,0.4705762267112732,-1.0800926187561655,1.2913041265147627,-1.1285285843114448
0.0012414595112204552,-0.00220309616997838,-0.007030813489109278,-0.8478748202323914,0.2912869453430176,0.0012115538120269775,0.06358672678470612,0.16893154382705688,0.29745760560035706,0.007471759803593159,0.8965162038803101,0.3479398787021637,-1.4837900004291422,1.3606900133204478,-1.0427083527296246,0.00022169301519170403,0.0005682084592990577,0.00215438986197114,0.01262956764549017,-0.010197394527494907,-0.0050854189321398735,0.45269501209259033,-0.013973787426948547,0.3251521587371826,0.0022390633821487427,0.017010418698191643,0.557541012763977,-0.15774214998216335,0.7426921376622012,-1.3601027433468282,-0.0005573604721575975,0.0032268445938825607,0.001669050776399672,-0.1823507845401764,-0.15258875489234924,0.02078009396791458,0.047823045402765274,-0.25729888677597046,0.3821723461151123,0.003675446379929781,0.2386775016784668,0.4631905257701874,-0.1303753949242307,0.376278122537591,0.13014906490779043,0.0027526046615093946,-0.0002897472004406154,0.0006454871036112309,-0.0013542622327804565,-0.07438579201698303,0.12101900577545166,0.03458355367183685,-0.348899781703949,0.30631518363952637,0.0028420835733413696,0.14205871522426605,0.46557068824768066,-1.0800926187561655,1.2913041265147627,-1.1285285843114448
0.0011341539211571217,-0.0024073952808976173,-0.007143543101847172,-0.847426176071167,0.28957033157348633,-0.009438157081604004,0.062009215354919434,0.16659995913505554,0.28948336839675903,0.007623127195984125,0.895584225654602,0.3397076725959778,-1.4837900004291422,1.3606900133204478,-1.0427083527296246,0.0005390709266066551,0.00045165448682382703,0.0019570328295230865,0.0051506501622498035,-0.006376294419169426,0.0008387722191400826,0.4486459493637085,-0.01933947205543518,0.32359224557876587,0.0020795592572540045,0.008239530958235264,0.5535062551498413,-0.15774214998216335,0.7426921376622012,-1.3601027433468282,-0.0001952847233042121,0.0029982859268784523,0.0013784670736640692,-0.23693212866783142,-0.16159187257289886,0.04752722010016441,0.02303668111562729,-0.24561753869056702,0.4044424891471863,0.003305756486952305,0.2907019257545471,0.4737429618835449,-0.1303753949242307,0.376278122537591,0.13014906490779043,0.0025682239793241024,-0.0005564459715969861,0.0004811933031305671,0.0006641298532485962,-0.08097990602254868,0.10759997367858887,0.016771353781223297,-0.34446290135383606,0.29897359013557434,0.002671507652848959,0.13466975092887878,0.4564221501350403,-1.0800926187561655,1.2913041265147627,-1.1285285843114448
0.0009312115143984556,-0.0024702316150069237,-0.007216603495180607,-0.8426440954208374,0.2956964075565338,-0.026300787925720215,0.05989052355289459,0.16223974525928497,0.27371278405189514,0.007684306241571903,0.8934076428413391,0.3237704336643219,-1.4837900004291422,1.3606900133204478,-1.0427083527296246,0.0008554385276511312,0.0003587013343349099,0.0017845691181719303,-0.005474017933011055,0.0010878675384446979,0.005300514865666628,0.4400426149368286,-0.02935485541820526,0.3202524781227112,0.0020112504716962576,0.007696998305618763,0.5450328588485718,-0.15774214998216335,0.7426921376622012,-1.3601027433468282,0.00016733787197154015,0.002759091556072235,0.0011450120946392417,-0.29253295063972473,-0.17404301464557648,0.0768372192978859,0.004745908081531525,-0.2367856204509735,0.4215039312839508,0.0029919291846454144,0.34895622730255127,0.48348268866539,-0.12997951271849084,0.37636961030735666,0.12852081930239914,0.002292391611263156,-0.0007320621516555548,0.00036714470479637384,0.0024322792887687683,-0.08469349890947342,0.09474272280931473,-0.013454161584377289,-0.33713608980178833,0.2884999215602875,0.0024342904798686504,0.12710267305374146,0.44393014907836914,-1.0800926187561655,1.2913041265147627,-1.1285285843114448
0.0006456568371504545,-0.0023858624044805765,-0.007234267890453339,-0.834327220916748,0.3088268041610718,-0.04582810401916504,0.05721910297870636,0.1552484631538391,0.24767398834228516,0.007644857279956341,0.8908289074897766,0.29785653948783875,-1.4837900004291422,1.3606900133204478,-1.0427083527296246,0.0011084636207669973,0.0002785121905617416,0.0016654286300763488,-0.017743004485964775,0.011260376311838627,0.009357007220387459,0.42639291286468506,-0.04616212844848633,0.3149719834327698,0.0020198794081807137,0.023003561422228813,0.5321176648139954,-0.15774214998216335,0.7426921376622012,-1.3601027433468282,0.00047527672722935677,0.002529204124584794,0.0009675946785137057,-0.3474731743335724,-0.19161824882030487,0.10611779242753983,-0.008470810949802399,-0.231785386800766,0.43326860666275024,0.0027493636589497328,0.41075071692466736,0.4914447069168091,-0.12997951271849084,0.37636961030735666,0.12852081930239914,0.0019589944276958704,-0.0008063173154368997,0.00031565281096845865,0.0039036907255649567,-0.08962280303239822,0.08502542972564697,-0.0593239888548851,-0.3262128531932831,0.27448928356170654,0.002141831908375025,0.12359938770532608,0.43043991923332214,-1.0800926187561655,1.2913041265147627,-1.1285285843114448
0.00030921888537704945,-0.0021864508744329214,-0.007199971005320549,-0.8239623308181763,0.32649239897727966,-0.06501242518424988,0.053936667740345,0.14505963027477264,0.20915156602859497,0.00753098726272583,0.8886719942092896,0.26018425822257996,-1.4837900004291422,1.3606900133204478,-1.0427083527296246,0.0012601673370227218,0.00020595092792063951,0.0016279879491776228,-0.03021593764424324,0.0230705626308918,0.013811717741191387,0.4071108102798462,-0.07160033285617828,0.3075525760650635,0.0020690052770078182,0.04044770821928978,0.5152226686477661,-0.15774214998216335,0.7426921376622012,-1.3601027433468282,0.0006805991288274527,0.0023118387907743454,0.0008337388862855732,-0.40045562386512756,-0.2155684232711792,0.13416235148906708,-0.017298363149166107,-0.2294950634241104,0.441026508808136,0.002550085075199604,0.4741666316986084,0.4974651634693146,-0.12997951271849084,0.37636961030735666,0.12852081930239914,0.0016156418714672327,-0.0007911116699688137,0.00031795096583664417,0.005236689001321793,-0.10037340968847275,0.07957934588193893,-0.12402291595935822,-0.3109951913356781,0.2563610374927521,0.0018268139101564884,0.1281995177268982,0.42168790102005005,-1.0800926187561655,1.2913041265147627,-1.1285285843114448
-2.7069589123129845e-05,-0.0019309865310788155,-0.007130543235689402,-0.8131437301635742,0.3456737995147705,-0.08209916949272156,0.049995675683021545,0.1312965601682663,0.15676096081733704,0.0073874276131391525,0.8873744606971741,0.21050499379634857,-1.4837900004291422,1.3606900133204478,-1.0427083527296246,0.0013064569793641567,0.00014710723189637065,0.0016864400822669268,-0.04155756160616875,0.03494831547141075,0.019075656309723854,0.3818116784095764,-0.10682989656925201,0.29787182807922363,0.0021383522544056177,0.057552553713321686,0.4959036111831665,-0.15774214998216335,0.7426921376622012,-1.3601027433468282,0.0007688678451813757,0.002091391244903207,0.0007384082418866456,-0.4512975513935089,-0.2458934634923935,0.15950024127960205,-0.02282954752445221,-0.22931164503097534,0.44576290249824524,0.0023474073968827724,0.5381202697753906,0.5018063187599182,-0.12997951271849084,0.37636961030735666,0.12852081930239914,0.0013063038932159543,-0.0007195856305770576,0.0003560922050382942,0.006660051643848419,-0.12061820179224014,0.07844597101211548,-0.2096855640411377,-0.29103243350982666,0.23366162180900574,0.001533308532088995,0.14403776824474335,0.42809540033340454,-1.0800926187561655,1.2913041265147627,-1.1285285843114448
-0.00030517391860485077,-0.0016906544333323836,-0.0070488061755895615,-0.8030434250831604,0.36389225721359253,-0.09682044386863708,0.04542902857065201,0.11399207264184952,0.09077824652194977,0.007255143951624632,0.8869444727897644,0.15263906121253967,-1.4837900004291422,1.3606900133204478,-1.0427083527296246,0.0012723403051495552,0.00011456751963123679,0.0018309783190488815,-0.050487663596868515,0.04454267770051956,0.02521999552845955,0.35072407126426697,-0.1517823338508606,0.2860419750213623,0.0022325897589325905,0.07189647108316422,0.4773523509502411,-0.15774214998216335,0.7426921376622012,-1.3601027433468282,0.0007591783069074154,0.00185158581007272,0.0006778072565793991,-0.5003848671913147,-0.2823651432991028,0.18023645877838135,-0.026006780564785004,-0.23058001697063446,0.4483416974544525,0.0021128521766513586,0.6021630167961121,0.5048304796218872,-0.12997951271849084,0.37636961030735666,0.12852081930239914,0.0010593575425446033,-0.0006391602801159024,0.0004111818561796099,0.008343301713466644,-0.15191292762756348,0.08103348314762115,-0.3160047233104706,-0.2664477527141571,0.20645268261432648,0.0013037770986557007,0.17237626016139984,0.4620347321033478,-1.0800926187561655,1.2913041265147627,-1.1285285843114448
-0.0004778718575835228,-0.0015310660237446427,-0.006976498290896416,-0.7942124605178833,0.37967050075531006,-0.11028960347175598,0.04043314605951309,0.09387922286987305,0.014245782047510147,0.007158495020121336,0.8871791958808899,0.10320411622524261,-1.4837900004291422,1.3606900133204478,-1.0427083527296246,0.0012000692076981068,0.00011712231207638979,0.002030887408182025,-0.055732935667037964,0.049248192459344864,0.031781941652297974,0.31522274017333984,-0.20441554486751556,0.27261340618133545,0.0023618610575795174,0.08088038861751556,0.46418654918670654,-0.15774214998216335,0.7426921376622012,-1.3601027433468282,0.0006980726029723883,0.0015884747263044119,0.0006458827992901206,-0.5467482805252075,-0.32495102286338806,0.19424405694007874,-0.027494974434375763,-0.2326037585735321,0.4493967592716217,0.0018514107214286923,0.6650245189666748,0.5067721009254456,-0.12997951271849084,0.37636961030735666,0.12852081930239914,0.0008893744088709354,-0.0005912633496336639,0.00046641024528071284,0.010312512516975403,-0.19286049902439117,0.08637672662734985,-0.43842196464538574,-0.2383594959974289,0.1757909059524536,0.0011653831461444497,0.21157141029834747,0.5290855169296265,-1.0800926187561655,1.2913041265147627,-1.1285285843114448
-0.0005183005705475807,-0.001492292620241642,-0.006924995221197605,-0.7866533994674683,0.39249861240386963,-0.12449958920478821,0.03541174158453941,0.07253898680210114,-0.0664760023355484,0.0071028959937393665,0.8879070281982422,0.10457032918930054,-1.4837900004291422,1.3606900133204478,-1.0427083527296246,0.0011299557518213987,0.00015297846402972937,0.0022453826386481524,-0.055773116648197174,0.04739750921726227,0.037489768117666245,0.2781083881855011,-0.26034945249557495,0.2586809992790222,0.0025183220859616995,0.08223531395196915,0.4604801535606384,-0.15774214998216335,0.7426921376622012,-1.3601027433468282,0.0006391234928742051,0.0013117868220433593,0.0006295774946920574,-0.5865958333015442,-0.37337908148765564,0.20018154382705688,-0.02760717272758484,-0.23462554812431335,0.4492703676223755,0.0015892235096544027,0.7235877513885498,0.5075974464416504,-0.12997951271849084,0.37636961030735666,0.12852081930239914,0.0008039859822019935,-0.0005915269139222801,0.0005133579252287745,0.012432266026735306,-0.2393028438091278,0.09339140355587006,-0.5672064423561096,-0.20909395813941956,0.14397987723350525,0.0011224232148379087,0.2571815848350525,0.6214287281036377,-1.0800926187561655,1.2913041265147627,-1.1285285843114448
-0.000422375975176692,-0.0015746844001114368,-0.0068923537619411945,-0.7799538969993591,0.40281611680984497,-0.1412564516067505,0.030873578041791916,0.05196579173207283,-0.14340481162071228,0.007082554046064615,0.8891244530677795,0.15562313795089722,-1.4837900004291422,1.3606900133204478,-1.0427083527296246,0.001079921261407435,0.00021184585057199,0.002439283300191164,-0.04893805831670761,0.03912283107638359,0.04048525542020798,0.24287459254264832,-0.31405970454216003,0.24560508131980896,0.002676044125109911,0.07459615170955658,0.4668441116809845,-0.15774214998216335,0.7426921376622012,-1.3601027433468282,0.0006125261425040662,0.00103679858148098,0.0006115467986091971,-0.6148244738578796,-0.42700985074043274,0.19833198189735413,-0.026270009577274323,-0.23579251766204834,0.4479871392250061,0.0013506031828001142,0.7743914127349854,0.5069326162338257,-0.12997951271849084,0.37636961030735666,0.12852081930239914,0.0008015120401978493,-0.0006309617310762405,0.0005557053373195231,0.014450479298830032,-0.28578245639801025,0.10127821564674377,-0.6900873184204102,-0.18157358467578888,0.11394435167312622,0.0011616121046245098,0.3035419285297394,0.7226152420043945,-1.0800926187561655,1.2913041265147627,-1.1285285843114448
-0.00021081906743347645,-0.0017411308363080025,-0.006870931014418602,-0.7734994888305664,0.41183221340179443,-0.16105681657791138,0.02722807228565216,0.033733151853084564,-0.21018555760383606,0.007091239094734192,0.8909806609153748,0.2146095633506775,-1.4837900004291422,1.3606900133204478,-1.0427083527296246,0.0010432697599753737,0.0002836413914337754,0.0025969254784286022,-0.03420567512512207,0.02608434110879898,0.038985900580883026,0.2122749537229538,-0.36114397644996643,0.23446378111839294,0.0028129853308200836,0.058054469525814056,0.4800613522529602,-0.15774214998216335,0.7426921376622012,-1.3601027433468282,0.0006165244267322123,0.0007718984852544963,0.000577980768866837,-0.6280418038368225,-0.4848686158657074,0.1904762089252472,-0.023021869361400604,-0.23512232303619385,0.44525668025016785,0.0011445485288277268,0.81597501039505,0.5040495991706848,-0.12997951271849084,0.37636961030735666,0.12852081930239914,0.0008615609258413315,-0.0006948149530217052,0.0006004268070682883,0.0160909965634346,-0.3272140622138977,0.10963888466358185,-0.797338604927063,-0.15813276171684265,0.08799684047698975,0.001259193173609674,0.3454687297344208,0.8176174163818359,-1.0800926187561655,1.2913041265147627,-1.1285285843114448
7.263105362653732e-05,-0.0019383537583053112,-0.006855449639260769,-0.7667920589447021,0.4209038317203522,-0.18281248211860657,0.024673491716384888,0.01856902614235878,-0.26377809047698975,0.0071245827712118626,0.8936164975166321,0.265579491853714,-1.4837900004291422,1.3606900133204478,-1.0427083527296246,0.0010070374701172113,0.0003625660901889205,0.0027221657801419497,-0.011640474200248718,0.010417834855616093,0.03185853734612465,0.187584787607193,-0.39949333667755127,0.22576645016670227,0.0029250241350382566,0.035482365638017654,0.4957352876663208,-0.15774214998216335,0.7426921376622012,-1.3601027433468282,0.0006397628458216786,0.0005121646099723876,0.0005201672902330756,-0.625912070274353,-0.5452338457107544,0.17909198999404907,-0.017046190798282623,-0.23148906230926514,0.44050365686416626,0.000970661174505949,0.8491877317428589,0.4979168772697449,-0.12997951271849084,0.37636961030735666,0.12852081930239914,0.0009460857254453003,-0.0007767126662656665,0.0006469208165071905,0.01716991513967514,-0.36000552773475647,0.11809824407100677,-0.8844020366668701,-0.13989393413066864,0.0671987533569336,0.001384509727358818,0.3792703151702881,0.8979158401489258,-1.0800926187561655,1.2913041265147627,-1.1285285843114448
0.0003720596432685852,-0.0021229018457233906,-0.006843860261142254,-0.7598275542259216,0.4307137727737427,-0.20425212383270264,0.023143067955970764,0.006516388617455959,-0.30389443039894104,0.007175204809755087,0.8969789743423462,0.30484405159950256,-1.4847462750492988,1.3606717237980528,-1.043923835182226,0.000968771637417376,0.00044289790093898773,0.002827026415616274,0.017986878752708435,-0.006020842120051384,0.01886378414928913,0.1689491719007492,-0.42880040407180786,0.21964852511882782,0.0030210521072149277,0.026751087978482246,0.5105478167533875,-0.15783080682921782,0.7427024945813552,-1.3604609245466035,0.0006795452791266143,0.0002464386634528637,0.00043018211727030575,-0.610720694065094,-0.605923593044281,0.16662782430648804,-0.007248803973197937,-0.22364912927150726,0.4329318702220917,0.0008411720627918839,0.8762921690940857,0.4873412549495697,-0.12997951271849084,0.37636961030735666,0.12852081930239914,0.0010160623351112008,-0.0008731983252801001,0.0006878218264319003,0.017315318807959557,-0.3828175663948059,0.1261233687400818,-0.9510536193847656,-0.1258600950241089,0.05228123068809509,0.0015059737488627434,0.4034305512905121,0.96076899766922,-1.083528291807921,1.2916223469559533,-1.1309050686362616
0.0006416509859263897,-0.0022699686232954264,-0.00683447252959013,-0.7525506615638733,0.44170084595680237,-0.22339162230491638,0.022665679454803467,-0.002720627933740616,-0.33184340596199036,0.007230110000818968,0.9007419347763062,0.33262768387794495,-1.4847462750492988,1.3606717237980528,-1.043923835182226,0.0009348719613626599,0.0005127268377691507,0.0029235524125397205,0.05332278832793236,-0.021776948124170303,0.0005678250454366207,0.15559831261634827,-0.4500850737094879,0.2156519740819931,0.0031119179911911488,0.057601019740104675,0.5227745175361633,-0.15783080682921782,0.7427024945813552,-1.3604609245466035,0.0007351340027526021,-3.291615212219767e-05,0.0002995765535160899,-0.5870894193649292,-0.6655814051628113,0.1551232784986496,0.007604055106639862,-0.21033143997192383,0.4216327965259552,0.0007945134420879185,0.9009638428688049,0.4712444543838501,-0.12997951271849084,0.37636961030735666,0.12852081930239914,0.0010474957525730133,-0.0009626219980418682,0.00071889185346663,0.017320765182375908,-0.39675372838974,0.13343200087547302,-0.9991321563720703,-0.11762900650501251,0.0413362979888916,0.0015939554432407022,0.418948233127594,1.0068814754486084,-1.083528291807921,1.2916223469559533,-1.1309050686362616
0.000847663264721632,-0.002369001740589738,-0.0068235150538384914,-0.7457317113876343,0.4528210461139679,-0.23805826902389526,0.022947236895561218,-0.009554950520396233,-0.34970587491989136,0.00727262394502759,0.904341995716095,0.3505881726741791,-1.4847462750492988,1.3606717237980528,-1.043923835182226,0.0009090111707337201,0.0005663749761879444,0.003016978269442916,0.09215819090604782,-0.03575954586267471,-0.02204914391040802,0.14670361578464508,-0.46455585956573486,0.2134529948234558,0.003201443236321211,0.10128198564052582,0.5318799614906311,-0.15783080682921782,0.7427024945813552,-1.3604609245466035,0.0007981400121934712,-0.00032730394741520286,0.00012551998952403665,-0.561532199382782,-0.7241846323013306,0.1457596868276596,0.028665419667959213,-0.19041669368743896,0.4057559669017792,0.0008717285818420351,0.9279050230979919,0.44913041591644287,-0.12997951271849084,0.37636961030735666,0.12852081930239914,0.0010247798636555672,-0.001013753586448729,0.0007359495502896607,0.01702926866710186,-0.404946506023407,0.14021773636341095,-1.031762719154358,-0.11327904462814331,0.03421279788017273,0.0016184845007956028,0.4288737177848816,1.0385262966156006,-1.083528291807921,1.2916223469559533,-1.1309050686362616
0.0009728458244353533,-0.002419321797788143,-0.006806906312704086,-0.7403120398521423,0.4623432755470276,-0.2470051348209381,0.023675337433815002,-0.014294737949967384,-0.3596952259540558,0.007289274595677853,0.9071024060249329,0.36075687408447266,-1.4847462750492988,1.3606717237980528,-1.043923835182226,0.0008851103484630585,0.000609760987572372,0.003098465269431472,0.13189028203487396,-0.04762089252471924,-0.04796413332223892,0.14137203991413116,-0.47348925471305847,0.21256491541862488,0.0032795907463878393,0.1482003927230835,0.5379237532615662,-0.15783080682921782,0.7427024945813552,-1.3604609245466035,0.0008604926406405866,-0.0006296733627095819,-8.045605500228703e-05,-0.5401560068130493,-0.7817564606666565,0.13825027644634247,0.056681036949157715,-0.16323089599609375,0.3847566545009613,0.0010693032527342439,0.9602212309837341,0.4217757284641266,-0.12997951271849084,0.37636961030735666,0.12852081930239914,0.000935716147068888,-0.001006272272206843,0.000735956768039614,0.01666213944554329,-0.41140174865722656,0.1467253863811493,-1.0518676042556763,-0.11173206567764282,0.030102014541625977,0.0015587754314765334,0.4371010661125183,1.0582133531570435,-1.083528291807921,1.2916223469559533,-1.1309050686362616
0.001014102017506957,-0.002432214794680476,-0.00678498949855566,-0.7373243570327759,0.4680270850658417,-0.2502148747444153,0.0244462788105011,-0.017000336199998856,-0.36376261711120605,0.007278746925294399,0.9084624648094177,0.36497926712036133,-1.4847462750492988,1.3606717237980528,-1.043923835182226,0.0008503923891112208,0.0006580965127795935,0.003142031840980053,0.17073509097099304,-0.05795306712388992,-0.07590724527835846,0.13891661167144775,-0.47782260179519653,0.21248337626457214,0.0033209368120878935,0.19562959671020508,0.5410743355751038,-0.15783080682921782,0.7427024945813552,-1.3604609245466035,0.0009290460729971528,-0.0009204358793795109,-0.0002952163922600448,-0.5258453488349915,-0.8370163440704346,0.1307058185338974,0.09153594076633453,-0.12897412478923798,0.3587377071380615,0.0013407019432634115,0.997092604637146,0.39205342531204224,-0.12997951271849084,0.37636961030735666,0.12852081930239914,0.0007754939724691212,-0.0009474555845372379,0.000715204980224371,0.016488105058670044,-0.4196871519088745,0.1525678038597107,-1.0615559816360474,-0.11183694750070572,0.028345763683319092,0.0014179496793076396,0.44686248898506165,1.0678071975708008,-1.083528291807921,1.2916223469559533,-1.1309050686362616
0.000983962556347251,-0.0024273302406072617,-0.0067633152939379215,-0.7375751733779907,0.467718243598938,-0.24927932024002075,0.0247536301612854,-0.017383363097906113,-0.3633653521537781,0.007252761162817478,0.9082497954368591,0.3646221160888672,-1.4847462750492988,1.3606717237980528,-1.043923835182226,0.0007927665137685835,0.0007199024548754096,0.0031129098497331142,0.20819707214832306,-0.06770497560501099,-0.10356685519218445,0.1389768421649933,-0.47795552015304565,0.21271085739135742,0.0032919517252594233,0.2421901673078537,0.5412965416908264,-0.15783080682921782,0.7427024945813552,-1.3604609245466035,0.0010283758165314794,-0.001168687827885151,-0.0005029484163969755,-0.5182942748069763,-0.8880720138549805,0.12053391337394714,0.13166281580924988,-0.08929336071014404,0.3288927376270294,0.0016359539004042745,1.0352917909622192,0.36534756422042847,-0.12997951271849084,0.37636961030735666,0.12852081930239914,0.0005521088023670018,-0.0008579351124353707,0.0006661922088824213,0.016775019466876984,-0.43170344829559326,0.1564858853816986,-1.0616772174835205,-0.11241469532251358,0.028528869152069092,0.0012184780789539218,0.4594965875148773,1.0679931640625,-1.083528291807921,1.2916223469559533,-1.1309050686362616
0.0009092770051211119,-0.0024221541825681925,-0.00674843043088913,-0.7413274049758911,0.4601373076438904,-0.24700164794921875,0.023977532982826233,-0.014752507209777832,-0.35936498641967773,0.0072273737750947475,0.9068089723587036,0.36046603322029114,-1.4847462750492988,1.3606717237980528,-1.043923835182226,0.0007065669051371515,0.0007849379908293486,0.002981935627758503,0.2442001849412918,-0.0772039145231247,-0.12732674181461334,0.1415741741657257,-0.4736533463001251,0.212763249874115,0.0031634324695914984,0.2860179543495178,0.5381997227668762,-0.15783080682921782,0.7427024945813552,-1.3604609245466035,0.0011894390918314457,-0.0013412520056590438,-0.0007100686198100448,-0.516423225402832,-0.934030294418335,0.10594294965267181,0.17374616861343384,-0.04756756126880646,0.2977272570133209,0.0019281908171251416,1.0725340843200684,0.34798264503479004,-0.12997951271849084,0.37636961030735666,0.12852081930239914,0.00028566704713739455,-0.0007498373161070049,0.0005773116135969758,0.017671138048171997,-0.44711676239967346,0.1570509821176529,-1.0516061782836914,-0.11226844787597656,0.030522048473358154,0.0009885091567412019,0.4742264151573181,1.058022379875183,-1.083528291807921,1.2916223469559533,-1.1309050686362616
0.0008248065132647753,-0.0024234680458903313,-0.006744776386767626,-0.7481118440628052,0.4456304907798767,-0.24605360627174377,0.02138449251651764,-0.008012758567929268,-0.3520270586013794,0.0072142574936151505,0.9048758149147034,0.3527669906616211,-1.4847462750492988,1.3606717237980528,-1.043923835182226,0.0005944896838627756,0.0008293555583804846,0.0027378241065889597,0.27805477380752563,-0.0859370231628418,-0.14341148734092712,0.1471106857061386,-0.4640474021434784,0.21217048168182373,0.002921802457422018,0.32444795966148376,0.5310347080230713,-0.15783080682921782,0.7427024945813552,-1.3604609245466035,0.0014324617804959416,-0.0014170178910717368,-0.0009389070910401642,-0.5194743275642395,-0.9751710891723633,0.08689883351325989,0.213608518242836,-0.008021315559744835,0.2683948576450348,0.00222293334081769,1.1083157062530518,0.34311622381210327,-0.12997951271849084,0.37636961030735666,0.12852081930239914,3.848399501293898e-06,-0.0006219897768460214,0.0004393880080897361,0.019102632999420166,-0.46380940079689026,0.15376916527748108,-1.0292472839355469,-0.11018404364585876,0.03447854518890381,0.0007615431095473468,0.48900818824768066,1.0357023477554321,-1.083528291807921,1.2916223469559533,-1.1309050686362616
0.0007643774151802063,-0.002427048282697797,-0.006755216978490353,-0.7568119764328003,0.42629167437553406,-0.24775376915931702,0.016151875257492065,0.004267411306500435,-0.3411025404930115,0.007218573242425919,0.9032557606697083,0.34151139855384827,-1.4847462750492988,1.3606717237980528,-1.043923835182226,0.000467050849692896,0.0008320621564052999,0.002390421461313963,0.30825379490852356,-0.09329420328140259,-0.14953331649303436,0.15630972385406494,-0.4477348327636719,0.21048007905483246,0.002573825651779771,0.3550836741924286,0.5188459157943726,-0.15783080682921782,0.7427024945813552,-1.3604609245466035,0.0017544275615364313,-0.0013995938934385777,-0.0012113330885767937,-0.5263885259628296,-1.0117131471633911,0.06505721807479858,0.24791447818279266,0.025972111150622368,0.24342137575149536,0.002550334669649601,1.142313838005066,0.34841081500053406,-0.12997951271849084,0.37636961030735666,0.12852081930239914,-0.0002661232720129192,-0.0004697530821431428,0.00025189630105160177,0.02081863395869732,-0.478942334651947,0.1472611427307129,-0.9912694096565247,-0.10494593530893326,0.04079103469848633,0.00059576949570328,0.5015027523040771,0.9976435303688049,-1.083528291807921,1.2916223469559533,-1.1309050686362616
0.0007524362299591303,-0.002423960482701659,-0.00678398460149765,-0.7660464644432068,0.4051257371902466,-0.25209227204322815,0.007431104779243469,0.02369818091392517,-0.32598593831062317,0.007243216969072819,0.9024990797042847,0.3269306719303131,-1.4847462750492988,1.3606717237980528,-1.043923835182226,0.0003393953084014356,0.0007863622740842402,0.00196191668510437,0.33296284079551697,-0.09909278154373169,-0.14568008482456207,0.17009133100509644,-0.4229969382286072,0.2072748988866806,0.0021407175809144974,0.37670454382896423,0.5008196830749512,-0.15783080682921782,0.7427024945813552,-1.3604609245466035,0.002132577821612358,-0.0013163213152438402,-0.0015398572431877255,-0.5356104373931885,-1.042500376701355,0.04304247722029686,0.27506276965141296,0.05277985334396362,0.22403064370155334,0.002941385842859745,1.1728334426879883,0.35865718126296997,-0.12997951271849084,0.37636961030735666,0.12852081930239914,-0.000506776210386306,-0.00029740421450696886,2.218765439465642e-05,0.022528884932398796,-0.4898248314857483,0.1385585367679596,-0.9336153268814087,-0.09539417922496796,0.050002992153167725,0.0005880167591385543,0.5095432996749878,0.9398074150085449,-1.083528291807921,1.2916223469559533,-1.1309050686362616
0.000796356936916709,-0.0024068462662398815,-0.006836597807705402,-0.7745984196662903,0.3848720192909241,-0.25869515538215637,-0.005532264709472656,0.051791656762361526,-0.305952787399292,0.007291513029485941,0.9028025269508362,0.3103547692298889,-1.4847462750492988,1.3606717237980528,-1.043923835182226,0.00022603938123211265,0.0006982986233197153,0.0014760850463062525,0.35085606575012207,-0.10336355865001678,-0.1339811235666275,0.18936750292778015,-0.38816237449645996,0.20221289992332458,0.001648496836423874,0.389531672000885,0.4768858551979065,-0.15783080682921782,0.7427024945813552,-1.3604609245466035,0.002530645113438368,-0.0012134772259742022,-0.001935882493853569,-0.5481064915657043,-1.0630197525024414,0.027513444423675537,0.29594919085502625,0.07177364826202393,0.20902417600154877,0.0034094476141035557,1.196323037147522,0.3693622648715973,-0.13368339274859675,0.3801346063806774,0.12606707927555771,-0.0007173293852247298,-0.00012213950685691088,-0.00023758760653436184,0.023979168385267258,-0.49426764249801636,0.1286533921957016,-0.8523473739624023,-0.08054748177528381,0.06266984343528748,0.0007654589135199785,0.5112994909286499,0.8584354519844055,-1.083528291807921,1.2916223469559533,-1.1309050686362616
0.0008835985790938139,-0.002371658571064472,-0.0069121504202485085,-0.7815335988998413,0.36766278743743896,-0.2671584486961365,-0.02320629358291626,0.08953455090522766,-0.2804872989654541,0.007360932882875204,0.9040709733963013,0.2953440248966217,-1.4847462750492988,1.3606717237980528,-1.043923835182226,0.00013500743079930544,0.0005787850241176784,0.0009595553856343031,0.3618168532848358,-0.10611701011657715,-0.11808070540428162,0.21474136412143707,-0.3421483337879181,0.19509877264499664,0.0011287007946521044,0.39511430263519287,0.44860100746154785,-0.15783080682921782,0.7427024945813552,-1.3604609245466035,0.002950379392132163,-0.0011004903353750706,-0.002380747813731432,-0.5556135773658752,-1.0727603435516357,0.011888657696545124,0.3092074692249298,0.08453738689422607,0.20038767158985138,0.003947629127651453,1.208164930343628,0.3780357837677002,-0.13368339274859675,0.3801346063806774,0.12606707927555771,-0.0009119399474002421,3.446116897976026e-05,-0.0005064838333055377,0.024951079860329628,-0.4908060133457184,0.11861727386713028,-0.7449091076850891,-0.059815727174282074,0.0791582465171814,0.001043718308210373,0.505552351474762,0.7514875531196594,-1.083528291807921,1.2916223469559533,-1.1309050686362616
0.0009896594565361738,-0.0023164779413491488,-0.00699562206864357,-0.7860758304595947,0.35549208521842957,-0.2762666642665863,-0.04549334943294525,0.13678351044654846,-0.24971145391464233,0.007435336243361235,0.9058769941329956,0.2883317172527313,-1.4847462750492988,1.3606717237980528,-1.043923835182226,6.368005415424705e-05,0.0004403945058584213,0.00045156979467719793,0.3670148253440857,-0.10740415751934052,-0.10223561525344849,0.24609261751174927,-0.28520897030830383,0.18599314987659454,0.0006339698447845876,0.3958379328250885,0.4201180338859558,-0.15783080682921782,0.7427024945813552,-1.3604609245466035,0.0033587065991014242,-0.0010013910941779613,-0.002866895403712988,-0.557167649269104,-1.0675684213638306,0.00010928884148597717,0.317061185836792,0.09188936650753021,0.19593650102615356,0.004528000019490719,1.2042168378829956,0.38387832045555115,-0.13368339274859675,0.3801346063806774,0.12606707927555771,-0.0011067144805565476,0.00015825164155103266,-0.0007494823657907546,0.025256577879190445,-0.4790304899215698,0.10982254147529602,-0.6118720769882202,-0.033320408314466476,0.09937392175197601,0.001345951110124588,0.49210676550865173,0.6207841038703918,-1.083528291807921,1.2916223469559533,-1.1309050686362616
0.0010912760626524687,-0.002239850116893649,-0.007060742471367121,-0.7876032590866089,0.3502395749092102,-0.28392598032951355,-0.07135716825723648,0.19146788120269775,-0.2149227261543274,0.007487448863685131,0.9075244665145874,0.2965528070926666,-1.4847462750492988,1.3606717237980528,-1.043923835182226,2.93337507173419e-07,0.00029729699599556625,4.651854396797717e-06,0.3684665560722351,-0.10738009214401245,-0.09048356115818024,0.2820420265197754,-0.21990655362606049,0.1753624677658081,0.0002973335504066199,0.39431634545326233,0.39831972122192383,-0.15783080682921782,0.7427024945813552,-1.3604609245466035,0.0037204925902187824,-0.0009239151258952916,-0.0033699730411171913,-0.548210859298706,-1.0470185279846191,-0.009334005415439606,0.32084277272224426,0.09521608054637909,0.1944812834262848,0.005104155279695988,1.1818925142288208,0.3870777189731598,-0.13368339274859675,0.3801346063806774,0.12606707927555771,-0.0013062187936156988,0.0002481471165083349,-0.0009269221918657422,0.024758530780673027,-0.45966586470603943,0.1038099005818367,-0.4592028260231018,-0.002331893891096115,0.1224137395620346,0.0016207927837967873,0.4718921482563019,0.47524499893188477,-1.083528291807921,1.2916223469559533,-1.1309050686362616
0.0011746324598789215,-0.002139545511454344,-0.007083701901137829,-0.7859060764312744,0.3527366816997528,-0.28864872455596924,-0.09863710403442383,0.24918702244758606,-0.17887192964553833,0.007492412813007832,0.9085095524787903,0.3222089409828186,-1.4847462750492988,1.3606717237980528,-1.043923835182226,-7.024288061074913e-05,0.0001628688769415021,-0.0003330569597892463,0.36837419867515564,-0.10631024092435837,-0.08571058511734009,0.3196794092655182,-0.15160225331783295,0.16415144503116608,0.00037734239595010877,0.39287111163139343,0.3900305926799774,-0.15783080682921782,0.7427024945813552,-1.3604609245466035,0.0039963554590940475,-0.0008781250799074769,-0.0038597683887928724,-0.524644672870636,-1.0130157470703125,-0.018651127815246582,0.3218608796596527,0.09592539817094803,0.19473090767860413,0.0056249238550662994,1.1409648656845093,0.3882218897342682,-0.13368339274859675,0.3801346063806774,0.12606707927555771,-0.0015015960671007633,0.0003160310734529048,-0.0010168597800657153,0.023405669257044792,-0.4342271685600281,0.10181193053722382,-0.29941001534461975,0.030515410006046295,0.14638936519622803,0.0018408341566100717,0.4466169774532318,0.33467504382133484,-1.083528291807921,1.2916223469559533,-1.1309050686362616
0.001235354458913207,-0.002014263765886426,-0.007059555966407061,-0.7815132141113281,0.3618151545524597,-0.29050928354263306,-0.12462300062179565,0.30439993739128113,-0.14503200352191925,0.007444507442414761,0.908883273601532,0.35947808623313904,-1.4847462750492988,1.3606717237980528,-1.043923835182226,-0.00016013775893952698,5.134496313985437e-05,-0.0005446410505101085,0.3685413897037506,-0.10460308939218521,-0.08864398300647736,0.3553405702114105,-0.08703537285327911,0.1535377949476242,0.0005700125475414097,0.393220454454422,0.39675676822662354,-0.15783080682921782,0.7427024945813552,-1.3604609245466035,0.00416136160492897,-0.0008764533558860421,-0.0043080151081085205,-0.48533594608306885,-0.9697393774986267,-0.02958223968744278,0.32130661606788635,0.0953613668680191,0.19533701241016388,0.0060534365475177765,1.0848135948181152,0.38792818784713745,-0.13368339274859675,0.3801346063806774,0.12606707927555771,-0.001681431313045323,0.0003797984099946916,-0.0010288192424923182,0.021262839436531067,-0.40478944778442383,0.10437597334384918,-0.14822152256965637,0.061923738569021225,0.16892457008361816,0.002007467905059457,0.4185701012611389,0.2331087291240692,-1.083528291807921,1.2916223469559533,-1.1309050686362616
0.0012722376268357038,-0.001870452077127993,-0.00700629036873579,-0.7756722569465637,0.3746272921562195,-0.2900463938713074,-0.14715591073036194,0.35271307826042175,-0.11616670340299606,0.0073624239303171635,0.9089224338531494,0.39944469928741455,-1.4847462750492988,1.3606717237980528,-1.043923835182226,-0.00027422679704613984,-1.5088618965819478e-05,-0.000652707414701581,0.3702976107597351,-0.10281910747289658,-0.09789112210273743,0.38611024618148804,-0.03157768398523331,0.14446622133255005,0.0007081348448991776,0.3965788185596466,0.41345950961112976,-0.15783080682921782,0.7427024945813552,-1.3604609245466035,0.004224504344165325,-0.0009188733529299498,-0.004689145367592573,-0.4338659346103668,-0.922774612903595,-0.042422983795404434,0.32021984457969666,0.09477488696575165,0.1949027180671692,0.006377996876835823,1.0205646753311157,0.38666534423828125,-0.13368339274859675,0.3801346063806774,0.12606707927555771,-0.0018427364993840456,0.0004438832402229309,-0.000989650608971715,0.01854184828698635,-0.3742893636226654,0.11126287281513214,-0.018168404698371887,0.08926454186439514,0.18812182545661926,0.002138251205906272,0.3909165561199188,0.20901691913604736,-1.083528291807921,1.2916223469559533,-1.1309050686362616
0.001282873097807169,-0.001729788607917726,-0.006945226341485977,-0.769875168800354,0.38808387517929077,-0.28665149211883545,-0.1652003824710846,0.39205867052078247,-0.09357912838459015,0.007271457929164171,0.9085625410079956,0.4356124699115753,-1.4847462750492988,1.3606717237980528,-1.043923835182226,-0.0004085627442691475,-1.2485339539125562e-05,-0.0006884107133373618,0.3743734657764435,-0.1015474796295166,-0.11062972247600555,0.41060522198677063,0.012203142046928406,0.1374025195837021,0.0008006177376955748,0.4033687114715576,0.4331570565700531,-0.15783080682921782,0.7427024945813552,-1.3604609245466035,0.0042294845916330814,-0.000986735220067203,-0.004972993396222591,-0.37719860672950745,-0.8779073357582092,-0.05620458722114563,0.31948915123939514,0.09532244503498077,0.19198475778102875,0.006602488458156586,0.9571619629859924,0.38473087549209595,-0.13368339274859675,0.3801346063806774,0.12606707927555771,-0.001988413045182824,0.0004823016352020204,-0.0009130793041549623,0.015621664002537727,-0.34670713543891907,0.1213720440864563,0.08476905524730682,0.11127015203237534,0.2030707150697708,0.0022405614145100117,0.3676697313785553,0.24658578634262085,-1.083528291807921,1.2916223469559533,-1.1309050686362616
0.0012723973486572504,-0.0016235244693234563,-0.006875744089484215,-0.7658738493919373,0.39862942695617676,-0.27919769287109375,-0.17918601632118225,0.4220251739025116,-0.07745075225830078,0.0071784877218306065,0.9074246883392334,0.4649854898452759,-1.4817265261425043,1.3605557361547627,-1.042194935997232,-0.0005516924429684877,6.009064964018762e-05,-0.0006580197950825095,0.38001447916030884,-0.10048148036003113,-0.12295205891132355,0.42874670028686523,0.04479382187128067,0.13206267356872559,0.0008607935160398483,0.41185522079467773,0.4508555829524994,-0.1562323299963868,0.7435047269136172,-1.3605677657902544,0.004227654542773962,-0.0010667669121176004,-0.005132260732352734,-0.32300639152526855,-0.8410158157348633,-0.06963012367486954,0.3198660612106323,0.09806632250547409,0.18511798977851868,0.006734326481819153,0.903597891330719,0.3823610544204712,-0.13368339274859675,0.3801346063806774,0.12606707927555771,-0.002118258038535714,0.0004583606496453285,-0.0007882097270339727,0.013164348900318146,-0.32614874839782715,0.1326879858970642,0.16066643595695496,0.12772944569587708,0.2132936418056488,0.0023061626125127077,0.35235267877578735,0.2960112988948822,-1.0916944990813293,1.2927428201601587,-1.1388964323399877
0.0012410238850861788,-0.0015794847859069705,-0.006781820207834244,-0.7640581727027893,0.40574923157691956,-0.2667551636695862,-0.18852972984313965,0.4439922273159027,-0.06691760569810867,0.0070730471052229404,0.9053041934967041,0.48698103427886963,-1.4817265261425043,1.3605557361547627,-1.042194935997232,-0.0006891669472679496,0.00017008933355100453,-0.0005615590489469469,0.38430437445640564,-0.10075907409191132,-0.12925849854946136,0.4410766661167145,0.0659925788640976,0.12892410159111023,0.0009051132947206497,0.41779181361198425,0.4642467796802521,-0.1562323299963868,0.7435047269136172,-1.3605677657902544,0.00424921466037631,-0.0011722258059307933,-0.005177763290703297,-0.2784578204154968,-0.8166088461875916,-0.08123418688774109,0.321972131729126,0.10395170003175735,0.17289239168167114,0.006799939088523388,0.8665955662727356,0.3799523413181305,-0.13368339274859675,0.3801346063806774,0.12606707927555771,-0.0022184415720403194,0.00036443700082600117,-0.0006267066928558052,0.01133505254983902,-0.31518736481666565,0.14261072874069214,0.21115095913410187,0.13928493857383728,0.21990247070789337,0.0023338934406638145,0.3461349308490753,0.3351747691631317,-1.0916944990813293,1.2927428201601587,-1.1388964323399877
0.001212802017107606,-0.001604021992534399,-0.006653066258877516,-0.7661064863204956,0.40519678592681885,-0.25133880972862244,-0.19443142414093018,0.45905476808547974,-0.06101224571466446,0.006950328592211008,0.9023717641830444,0.5022522807121277,-1.4817265261425043,1.3605557361547627,-1.042194935997232,-0.0008178406860679388,0.00026381618226878345,-0.00042469071922823787,0.3840196132659912,-0.10121159255504608,-0.12645423412322998,0.4486907124519348,0.07841116189956665,0.12730672955513,0.0009585533407516778,0.4167799651622772,0.47294679284095764,-0.1562323299963868,0.7435047269136172,-1.3605677657902544,0.004300217609852552,-0.0013186433352530003,-0.005179844330996275,-0.2486872673034668,-0.8038991093635559,-0.08921865373849869,0.326284795999527,0.11373875290155411,0.15411359071731567,0.006860136985778809,0.8462027311325073,0.37835073471069336,-0.13368339274859675,0.3801346063806774,0.12606707927555771,-0.0022811961825937033,0.00023915681231301278,-0.00045008875895291567,0.010609153658151627,-0.31403955817222595,0.1482607126235962,0.24123308062553406,0.1467316448688507,0.22339852154254913,0.002337441314011812,0.34744012355804443,0.3600423336029053,-1.0916944990813293,1.2927428201601587,-1.1388964323399877
0.0012081312015652657,-0.0016895411536097527,-0.006498472299426794,-0.7728732824325562,0.3945331871509552,-0.23521119356155396,-0.197662353515625,0.468477338552475,-0.05851165950298309,0.0068223364651203156,0.8990628123283386,0.5118252038955688,-1.4817265261425043,1.3605557361547627,-1.042194935997232,-0.0009386080782860518,0.0003004274913109839,-0.00029335575527511537,0.37689200043678284,-0.10106514394283295,-0.11466170102357864,0.45268726348876953,0.0842466726899147,0.12677982449531555,0.0010282506700605154,0.4067051112651825,0.47759437561035156,-0.1562323299963868,0.7435047269136172,-1.3605677657902544,0.004375596530735493,-0.0014900465030223131,-0.005232847295701504,-0.2343057245016098,-0.7963262796401978,-0.09231331199407578,0.3330874443054199,0.12786979973316193,0.12807394564151764,0.006982032209634781,0.8351984620094299,0.3790789842605591,-0.13368339274859675,0.3801346063806774,0.12606707927555771,-0.002307503018528223,0.00012724629777949303,-0.00029933976475149393,0.011139452457427979,-0.32087624073028564,0.14734119176864624,0.25592634081840515,0.15095435082912445,0.22463180124759674,0.002330314600840211,0.3532634675502777,0.37248483300209045,-1.0916944990813293,1.2927428201601587,-1.1388964323399877
0.0012378692626953125,-0.0018199143232777715,-0.006343081593513489,-0.7842012643814087,0.37378552556037903,-0.21961864829063416,-0.1989186704158783,0.4731343686580658,-0.058169521391391754,0.006714096758514643,0.8960578441619873,0.5165350437164307,-1.4817265261425043,1.3605557361547627,-1.042194935997232,-0.001038377289660275,0.00026549503672868013,-0.00020784520893357694,0.3619941174983978,-0.09950508177280426,-0.0968983992934227,0.45408424735069275,0.08567492663860321,0.1268710196018219,0.0010917484760284424,0.38772448897361755,0.479196161031723,-0.1562323299963868,0.7435047269136172,-1.3605677657902544,0.00447204289957881,-0.0016522337682545185,-0.005396354012191296,-0.23191092908382416,-0.7862727046012878,-0.09048854559659958,0.34237512946128845,0.14625787734985352,0.09495750069618225,0.0072006722912192345,0.8247397541999817,0.3842252194881439,-0.13368339274859675,0.3801346063806774,0.12606707927555771,-0.0023127407766878605,4.457107570488006e-05,-0.00021607906091958284,0.012822449207305908,-0.33208441734313965,0.13881295919418335,0.2601119875907898,0.15272510051727295,0.22450488805770874,0.0023232405073940754,0.3601576089859009,0.3760128319263458,-1.0916944990813293,1.2927428201601587,-1.1388964323399877
0.0012986143119633198,-0.0019739512354135513,-0.006223243661224842,-0.7990533113479614,0.3450833559036255,-0.20508190989494324,-0.19874563813209534,0.4733012318611145,-0.058781832456588745,0.006656699348241091,0.8942188024520874,0.5166906118392944,-1.4817265261425043,1.3605557361547627,-1.042194935997232,-0.001088793738745153,0.00016420919564552605,-0.0001994721678784117,0.3395532965660095,-0.09597405791282654,-0.0768769159913063,0.45372408628463745,0.08470435440540314,0.1270824819803238,0.0011190288932994008,0.3611336350440979,0.47873827815055847,-0.1562323299963868,0.7435047269136172,-1.3605677657902544,0.004602336790412664,-0.001784460968337953,-0.005674442742019892,-0.23726044595241547,-0.7683189511299133,-0.0843881145119667,0.3537111282348633,0.16798840463161469,0.05638883262872696,0.00752097787335515,0.8085343837738037,0.3956151604652405,-0.13368339274859675,0.3801346063806774,0.12606707927555771,-0.002323288470506668,-1.9403043552301824e-05,-0.00023402064107358456,0.01532130315899849,-0.3422974646091461,0.12271220237016678,0.25817668437957764,0.15260596573352814,0.22393745183944702,0.002335125580430031,0.36395135521888733,0.3742883503437042,-1.0916944990813293,1.2927428201601587,-1.1388964323399877
0.0013731606304645538,-0.002126168692484498,-0.006173915229737759,-0.8160215616226196,0.3112678825855255,-0.19250568747520447,-0.19750523567199707,0.46855324506759644,-0.059207260608673096,0.006672585383057594,0.8943362236022949,0.5119140148162842,-1.4817265261425043,1.3605557361547627,-1.042194935997232,-0.001065930468030274,1.2532633263617754e-05,-0.00029595111845992506,0.31091052293777466,-0.09039369225502014,-0.057545945048332214,0.4522348940372467,0.0831240564584732,0.12689414620399475,0.0011063235579058528,0.32885849475860596,0.47699907422065735,-0.1562323299963868,0.7435047269136172,-1.3605677657902544,0.004799171816557646,-0.0018799824174493551,-0.006035253405570984,-0.24624519050121307,-0.7389072775840759,-0.07491490244865417,0.36615774035453796,0.19117526710033417,0.015702731907367706,0.00793666671961546,0.7824531197547913,0.4133594334125519,-0.13368339274859675,0.3801346063806774,0.12606707927555771,-0.002371144248172641,-7.331361121032387e-05,-0.0003685408737510443,0.01820938102900982,-0.3455047905445099,0.09950591623783112,0.2538774013519287,0.1509055197238922,0.22385910153388977,0.0024007337633520365,0.3600091338157654,0.3705929219722748,-1.0916944990813293,1.2927428201601587,-1.1388964323399877
0.0014345361851155758,-0.0022467614617198706,-0.0062111746519804,-0.8334455490112305,0.2756621837615967,-0.18306490778923035,-0.19537602365016937,0.45776623487472534,-0.05836613476276398,0.006759032607078552,0.8967351317405701,0.5011270642280579,-1.4817265261425043,1.3605557361547627,-1.042194935997232,-0.0009657440823502839,-0.0001681785797700286,-0.0005140699213370681,0.27833589911460876,-0.08313851058483124,-0.04088196903467178,0.45003166794776917,0.08250583708286285,0.12576481699943542,0.0011068936437368393,0.2933500111103058,0.4745023846626282,-0.1562323299963868,0.7435047269136172,-1.3605677657902544,0.005095224827528,-0.001933883992023766,-0.006436070427298546,-0.25393277406692505,-0.6960675716400146,-0.0635552704334259,0.37854015827178955,0.21346282958984375,-0.02293219603598118,0.008433517999947071,0.7436606884002686,0.4351837933063507,-0.13368339274859675,0.3801346063806774,0.12606707927555771,-0.002488472033292055,-0.00010443484643474221,-0.0006104302010498941,0.021109564229846,-0.3371657133102417,0.07001979649066925,0.2503426671028137,0.14767807722091675,0.22521162033081055,0.002564375987276435,0.34500595927238464,0.36769625544548035,-1.0916944990813293,1.2927428201601587,-1.1388964323399877
0.0014554341323673725,-0.002305415691807866,-0.006326052360236645,-0.8493003845214844,0.2425738126039505,-0.17718815803527832,-0.19237761199474335,0.43922916054725647,-0.05524276942014694,0.006888553500175476,0.900860071182251,0.48268330097198486,-1.4817265261425043,1.3605557361547627,-1.042194935997232,-0.0008057801169343293,-0.0003604351950343698,-0.0008488515159115195,0.24439670145511627,-0.07480546832084656,-0.02809005230665207,0.44734320044517517,0.08422058075666428,0.12314198911190033,0.0012246404075995088,0.25712770223617554,0.471564382314682,-0.1562323299963868,0.7435047269136172,-1.3605677657902544,0.005498350132256746,-0.0019439600873738527,-0.0068405792117118835,-0.2553080916404724,-0.6394566297531128,-0.052117906510829926,0.38993507623672485,0.23297256231307983,-0.05618159845471382,0.008989124558866024,0.6905094385147095,0.4576919972896576,-0.13368339274859675,0.3801346063806774,0.12606707927555771,-0.002698608674108982,-8.655618876218796e-05,-0.0009267642162740231,0.02372831664979458,-0.3155366778373718,0.03585420176386833,0.25013038516044617,0.14275914430618286,0.22894054651260376,0.0028546229004859924,0.3184524476528168,0.3679118752479553,-1.0916944990813293,1.2927428201601587,-1.1388964323399877
0.0014164610765874386,-0.002279729815199971,-0.006492214277386665,-0.8614770770072937,0.2168002724647522,-0.17409682273864746,-0.18841522932052612,0.4108904004096985,-0.04891415685415268,0.007025124505162239,0.9052374362945557,0.45466890931129456,-1.4817265261425043,1.3605557361547627,-1.042194935997232,-0.0006189681589603424,-0.0005588204367086291,-0.0012719189980998635,0.21102969348430634,-0.06588918715715408,-0.0198252834379673,0.44425660371780396,0.08943724632263184,0.11849123239517212,0.0015209141420200467,0.22196386754512787,0.4684048593044281,-0.1562323299963868,0.7435047269136172,-1.3605677657902544,0.005984156392514706,-0.0019138886127620935,-0.007229842245578766,-0.2472059577703476,-0.5695397257804871,-0.04185764864087105,0.39991194009780884,0.24879315495491028,-0.08242015540599823,0.00957829412072897,0.6222847700119019,0.47814294695854187,-0.13368339274859675,0.3801346063806774,0.12606707927555771,-0.003005298785865307,-2.6640191208571196e-06,-0.0012671141885221004,0.025805320590734482,-0.2815154492855072,-0.0002643512561917305,0.2552757263183594,0.13583536446094513,0.23595678806304932,0.0032615037634968758,0.28269582986831665,0.37321916222572327,-1.0916944990813293,1.2927428201601587,-1.1388964323399877
0.001306846272200346,-0.0021615675650537014,-0.0066757528111338615,-0.8684570789337158,0.2020713835954666,-0.172146737575531,-0.18334445357322693,0.37077146768569946,-0.038625769317150116,0.007137639448046684,0.9081217050552368,0.4154258370399475,-1.4817265261425043,1.3605557361547627,-1.042194935997232,-0.000443385069957003,-0.0007654508808627725,-0.001735941506922245,0.17908324301242828,-0.05661766231060028,-0.01632368564605713,0.4407728314399719,0.09907394647598267,0.1113579273223877,0.001948332181200385,0.18852806091308594,0.4652922749519348,-0.1562323299963868,0.7435047269136172,-1.3605677657902544,0.006461492273956537,-0.0018297471106052399,-0.007639353163540363,-0.23079785704612732,-0.48600906133651733,-0.03522171825170517,0.4089588224887848,0.2598775029182434,-0.10168732702732086,0.010171459056437016,0.5391781330108643,0.4950999617576599,-0.13527374268754067,0.3854872302205804,0.13210873226954165,-0.003389133606106043,0.00014366005780175328,-0.0015781403053551912,0.027102313935756683,-0.2379968762397766,-0.03473159670829773,0.26727381348609924,0.12655209004878998,0.24704773724079132,0.0037413088139146566,0.24203993380069733,0.3853353261947632,-1.0916944990813293,1.2927428201601587,-1.1388964323399877
0.0011243538465350866,-0.0019590649753808975,-0.006841216702014208,-0.8697103261947632,0.2000293731689453,-0.1694244146347046,-0.17705634236335754,0.3175879120826721,-0.023933425545692444,0.0072044674307107925,0.9083570241928101,0.3643951714038849,-1.4817265261425043,1.3605557361547627,-1.042194935997232,-0.0003129304968751967,-0.0009775026701390743,-0.002181103453040123,0.14860402047634125,-0.0470738485455513,-0.017192495986819267,0.4368724226951599,0.11367790400981903,0.10146976262331009,0.002410528715699911,0.1568269282579422,0.462683767080307,-0.1562323299963868,0.7435047269136172,-1.3605677657902544,0.006948401220142841,-0.0017510661855340004,-0.007978510111570358,-0.2021184116601944,-0.3929089605808258,-0.027853239327669144,0.41609129309654236,0.2685012221336365,-0.11420083045959473,0.010723951272666454,0.4427246153354645,0.5081994533538818,-0.13527374268754067,0.3854872302205804,0.13210873226954165,-0.003811092581599951,0.00033278140472248197,-0.0018190944101661444,0.027508091181516647,-0.1891593635082245,-0.06435323506593704,0.2869553565979004,0.11466342955827713,0.26272088289260864,0.004236068110913038,0.20169109106063843,0.40560245513916016,-1.0916944990813293,1.2927428201601587,-1.1388964323399877
0.0008812763262540102,-0.001697105006314814,-0.006959269288927317,-0.8656802177429199,0.2101200371980667,-0.1643020510673523,-0.1695861518383026,0.251611590385437,-0.004925638437271118,0.00721721863374114,0.9058409333229065,0.3034668266773224,-1.4817265261425043,1.3605557361547627,-1.042194935997232,-0.00025008845841512084,-0.0011825821129605174,-0.002547797281295061,0.11937806010246277,-0.037403881549835205,-0.021153850480914116,0.432589054107666,0.13321590423583984,0.0888911783695221,0.0028199851512908936,0.12687654793262482,0.461282342672348,-0.1562323299963868,0.7435047269136172,-1.3605677657902544,0.007337608840316534,-0.0016755042597651482,-0.008264981210231781,-0.16478018462657928,-0.2924923896789551,-0.022378019988536835,0.42199093103408813,0.27421122789382935,-0.12139114737510681,0.011178449727594852,0.3364596366882324,0.5176909565925598,-0.13527374268754067,0.3854872302205804,0.13210873226954165,-0.004218627233058214,0.0005348172271624207,-0.0019679360557347536,0.027130939066410065,-0.13937225937843323,-0.08772659301757812,0.31422367691993713,0.10023139417171478,0.28296345472335815,0.0046856822445988655,0.16690318286418915,0.4345701038837433,-1.0916944990813293,1.2927428201601587,-1.1388964323399877
0.0006081699393689632,-0.0014148640912026167,-0.007015690207481384,-0.8576737642288208,0.22966738045215607,-0.1560940444469452,-0.16124574840068817,0.17579300701618195,0.017466284334659576,0.007182730827480555,0.9015080332756042,0.23918285965919495,-1.4817265261425043,1.3605557361547627,-1.042194935997232,-0.0002598398132249713,-0.001363965100608766,-0.002794085768982768,0.09144456684589386,-0.02791128121316433,-0.026439446955919266,0.4280921220779419,0.15676547586917877,0.07423160970211029,0.0031200693920254707,0.09919774532318115,0.46189674735069275,-0.1562323299963868,0.7435047269136172,-1.3605677657902544,0.007576280273497105,-0.001627854653634131,-0.008480394259095192,-0.12057624012231827,-0.18988564610481262,-0.019096586853265762,0.42659425735473633,0.2775987684726715,-0.12461867928504944,0.011487689800560474,0.22574293613433838,0.5239976644515991,-0.13527374268754067,0.3854872302205804,0.13210873226954165,-0.0045559280551970005,0.0007137742359191179,-0.0020209040958434343,0.026233788579702377,-0.09217261523008347,-0.10522905737161636,0.3476395308971405,0.08387678116559982,0.30691108107566833,0.005034879315644503,0.14232763648033142,0.4712567925453186,-1.0916944990813293,1.2927428201601587,-1.1388964323399877
0.0003454133402556181,-0.0011594014940783381,-0.007013081572949886,-0.8474812507629395,0.25458380579948425,-0.14551913738250732,-0.152693971991539,0.09632895886898041,0.0413188561797142,0.007116659078747034,0.8967793583869934,0.18520790338516235,-1.4817265261425043,1.3605557361547627,-1.042194935997232,-0.00033142074244096875,-0.001503010862506926,-0.0029073278419673443,0.06523814052343369,-0.0189618282020092,-0.031644247472286224,0.423730731010437,0.18236619234085083,0.05874791741371155,0.0032895952463150024,0.07494614273309708,0.4650338292121887,-0.1562323299963868,0.7435047269136172,-1.3605677657902544,0.007639237213879824,-0.0016249942127615213,-0.00861615315079689,-0.07108408957719803,-0.09010922908782959,-0.018375281244516373,0.4295480251312256,0.2791500985622406,-0.1252722442150116,0.011629129759967327,0.116233691573143,0.5273797512054443,-0.13527374268754067,0.3854872302205804,0.13210873226954165,-0.004774025641381741,0.0008366860565729439,-0.001989590935409069,0.02510751038789749,-0.04985496774315834,-0.11814320832490921,0.3842238783836365,0.06690756976604462,0.33267635107040405,0.005239258985966444,0.13066644966602325,0.512618899345398,-1.0916944990813293,1.2927428201601587,-1.1388964323399877
0.00013098400086164474,-0.0009772019693627954,-0.006964831613004208,-0.8367178440093994,0.28091663122177124,-0.13426902890205383,-0.14476799964904785,0.021011583507061005,0.06423379480838776,0.007034270092844963,0.8927704691886902,0.15976621210575104,-1.4817265261425043,1.3605557361547627,-1.042194935997232,-0.00045062898425385356,-0.0015749788144603372,-0.0029046968556940556,0.041171636432409286,-0.01080093439668417,-0.03605679050087929,0.41994839906692505,0.20756226778030396,0.044012829661369324,0.0033347997814416885,0.05578400939702988,0.4705060124397278,-0.1562323299963868,0.7435047269136172,-1.3605677657902544,0.007532792165875435,-0.0016575963236391544,-0.0086613018065691,-0.01692890375852585,0.0037758001126348972,-0.020563766360282898,0.43011531233787537,0.2791701853275299,-0.12468616664409637,0.011597789824008942,0.026901913806796074,0.5277137756347656,-0.13527374268754067,0.3854872302205804,0.13210873226954165,-0.00483492249622941,0.0008846628479659557,-0.0018951580859720707,0.024018295109272003,-0.013508282601833344,-0.1281837821006775,0.42024093866348267,0.050969742238521576,0.3578541874885559,0.005267895758152008,0.13111229240894318,0.5543103814125061,-1.0916944990813293,1.2927428201601587,-1.1388964323399877
-2.559041604399681e-06,-0.0009034806862473488,-0.006889031734317541,-0.8264636993408203,0.3058794140815735,-0.1240406334400177,-0.13814827799797058,-0.04395691305398941,0.08431538939476013,0.006948024034500122,0.889938473701477,0.16770879924297333,-1.4817265261425043,1.3605557361547627,-1.042194935997232,-0.0006086587673053145,-0.0015499829314649105,-0.0028233611956238747,0.019181616604328156,-0.00347992405295372,-0.039249829947948456,0.41710418462753296,0.2304166555404663,0.03128255903720856,0.0032778470776975155,0.04382457584142685,0.477541983127594,-0.1562323299963868,0.7435047269136172,-1.3605677657902544,0.00729012954980135,-0.001689057913608849,-0.008593975566327572,0.041781067848205566,0.09100817143917084,-0.025762051343917847,0.4271210730075836,0.2777462899684906,-0.12411215156316757,0.01139540784060955,0.1034013032913208,0.5243846774101257,-0.13527374268754067,0.3854872302205804,0.13210873226954165,-0.004718661308288574,0.0008603488677181304,-0.0017544319853186607,0.023017149418592453,0.016697674989700317,-0.13721969723701477,0.45317408442497253,0.03707657754421234,0.37989458441734314,0.005107249598950148,0.14013510942459106,0.5925042629241943,-1.0960541725519048,1.293501904628667,-1.1429108838227948
-2.841651439666748e-05,-0.000952253001742065,-0.006805485114455223,-0.8174254894256592,0.3276349902153015,-0.11599725484848022,-0.13318084180355072,-0.09562575072050095,0.10067655146121979,0.0068718427792191505,0.8882480263710022,0.19239851832389832,-1.4817265261425043,1.3605557361547627,-1.042194935997232,-0.0007956726476550102,-0.0014054866041988134,-0.002703763311728835,-0.0012224996462464333,0.003061484545469284,-0.040667325258255005,0.4153723418712616,0.25001829862594604,0.021166682243347168,0.003149416297674179,0.04080071672797203,0.4852745234966278,-0.1562323299963868,0.7435047269136172,-1.3605677657902544,0.006960723549127579,-0.0016789010260254145,-0.00838921032845974,0.10402756184339523,0.17207418382167816,-0.03348279744386673,0.4189523756504059,0.2747468054294586,-0.12471859157085419,0.011029470711946487,0.20384395122528076,0.5162960886955261,-0.13527374268754067,0.3854872302205804,0.13210873226954165,-0.004427340812981129,0.0007738196873106062,-0.0015991368563845754,0.022603698074817657,0.04109129682183266,-0.14669635891914368,0.4803835153579712,0.026394441723823547,0.3989223539829254,0.004770469851791859,0.15401053428649902,0.6249831914901733,-1.0960541725519048,1.293501904628667,-1.1429108838227948
6.371294148266315e-05,-0.0011136943940073252,-0.006731437519192696,-0.8105942010879517,0.3438740372657776,-0.110504150390625,-0.1297297179698944,-0.1339012235403061,0.11331547051668167,0.006823241710662842,0.8874251842498779,0.21817362308502197,-1.4823401487398424,1.3605914399178713,-1.0440164832349714,-0.0009910444496199489,-0.001143546076491475,-0.002574371639639139,-0.02059023082256317,0.00882311537861824,-0.03960302472114563,0.4142761826515198,0.2670287489891052,0.013334974646568298,0.002986177336424589,0.04549949988722801,0.4930587410926819,-0.15459759730462355,0.7443851841767484,-1.3608766153392304,0.006599207874387503,-0.0016073916340246797,-0.008036760613322258,0.1667245775461197,0.24725040793418884,-0.04249726980924606,0.40363892912864685,0.26985254883766174,-0.1275903731584549,0.010522488504648209,0.3012239634990692,0.502020001411438,-0.13527374268754067,0.3854872302205804,0.13210873226954165,-0.004004957154393196,0.0006522969342768192,-0.0014339282643049955,0.022661782801151276,0.06042890250682831,-0.15757712721824646,0.5018751621246338,0.01866692677140236,0.4140722453594208,0.004303640685975552,0.17028141021728516,0.6509093046188354,-1.0960541725519048,1.293501904628667,-1.1429108838227948
0.00026282062754034996,-0.0013585913693532348,-0.006675451993942261,-0.8054255843162537,0.3556768298149109,-0.10855668783187866,-0.12804552912712097,-0.1598469614982605,0.12257193773984909,0.006817367859184742,0.8871307373046875,0.23868513107299805,-1.4823401487398424,1.3605914399178713,-1.0440164832349714,-0.0011652675457298756,-0.000788467179518193,-0.0024481546133756638,-0.03914910554885864,0.013846345245838165,-0.03541039675474167,0.41461411118507385,0.2802066206932068,0.0083245187997818,0.0028236482758075,0.054573528468608856,0.5004896521568298,-0.15459759730462355,0.7443851841767484,-1.3608766153392304,0.0062545244581997395,-0.0014820890501141548,-0.007557435426861048,0.22532904148101807,0.31567636132240295,-0.05125460773706436,0.37904664874076843,0.262624055147171,-0.13370443880558014,0.009921214543282986,0.3912183344364166,0.48012980818748474,-0.13527374268754067,0.3854872302205804,0.13210873226954165,-0.003519882448017597,0.0005242989864200354,-0.0012664134847000241,0.023134484887123108,0.07583729922771454,-0.16996967792510986,0.5177062749862671,0.013543438166379929,0.4253363609313965,0.0037773356307297945,0.18755316734313965,0.6701598763465881,-1.0960541725519048,1.293501904628667,-1.1429108838227948
0.0005306093953549862,-0.0016444642096757889,-0.006636819336563349,-0.8023778200149536,0.36202824115753174,-0.10980573296546936,-0.12775276601314545,-0.1757810264825821,0.12915490567684174,0.006858074106276035,0.8870918154716492,0.25278592109680176,-1.4823401487398424,1.3605914399178713,-1.0440164832349714,-0.0012903856113553047,-0.00038972828770056367,-0.0023159675765782595,-0.05733697488903999,0.018150482326745987,-0.027494998648762703,0.4156906008720398,0.2906549572944641,0.005310952663421631,0.0026796807069331408,0.06612823903560638,0.5072545409202576,-0.15459759730462355,0.7443851841767484,-1.3608766153392304,0.005955982021987438,-0.0013334131799638271,-0.007003991864621639,0.27583423256874084,0.375426322221756,-0.058634452521800995,0.3432244658470154,0.2526090443134308,-0.14385876059532166,0.009290189482271671,0.469539612531662,0.44978851079940796,-0.13527374268754067,0.3854872302205804,0.13210873226954165,-0.003043742384761572,0.000416882976423949,-0.0011062056291848421,0.0238090381026268,0.0886956974864006,-0.18275639414787292,0.5280303359031677,0.010476388037204742,0.43269485235214233,0.0032652488444000483,0.20453287661075592,0.682752251625061,-1.0960541725519048,1.293501904628667,-1.1429108838227948
0.0008192912209779024,-0.0019223709823563695,-0.006612135097384453,-0.8012313842773438,0.3636036813259125,-0.1134810745716095,-0.12855497002601624,-0.18408726155757904,0.13373900949954987,0.0069344849325716496,0.8871625065803528,0.26134389638900757,-1.4823401487398424,1.3605914399178713,-1.0440164832349714,-0.001349196769297123,1.2684613466262817e-06,-0.002159997820854187,-0.07583331316709518,0.021850811317563057,-0.015280278399586678,0.4171278476715088,0.29847341775894165,0.0038107633590698242,0.0025467476807534695,0.08038430660963058,0.512929379940033,-0.15459759730462355,0.7443851841767484,-1.3608766153392304,0.005705378949642181,-0.0012053308309987187,-0.006444021128118038,0.31586581468582153,0.42459404468536377,-0.06415686011314392,0.29494509100914,0.2395010143518448,-0.15853449702262878,0.008690775372087955,0.5330735445022583,0.411687433719635,-0.13527374268754067,0.3854872302205804,0.13210873226954165,-0.002631166484206915,0.0003460728912614286,-0.0009655837784521282,0.024352028965950012,0.10043105483055115,-0.19379201531410217,0.5327597260475159,0.008835326880216599,0.43587759137153625,0.002824031747877598,0.2196241319179535,0.6884041428565979,-1.0960541725519048,1.293501904628667,-1.1429108838227948
0.001081432681530714,-0.0021479292772710323,-0.006601788103580475,-0.8016172647476196,0.3616010248661041,-0.11804622411727905,-0.13009405136108398,-0.1870088428258896,0.1368688941001892,0.007026144303381443,0.8872882723808289,0.2657627761363983,-1.4823401487398424,1.3605914399178713,-1.0440164832349714,-0.0013394297566264868,0.00034254713682457805,-0.0019686417654156685,-0.09543581306934357,0.02511272206902504,0.0017255544662475586,0.4184047281742096,0.30330342054367065,0.0033524632453918457,0.0024056104011833668,0.098699651658535,0.5167849659919739,-0.15459759730462355,0.7443851841767484,-1.3608766153392304,0.005486974027007818,-0.0011357691837474704,-0.005937732756137848,0.34422823786735535,0.46279290318489075,-0.06751693785190582,0.23447617888450623,0.223353773355484,-0.17767620086669922,0.008164160884916782,0.5807141065597534,0.36937084794044495,-0.13527374268754067,0.3854872302205804,0.13210873226954165,-0.002312366385012865,0.0003094552084803581,-0.0008540195412933826,0.024445034563541412,0.11209248006343842,-0.20085982978343964,0.5313485860824585,0.007978539913892746,0.4342113733291626,0.0024843811988830566,0.2313157021999359,0.6862466931343079,-1.0960541725519048,1.293501904628667,-1.1429108838227948
0.001277291914448142,-0.0022954819723963737,-0.0066101280972361565,-0.8031727075576782,0.35730835795402527,-0.1215517520904541,-0.1319369673728943,-0.18644843995571136,0.13885632157325745,0.0071129812858998775,0.8874291181564331,0.26730406284332275,-1.4823401487398424,1.3605914399178713,-1.0440164832349714,-0.0012712646275758743,0.0006067086360417306,-0.001744650537148118,-0.11654321849346161,0.028053320944309235,0.023556657135486603,0.4188312590122223,0.30416691303253174,0.003513157367706299,0.002242323476821184,0.1221647560596466,0.5176383256912231,-0.15459759730462355,0.7443851841767484,-1.3608766153392304,0.005287840962409973,-0.001137827173806727,-0.005523359403014183,0.36051368713378906,0.4916737973690033,-0.06833499670028687,0.1645987331867218,0.2048584520816803,-0.2003815770149231,0.007730680052191019,0.6135005354881287,0.3304731547832489,-0.13527374268754067,0.3854872302205804,0.13210873226954165,-0.002097122836858034,0.00028963538352400064,-0.0007740897708572447,0.023920409381389618,0.12373878806829453,-0.2025277465581894,0.5226984620094299,0.007294505834579468,0.42655977606773376,0.002254113554954529,0.23853923380374908,0.6747000217437744,-1.0960541725519048,1.293501904628667,-1.1429108838227948
0.0013799809385091066,-0.0023649216163903475,-0.006640334147959948,-0.805697500705719,0.3516405522823334,-0.12211793661117554,-0.13354776799678802,-0.18388652801513672,0.13971078395843506,0.007182704284787178,0.887531578540802,0.2667739987373352,-1.4823401487398424,1.3605914399178713,-1.0440164832349714,-0.0011585706379264593,0.0007806664798408747,-0.0015066141495481133,-0.13856057822704315,0.03064383566379547,0.04926533252000809,0.41752955317497253,0.2993740141391754,0.0039327144622802734,0.0020546563901007175,0.15021701157093048,0.5137813091278076,-0.15459759730462355,0.7443851841767484,-1.3608766153392304,0.0051106601022183895,-0.00119867199100554,-0.005215662531554699,0.3653501868247986,0.5137420892715454,-0.06648287177085876,0.09111770987510681,0.18548506498336792,-0.2247505933046341,0.007399918977171183,0.6339019536972046,0.3053194582462311,-0.13527374268754067,0.3854872302205804,0.13210873226954165,-0.001983278663828969,0.0002669587847776711,-0.0007256558164954185,0.02280404418706894,0.13432720303535461,-0.19846218824386597,0.5051997303962708,0.006226561963558197,0.4113702178001404,0.002128670457750559,0.24073027074337006,0.6515297293663025,-1.0960541725519048,1.293501904628667,-1.1429108838227948
0.0013803357724100351,-0.0023746176157146692,-0.006690826267004013,-0.8091111779212952,0.34508684277534485,-0.11851164698600769,-0.1342543661594391,-0.18037749826908112,0.13909728825092316,0.007232654374092817,0.8875758051872253,0.2644018232822418,-1.4823401487398424,1.3605914399178713,-1.0440164832349714,-0.0010139711666852236,0.000861756328959018,-0.0012890363577753305,-0.15951745212078094,0.03265676647424698,0.07652479410171509,0.4134335517883301,0.2865230441093445,0.004314109683036804,0.0018526673084124923,0.17991198599338531,0.5030321478843689,-0.15459759730462355,0.7443851841767484,-1.3608766153392304,0.004971412010490894,-0.0012889780336990952,-0.00501677393913269,0.36062970757484436,0.5307531356811523,-0.06247983127832413,0.021319303661584854,0.16708718240261078,-0.24840201437473297,0.007179444655776024,0.6447141766548157,0.30012696981430054,-0.13527374268754067,0.3854872302205804,0.13210873226954165,-0.0019602030515670776,0.00023141747806221247,-0.0007116404012776911,0.021263383328914642,0.1425519585609436,-0.18942463397979736,0.4769318401813507,0.0042932480573654175,0.3868526518344879,0.0020981854759156704,0.23802286386489868,0.6141151189804077,-1.0960541725519048,1.293501904628667,-1.1429108838227948
0.001289881533011794,-0.0023489242885261774,-0.00675548892468214,-0.8132180571556091,0.3380652070045471,-0.11077210307121277,-0.13322138786315918,-0.1765926033258438,0.1363217681646347,0.0072675906121730804,0.8876272439956665,0.25983938574790955,-1.4823401487398424,1.3605914399178713,-1.0440164832349714,-0.000852882512845099,0.0008526899036951363,-0.0011350245913490653,-0.17626787722110748,0.033714037388563156,0.10171106457710266,0.40532806515693665,0.2626270353794098,0.004418030381202698,0.001656130887567997,0.20628170669078827,0.4829941391944885,-0.15459759730462355,0.7443851841767484,-1.3608766153392304,0.00488705188035965,-0.0013706379104405642,-0.004926949739456177,0.3497702181339264,0.543256402015686,-0.05766782537102699,-0.038990169763565063,0.15113568305969238,-0.26944881677627563,0.007073666900396347,0.6486850380897522,0.3113918602466583,-0.13527374268754067,0.3854872302205804,0.13210873226954165,-0.0020065666176378727,0.0001845246588345617,-0.0007346055936068296,0.01952124387025833,0.14794284105300903,-0.17710798978805542,0.43605342507362366,0.0011159628629684448,0.3513195812702179,0.0021447620820254087,0.23159319162368774,0.5599725842475891,-1.0960541725519048,1.293501904628667,-1.1429108838227948
0.0011375469621270895,-0.0023091251496225595,-0.006824564188718796,-0.8175326585769653,0.3312549591064453,-0.10040968656539917,-0.12944430112838745,-0.17288735508918762,0.13035154342651367,0.007293884642422199,0.8877902626991272,0.25226452946662903,-1.4823401487398424,1.3605914399178713,-1.0440164832349714,-0.0006961438921280205,0.0007629664032720029,-0.0010772591922432184,-0.18554569780826569,0.03347678482532501,0.12073083966970444,0.39194828271865845,0.2244173288345337,0.004056826233863831,0.0014923878479748964,0.22388353943824768,0.4516669809818268,-0.15459759730462355,0.7443851841767484,-1.3608766153392304,0.004861720837652683,-0.0014054356142878532,-0.0049401214346289635,0.33779382705688477,0.5511135458946228,-0.0541132353246212,-0.0870283842086792,0.13832135498523712,-0.2869945168495178,0.007072226144373417,0.6486594676971436,0.3302614092826843,-0.13527374268754067,0.3854872302205804,0.13210873226954165,-0.0020930301398038864,0.00013166063581593335,-0.0007869051187299192,0.017782680690288544,0.1512635052204132,-0.16371196508407593,0.38142043352127075,-0.0035361051559448242,0.30372267961502075,0.002239939523860812,0.22360339760780334,0.48758742213249207,-1.0960541725519048,1.293501904628667,-1.1429108838227948
0.0009593041613698006,-0.0022682826966047287,-0.006884763948619366,-0.8213512897491455,0.32563596963882446,-0.08962750434875488,-0.1217816025018692,-0.16937753558158875,0.11988480389118195,0.007312000263482332,0.8880821466445923,0.24060730636119843,-1.4823401487398424,1.3605914399178713,-1.0440164832349714,-0.0005624814075417817,0.0006143332575447857,-0.0011166365584358573,-0.18529477715492249,0.031866662204265594,0.1301749348640442,0.3721647262573242,0.1688840091228485,0.003094807267189026,0.0013930785935372114,0.22868132591247559,0.4087027907371521,-0.15459759730462355,0.7443851841767484,-1.3608766153392304,0.004887247923761606,-0.0013620697427541018,-0.005027079954743385,0.3303707242012024,0.5543658137321472,-0.0532076321542263,-0.12222982197999954,0.1289324164390564,-0.3009611666202545,0.007142265327274799,0.6475316882133484,0.34948721528053284,-0.13440239665619602,0.384450720023365,0.13331447344294758,-0.002192193642258644,7.66072771511972e-05,-0.0008472916088066995,0.016161035746335983,0.154234379529953,-0.15114903450012207,0.31346309185028076,-0.009676259011030197,0.24441611766815186,0.0023514856584370136,0.21655358374118805,0.39760783314704895,-1.0960541725519048,1.293501904628667,-1.1429108838227948
0.0007873878348618746,-0.0022302698343992233,-0.006919920910149813,-0.8240381479263306,0.3221927583217621,-0.08003044128417969,-0.10904710739850998,-0.16601666808128357,0.10349087417125702,0.007312960457056761,0.8883985280990601,0.22397135198116302,-1.4823401487398424,1.3605914399178713,-1.0440164832349714,-0.00045968557242304087,0.00043752469355240464,-0.0012157056480646133,-0.17534847557544708,0.02913680300116539,0.1281677484512329,0.34527817368507385,0.09411576390266418,0.0014569088816642761,0.0013713784283027053,0.21914154291152954,0.35787835717201233,-0.15459759730462355,0.7443851841767484,-1.3608766153392304,0.004921087063848972,-0.001254724687896669,-0.005152171477675438,0.33312302827835083,0.5528497099876404,-0.058712489902973175,-0.1464182436466217,0.12216499447822571,-0.31167688965797424,0.007234383374452591,0.6481210589408875,0.36538347601890564,-0.13440239665619602,0.384450720023365,0.13331447344294758,-0.0022850732784718275,2.4606648366898298e-05,-0.0008925782167352736,0.014604780822992325,0.15899689495563507,-0.1401180475950241,0.23533684015274048,-0.0170018021017313,0.1761593222618103,0.002453336725011468,0.2124297022819519,0.29445645213127136,-1.0960541725519048,1.293501904628667,-1.1429108838227948
0.0006450056098401546,-0.0021924744360148907,-0.006917760707437992,-0.825271487236023,0.3215131461620331,-0.07207483053207397,-0.09018442779779434,-0.1626705676317215,0.07984668016433716,0.007285492029041052,0.8886160850524902,0.20241154730319977,-1.4823401487398424,1.3605914399178713,-1.0440164832349714,-0.00038542458787560463,0.00026364356745034456,-0.0013176691718399525,-0.15743720531463623,0.025784123688936234,0.11492154002189636,0.3114456832408905,0.0004956908524036407,-0.0008499398827552795,0.00139796722214669,0.1966170221567154,0.31144723296165466,-0.15459759730462355,0.7443851841767484,-1.3608766153392304,0.004931784700602293,-0.0010970431612804532,-0.005258718505501747,0.3485202491283417,0.546995997428894,-0.07039913535118103,-0.16129063069820404,0.11777137219905853,-0.3195744454860687,0.007292470429092646,0.6524009704589844,0.3768455982208252,-0.13440239665619602,0.384450720023365,0.13331447344294758,-0.002358531579375267,-1.5675381291657686e-05,-0.0009146085940301418,0.012901753187179565,0.1672087013721466,-0.1296560913324356,0.15350814163684845,-0.024849850684404373,0.10462502390146255,0.002529708668589592,0.2119809091091156,0.18742641806602478,-1.0960541725519048,1.293501904628667,-1.1429108838227948
0.0005435189232230186,-0.0021509910002350807,-0.006883352994918823,-0.825058102607727,0.3236951231956482,-0.06531587243080139,-0.06454770267009735,-0.15919001400470734,0.048097722232341766,0.007232062052935362,0.8886875510215759,0.17838513851165771,-1.4823401487398424,1.3605914399178713,-1.0440164832349714,-0.0003331657499074936,0.00012167065870016813,-0.0013791228411719203,-0.13468536734580994,0.022357434034347534,0.0929674580693245,0.27224791049957275,-0.10772119462490082,-0.0037022680044174194,0.0014240024611353874,0.16517552733421326,0.292807936668396,-0.15459759730462355,0.7443851841767484,-1.3608766153392304,0.004885382950305939,-0.0009115039138123393,-0.005299510899931192,0.374114990234375,0.5366862416267395,-0.08682484924793243,-0.16903021931648254,0.1152457743883133,-0.32501840591430664,0.007265164982527494,0.659949004650116,0.38404396176338196,-0.13440239665619602,0.384450720023365,0.13331447344294758,-0.0023991852067410946,-3.6341152735985816e-05,-0.0009188902913592756,0.010822545737028122,0.17890939116477966,-0.11778180301189423,0.07606058567762375,-0.03237967565655708,0.03691033273935318,0.0025693909265100956,0.21447202563285828,0.09053192287683487,-1.0960541725519048,1.293501904628667,-1.1429108838227948
0.000481349416077137,-0.0021070465445518494,-0.00683934148401022,-0.8236740231513977,0.3284488320350647,-0.05851671099662781,-0.03230749070644379,-0.1554829329252243,0.008367328904569149,0.007172721438109875,0.8886741399765015,0.15902429819107056,-1.4823401487398424,1.3605914399178713,-1.0440164832349714,-0.0002968000480905175,3.695825580507517e-05,-0.001384406816214323,-0.11053387075662613,0.01921565644443035,0.066606305539608,0.2309715449810028,-0.2216181457042694,-0.00684526190161705,0.0014163468731567264,0.13047365844249725,0.3201707601547241,-0.15459759730462355,0.7443851841767484,-1.3608766153392304,0.004766152705997229,-0.0007133341277949512,-0.00524228997528553,0.4027864634990692,0.5221205353736877,-0.10433229804039001,-0.17168870568275452,0.11416405439376831,-0.3281017541885376,0.007120861206203699,0.6676316261291504,0.3875063955783844,-0.13440239665619602,0.384450720023365,0.13331447344294758,-0.002392627764493227,-3.162681241519749e-05,-0.0009057370480149984,0.008338198065757751,0.19207070767879486,-0.1031542420387268,0.009424200281500816,-0.03891109302639961,-0.021333802491426468,0.0025585205294191837,0.21817763149738312,0.04536540433764458,-1.0960541725519048,1.293501904628667,-1.1429108838227948
0.0004499258939176798,-0.0020662802271544933,-0.006802362389862537,-0.8216646313667297,0.33503612875938416,-0.04988306760787964,0.0050085424445569515,-0.1515892744064331,-0.03757280483841896,0.007123488001525402,0.888746440410614,0.1562565565109253,-1.4823401487398424,1.3605914399178713,-1.0440164832349714,-0.0002747763064689934,2.2755004465579987e-05,-0.001330160186626017,-0.0878530964255333,0.0164740402251482,0.0405614897608757,0.19173786044120789,-0.33000648021698,-0.009965881705284119,0.001358435139991343,0.09815698862075806,0.38179445266723633,-0.15459759730462355,0.7443851841767484,-1.3608766153392304,0.004573982208967209,-0.0005208142101764679,-0.005076280329376459,0.42682260274887085,0.504387378692627,-0.11840630322694778,-0.17100085318088531,0.11424162238836288,-0.32853013277053833,0.006852823309600353,0.6712706089019775,0.3875880241394043,-0.13440239665619602,0.384450720023365,0.13331447344294758,-0.002330149058252573,4.961344529874623e-06,-0.0008648951770737767,0.005715373903512955,0.20344312489032745,-0.0863581970334053,-0.0433318205177784,-0.04410259798169136,-0.06740237027406693,0.0024854904040694237,0.22108709812164307,0.0914645567536354,-1.0960541725519048,1.293501904628667,-1.1429108838227948
0.0004417155869305134,-0.002030369359999895,-0.006766707636415958,-0.819750189781189,0.34222522377967834,-0.03805902600288391,0.04424552619457245,-0.1477201133966446,-0.08596831560134888,0.007078548427671194,0.8891327381134033,0.17654871940612793,-1.4823401487398424,1.3605914399178713,-1.0440164832349714,-0.0002714884758461267,6.868998752906919e-05,-0.001211977330967784,-0.0687871128320694,0.014191360212862492,0.018530236557126045,0.15783284604549408,-0.4240120053291321,-0.012825801968574524,0.0012439105194061995,0.07263904809951782,0.45261669158935547,-0.15459759730462355,0.7443851841767484,-1.3608766153392304,0.0043122004717588425,-0.00036433927016332746,-0.004816105589270592,0.4408707022666931,0.48486074805259705,-0.12529399991035461,-0.16830995678901672,0.11535937339067459,-0.3255595564842224,0.006474772933870554,0.6671997308731079,0.38422006368637085,-0.13440239665619602,0.384450720023365,0.13331447344294758,-0.0022128543350845575,7.889304833952338e-05,-0.0007933733868412673,0.003518320620059967,0.2101890593767166,-0.06937457621097565,-0.08184963464736938,-0.04783650487661362,-0.10115467756986618,0.0023521033581346273,0.2213699370622635,0.13863608241081238,-1.0925362483927736,1.2932899142223429,-1.1388650556966131
0.0004529065918177366,-0.001997108105570078,-0.006718814838677645,-0.8186770677566528,0.3483874201774597,-0.02302783727645874,0.08144879341125488,-0.1441832184791565,-0.13210001587867737,0.007023961283266544,0.8900203108787537,0.21183276176452637,-1.4823401487398424,1.3605914399178713,-1.0440164832349714,-0.0002945881278719753,0.00013760942965745926,-0.00103533617220819,-0.05467453598976135,0.012479843571782112,0.0023567313328385353,0.13083648681640625,-0.4994606375694275,-0.015328794717788696,0.0010851910337805748,0.05613025650382042,0.5165404677391052,-0.15459759730462355,0.7443851841767484,-1.3608766153392304,0.003991805948317051,-0.0002718573668971658,-0.004500157665461302,0.44204264879226685,0.46533000469207764,-0.12332192063331604,-0.1645679920911789,0.11756329238414764,-0.31799522042274475,0.00602161418646574,0.6535610556602478,0.37686166167259216,-0.13440239665619602,0.384450720023365,0.13331447344294758,-0.0020520975813269615,0.00017992588982451707,-0.0006974495481699705,0.0017322571948170662,0.2108958214521408,-0.05430559813976288,-0.10771197825670242,-0.050344422459602356,-0.1236552745103836,0.0021748365834355354,0.21778233349323273,0.1715431660413742,-1.0925362483927736,1.2932899142223429,-1.1388650556966131
0.0004829487297683954,-0.0019708212930709124,-0.006657763849943876,-0.8190544843673706,0.351908802986145,-0.005897164344787598,0.11345075815916061,-0.14122922718524933,-0.1722351759672165,0.00696011446416378,0.8914734125137329,0.2499634474515915,-1.4823401487398424,1.3605914399178713,-1.0440164832349714,-0.0003483083564788103,0.00018241044017486274,-0.0008255427237600088,-0.04595854878425598,0.011502358131110668,-0.008071335032582283,0.1108141615986824,-0.5560986399650574,-0.017479345202445984,0.0009143921779468656,0.04805869981646538,0.5673015117645264,-0.15478818624852483,0.7443826719669375,-1.3609121349585807,0.003638827707618475,-0.0002459688694216311,-0.004178366623818874,0.43068572878837585,0.44891777634620667,-0.11385058611631393,-0.16038265824317932,0.12104033678770065,-0.3042670786380768,0.005546198226511478,0.6324391961097717,0.36462557315826416,-0.13440239665619602,0.384450720023365,0.13331447344294758,-0.001858660252764821,0.00028467277297750115,-0.000604481843765825,0.0006312527693808079,0.2058027982711792,-0.04209842532873154,-0.12314071506261826,-0.051805585622787476,-0.13697434961795807,0.0019751088693737984,0.21006539463996887,0.19133590161800385,-1.0925362483927736,1.2932899142223429,-1.1388650556966131
0.0005314680747687817,-0.001966271549463272,-0.0065970225259661674,-0.8210192322731018,0.35216543078422546,0.012054264545440674,0.1387009620666504,-0.1389693170785904,-0.20464113354682922,0.006904302164912224,0.8934418559074402,0.28359904885292053,-1.4823401487398424,1.3605914399178713,-1.0440164832349714,-0.0004243896692059934,0.00017390749417245388,-0.0006189296254888177,-0.042664311826229095,0.011503888294100761,-0.014314502477645874,0.09725015610456467,-0.5959213972091675,-0.01938605308532715,0.0007703403825871646,0.04644876718521118,0.6041156053543091,-0.15478818624852483,0.7443826719669375,-1.3609121349585807,0.003286221530288458,-0.0002633632393553853,-0.0038950182497501373,0.41088807582855225,0.43951883912086487,-0.10055013000965118,-0.15609008073806763,0.1260697841644287,-0.28260645270347595,0.005102918483316898,0.6100132465362549,0.34658926725387573,-0.13440239665619602,0.384450720023365,0.13331447344294758,-0.0016466672532260418,0.0003642741357907653,-0.000542715541087091,0.00017185392789542675,0.19664786756038666,-0.03329453989863396,-0.1306995302438736,-0.052476853132247925,-0.1433878093957901,0.00177165144123137,0.19944658875465393,0.20098818838596344,-1.0925362483927736,1.2932899142223429,-1.1388650556966131
0.0005906140431761742,-0.00199838075786829,-0.006554596126079559,-0.8241094350814819,0.3498644530773163,0.030005335807800293,0.15694615244865417,-0.13737992942333221,-0.22929036617279053,0.0068778689019382,0.8958023190498352,0.3099667727947235,-1.4837239876301513,1.360601152375071,-1.0455763912427911,-0.0005028214654885232,0.00011422345414757729,-0.0004537893400993198,-0.044898100197315216,0.012860259041190147,-0.01842176541686058,0.08894295245409012,-0.6220748424530029,-0.021132320165634155,0.0006868778727948666,0.050205446779727936,0.6287563443183899,-0.15478818624852483,0.7443826719669375,-1.3609121349585807,0.002968095475807786,-0.0002933701907750219,-0.003674969542771578,0.3878200650215149,0.440518856048584,-0.08720553666353226,-0.1518397331237793,0.13294674456119537,-0.25135523080825806,0.004732975736260414,0.5933515429496765,0.3223501145839691,-0.13440239665619602,0.384450720023365,0.13331447344294758,-0.0014366155955940485,0.00040333776269108057,-0.0005325813544914126,0.00024718360509723425,0.18666422367095947,-0.028676467016339302,-0.13288381695747375,-0.052621323615312576,-0.14513231813907623,0.0015843574656173587,0.18885426223278046,0.20369218289852142,-1.0925362483927736,1.2932899142223429,-1.1388650556966131
0.0006491292733699083,-0.0020651351660490036,-0.006542283575981855,-0.8274322748184204,0.3466068506240845,0.0458674430847168,0.16891217231750488,-0.1364203542470932,-0.24698595702648163,0.006891126744449139,0.898267388343811,0.3288523852825165,-1.4837239876301513,1.360601152375071,-1.0455763912427911,-0.0005647593643516302,2.9906484996899962e-05,-0.00036499265115708113,-0.05258077383041382,0.015850704163312912,-0.022256935015320778,0.08464959263801575,-0.6378952264785767,-0.02278837561607361,0.0006731026223860681,0.05925667658448219,0.6438906788825989,-0.15478818624852483,0.7443826719669375,-1.3609121349585807,0.0027205003425478935,-0.0003082725452259183,-0.0035131878685206175,0.365477055311203,0.45385223627090454,-0.07647377252578735,-0.1476837545633316,0.1418725997209549,-0.2094416320323944,0.004454059526324272,0.587710440158844,0.2929233908653259,-0.13440239665619602,0.384450720023365,0.13331447344294758,-0.001254454953595996,0.0004074699536431581,-0.0005797684425488114,0.0007345059420913458,0.17956866323947906,-0.029144739732146263,-0.13193435966968536,-0.05249136686325073,-0.14424607157707214,0.0014407708076760173,0.18191993236541748,0.2024078667163849,-1.0925362483927736,1.2932899142223429,-1.1388650556966131
0.0006839751731604338,-0.002140524797141552,-0.00656189676374197,-0.8302761316299438,0.34334856271743774,0.057585567235946655,0.17559999227523804,-0.13596497476100922,-0.25910836458206177,0.006936004385352135,0.900312602519989,0.3412608504295349,-1.4837239876301513,1.360601152375071,-1.0455763912427911,-0.0005998283158987761,-4.101645026821643e-05,-0.0003707816358655691,-0.06480473279953003,0.020440541207790375,-0.02731737121939659,0.08319132775068283,-0.6463431119918823,-0.02436065673828125,0.0007063677185215056,0.0732373371720314,0.6521300673484802,-0.15478818624852483,0.7443826719669375,-1.3609121349585807,0.0025708009488880634,-0.0002844595874194056,-0.0033747167326509953,0.3475043475627899,0.4787253439426422,-0.07008770108222961,-0.14366638660430908,0.15280739963054657,-0.15705299377441406,0.0042518991976976395,0.5956924557685852,0.262022465467453,-0.13440239665619602,0.384450720023365,0.13331447344294758,-0.0011234628036618233,0.00039734627353027463,-0.0006752432673238218,0.0014974833466112614,0.17782071232795715,-0.03481873869895935,-0.12976732850074768,-0.0523228645324707,-0.14251013100147247,0.0013696737587451935,0.1812037229537964,0.1997157484292984,-1.0925362483927736,1.2932899142223429,-1.1388650556966131
0.0006742444820702076,-0.0021862585563212633,-0.006607447750866413,-0.8319329023361206,0.341168612241745,0.06329959630966187,0.17821888625621796,-0.1358901858329773,-0.2670491635799408,0.006992331240326166,0.9013962745666504,0.3486306965351105,-1.4837239876301513,1.360601152375071,-1.0455763912427911,-0.0006037931889295578,-6.502302130684257e-05,-0.000464483629912138,-0.07970622181892395,0.026171188801527023,-0.03429892659187317,0.08355692028999329,-0.6496367454528809,-0.02575691044330597,0.0007645516307093203,0.09063348919153214,0.6554945707321167,-0.15478818624852483,0.7443826719669375,-1.3609121349585807,0.002524998039007187,-0.0002092201029881835,-0.003214689902961254,0.33740895986557007,0.5113736391067505,-0.06897392123937607,-0.13991127908229828,0.165281280875206,-0.09652040153741837,0.004093118477612734,0.61652672290802,0.23708491027355194,-0.13440239665619602,0.384450720023365,0.13331447344294758,-0.001057271845638752,0.0003942333860322833,-0.0007976244669407606,0.0023582540452480316,0.18182964622974396,-0.04437671974301338,-0.1279742419719696,-0.05233552306890488,-0.14144842326641083,0.0013818279840052128,0.18718139827251434,0.19779805839061737,-1.0925362483927736,1.2932899142223429,-1.1388650556966131
0.0006053217221051455,-0.0021723557729274035,-0.00666830176487565,-0.8316875696182251,0.3416346311569214,0.06301864981651306,0.1779858022928238,-0.136069655418396,-0.2719820439815521,0.007039303425699472,0.9013266563415527,0.35237497091293335,-1.4837239876301513,1.360601152375071,-1.0455763912427911,-0.000578292878344655,-2.9929447919130325e-05,-0.000623623258434236,-0.09502185881137848,0.0322430282831192,-0.042554400861263275,0.08494419604539871,-0.6490504145622253,-0.02675357460975647,0.0008510137558914721,0.1089937761425972,0.6551318168640137,-0.15478818624852483,0.7443826719669375,-1.3609121349585807,0.002570253098383546,-8.490137406624854e-05,-0.0030066771432757378,0.3365880250930786,0.5470229983329773,-0.07297693938016891,-0.13666892051696777,0.1782982349395752,-0.032767802476882935,0.00395645247772336,0.6464141607284546,0.2270294725894928,-0.13440239665619602,0.384450720023365,0.13331447344294758,-0.0010586800053715706,0.0004070081631653011,-0.0009144845535047352,0.0030839433893561363,0.1905726045370102,-0.055265456438064575,-0.12785083055496216,-0.05273405462503433,-0.14234842360019684,0.0014569630147889256,0.19844824075698853,0.19846861064434052,-1.0925362483927736,1.2932899142223429,-1.1388650556966131
0.00047496892511844635,-0.0020901754032820463,-0.006730722263455391,-0.8290322422981262,0.3463483452796936,0.05868050456047058,0.17605698108673096,-0.1363774836063385,-0.2746824622154236,0.007063784636557102,0.9003860950469971,0.35361748933792114,-1.4837239876301513,1.360601152375071,-1.0455763912427911,-0.0005351549480110407,5.289225373417139e-05,-0.0008183356840163469,-0.10886063426733017,0.03778969496488571,-0.050324469804763794,0.08676081895828247,-0.6448308825492859,-0.026969000697135925,0.000979214790277183,0.12574279308319092,0.6512001156806946,-0.15478818624852483,0.7443826719669375,-1.3609121349585807,0.0026795126032084227,7.804870256222785e-05,-0.0027546456549316645,0.34325090050697327,0.5817316770553589,-0.08096063137054443,-0.1342477947473526,0.19060200452804565,0.02799966186285019,0.003843689803034067,0.6802849173545837,0.23480965197086334,-0.13440239665619602,0.384450720023365,0.13331447344294758,-0.0011198542779311538,0.0004298778367228806,-0.0009890053188428283,0.003428220748901367,0.20243732631206512,-0.0645042210817337,-0.13042137026786804,-0.053705766797065735,-0.14626982808113098,0.001554670394398272,0.21249334514141083,0.203196719288826,-1.0925362483927736,1.2932899142223429,-1.1388650556966131
0.00029790541157126427,-0.0019543704111129045,-0.006784452125430107,-0.8240635395050049,0.35575875639915466,0.05289202928543091,0.17352056503295898,-0.13668538630008698,-0.2754150629043579,0.007066618651151657,0.8991343379020691,0.3530520498752594,-1.4837239876301513,1.360601152375071,-1.0455763912427911,-0.0004952511517331004,0.00016550408327020705,-0.0010076392209157348,-0.12019501626491547,0.04217201843857765,-0.05562281981110573,0.08860119432210922,-0.6362071633338928,-0.025846198201179504,0.0011349017731845379,0.13899359107017517,0.6428667902946472,-0.15478818624852483,0.7443826719669375,-1.3609121349585807,0.0028086132369935513,0.0002673146082088351,-0.002477469388395548,0.353331983089447,0.6122252941131592,-0.09113715589046478,-0.13286113739013672,0.20119349658489227,0.08082208037376404,0.003754679812118411,0.7127196192741394,0.2542894184589386,-0.13440239665619602,0.384450720023365,0.13331447344294758,-0.0012207450345158577,0.0004498338093981147,-0.000996119691990316,0.003238910809159279,0.21548251807689667,-0.0697527602314949,-0.13643039762973785,-0.055410146713256836,-0.1540144681930542,0.0016385430935770273,0.22651413083076477,0.21308213472366333,-1.0925362483927736,1.2932899142223429,-1.1388650556966131
0.00010238704271614552,-0.001797057455405593,-0.006828596815466881,-0.817680835723877,0.3683816194534302,0.04756730794906616,0.17142589390277863,-0.13685783743858337,-0.2738736867904663,0.0070618437603116035,0.8980922102928162,0.3508898615837097,-1.4837239876301513,1.360601152375071,-1.0455763912427911,-0.00047763559268787503,0.00029920003726147115,-0.0011438282672315836,-0.12884673476219177,0.045079272240400314,-0.056891631335020065,0.090212382376194,-0.6214882135391235,-0.022653907537460327,0.0012751469621434808,0.1478860229253769,0.6284099817276001,-0.15478818624852483,0.7443826719669375,-1.3609121349585807,0.0029041131492704153,0.0004679434932768345,-0.00218414468690753,0.36189746856689453,0.6351011991500854,-0.1010710671544075,-0.13253040611743927,0.20960043370723724,0.1232917308807373,0.0036637866869568825,0.7379286289215088,0.2769431471824646,-0.13440239665619602,0.384450720023365,0.13331447344294758,-0.001329651102423668,0.00045509362826123834,-0.0009346380247734487,0.002562170848250389,0.22736217081546783,-0.07017186284065247,-0.14628052711486816,-0.05795663595199585,-0.1660347431898117,0.00168778863735497,0.2379584163427353,0.2287454903125763,-1.0925362483927736,1.2932899142223429,-1.1388650556966131
-7.917825132608414e-05,-0.0016562825767323375,-0.006868315860629082,-0.8112971782684326,0.38131850957870483,0.0434747040271759,0.17082613706588745,-0.13674674928188324,-0.2691691219806671,0.00706564262509346,0.8974948525428772,0.3468908369541168,-1.4837239876301513,1.360601152375071,-1.0455763912427911,-0.00048793843598105013,0.00045122572919353843,-0.0011947068851441145,-0.134905606508255,0.04636920243501663,-0.05312124267220497,0.09145769476890564,-0.5982633233070374,-0.016518622636795044,0.001367118558846414,0.15222184360027313,0.6054390072822571,-0.15478818624852483,0.7443826719669375,-1.3609121349585807,0.002934807911515236,0.0006674508331343532,-0.0018581756157800555,0.36486148834228516,0.6474646329879761,-0.10424354672431946,-0.13370633125305176,0.21523962914943695,0.1553175449371338,0.0035371463745832443,0.7504672408103943,0.2972019910812378,-0.1327185606156864,0.3810312938418166,0.13756392505723725,-0.0014126590685918927,0.0004380106693133712,-0.0008238945156335831,0.0016390401870012283,0.23560146987438202,-0.06653930246829987,-0.1599009484052658,-0.06136738136410713,-0.1822650283575058,0.0016930035781115294,0.24482282996177673,0.25010958313941956,-1.0925362483927736,1.2932899142223429,-1.1388650556966131
-0.00021755509078502655,-0.0015637051546946168,-0.006909167394042015,-0.8061789274215698,0.3917831778526306,0.04055926203727722,0.17281147837638855,-0.13618968427181244,-0.259871244430542,0.007087248843163252,0.8972533345222473,0.3405062258243561,-1.4837239876301513,1.360601152375071,-1.0455763912427911,-0.0005157871637493372,0.0006103886407800019,-0.001161379856057465,-0.13815182447433472,0.045912522822618484,-0.04399117827415466,0.09228416532278061,-0.5637385845184326,-0.006501093506813049,0.0014097566017881036,0.15208257734775543,0.5712791085243225,-0.15478818624852483,0.7443826719669375,-1.3609121349585807,0.0028792060911655426,0.000830155739095062,-0.0015332603361457586,0.3589324355125427,0.6464367508888245,-0.10594446957111359,-0.1348508894443512,0.21935784816741943,0.17735277116298676,0.003365987678989768,0.7469519376754761,0.3126605749130249,-0.1327185606156864,0.3810312938418166,0.13756392505723725,-0.0014477092772722244,0.00039481878047809005,-0.0006931357784196734,0.0007735155522823334,0.23860274255275726,-0.06064020097255707,-0.17653976380825043,-0.06552311033010483,-0.2018679827451706,0.0016529310960322618,0.2461891621351242,0.2760620415210724,-1.0925362483927736,1.2932899142223429,-1.1388650556966131
-0.00029051327146589756,-0.00153763173148036,-0.006955684162676334,-0.8028900027275085,0.3983880877494812,0.03821173310279846,0.17851026356220245,-0.13501358032226562,-0.24412351846694946,0.0071295336820185184,0.8971095681190491,0.331196129322052,-1.4837239876301513,1.360601152375071,-1.0455763912427911,-0.000542301801033318,0.000751777202822268,-0.0010751965455710888,-0.13817289471626282,0.043707020580768585,-0.030356165021657944,0.09269671887159348,-0.5152583718299866,0.00826406478881836,0.0014196154661476612,0.14806602895259857,0.5235954523086548,-0.15478818624852483,0.7443826719669375,-1.3609121349585807,0.0027691442519426346,0.0009491671808063984,-0.0012236471520736814,0.34471815824508667,0.6325317621231079,-0.10265406966209412,-0.13590699434280396,0.2218639850616455,0.19100788235664368,0.0031727575697004795,0.7276433706283569,0.3227666914463043,-0.1327185606156864,0.3810312938418166,0.13756392505723725,-0.0014282590709626675,0.00032580600236542523,-0.0005731760757043958,0.00015681050717830658,0.23673895001411438,-0.05432455986738205,-0.1946696639060974,-0.07013571262359619,-0.22311554849147797,0.0015730876475572586,0.24289198219776154,0.3042956590652466,-1.0925362483927736,1.2932899142223429,-1.1388650556966131
-0.00028435769490897655,-0.001581419724971056,-0.007011251524090767,-0.8012224435806274,0.4013117253780365,0.03534269332885742,0.18903493881225586,-0.13304859399795532,-0.21985942125320435,0.007193009834736586,0.8968040943145752,0.3190208375453949,-1.4837239876301513,1.360601152375071,-1.0455763912427911,-0.0005525883752852678,0.0008474484784528613,-0.0009810675401240587,-0.13467606902122498,0.040013983845710754,-0.01449836976826191,0.09274063259363174,-0.4510638117790222,0.028346985578536987,0.0014092609053477645,0.14124080538749695,0.46137070655822754,-0.15478818624852483,0.7443826719669375,-1.3609121349585807,0.0026393162552267313,0.0010263811564072967,-0.0009668896091170609,0.3257391154766083,0.6084131598472595,-0.09650237113237381,-0.1361001878976822,0.22314000129699707,0.19772771000862122,0.0029923778492957354,0.696839451789856,0.32773613929748535,-0.1327185606156864,0.3810312938418166,0.13756392505723725,-0.001354146166704595,0.00023455383779946715,-0.0004904312081634998,-0.0002103671431541443,0.232541024684906,-0.04893433675169945,-0.21239516139030457,-0.0748371034860611,-0.24385438859462738,0.0014591950457543135,0.23763404786586761,0.33192959427833557,-1.0925362483927736,1.2932899142223429,-1.1388650556966131
-0.00019548507407307625,-0.0016840759199112654,-0.00707712909206748,-0.8005173206329346,0.40174078941345215,0.030940383672714233,0.2053498774766922,-0.1301547884941101,-0.18515761196613312,0.007277368102222681,0.8962036371231079,0.3056013286113739,-1.4837239876301513,1.360601152375071,-1.0455763912427911,-0.0005446523427963257,0.0008829543367028236,-0.0009188426192849874,-0.12754976749420166,0.03529224544763565,0.00039694271981716156,0.09249237179756165,-0.3713369369506836,0.0537041574716568,0.0013858305756002665,0.13234290480613708,0.3864325284957886,-0.15478818624852483,0.7443826719669375,-1.3609121349585807,0.0025186222046613693,0.0010833790292963386,-0.0007913958397693932,0.3080023229122162,0.5787084102630615,-0.09026111662387848,-0.13442759215831757,0.22354502975940704,0.19869016110897064,0.0028536776080727577,0.6617521643638611,0.3279038667678833,-0.1327185606156864,0.3810312938418166,0.13756392505723725,-0.0012248470447957516,0.00012760673416778445,-0.0004609198949765414,-0.00045751407742500305,0.22981210052967072,-0.04535723105072975,-0.22820396721363068,-0.07934620976448059,-0.262372225522995,0.0013149072183296084,0.23424577713012695,0.35666799545288086,-1.0925362483927736,1.2932899142223429,-1.1388650556966131
-3.463239409029484e-05,-0.0018218682380393147,-0.007150817662477493,-0.7999598979949951,0.4014453887939453,0.024954110383987427,0.22803840041160583,-0.1262650340795517,-0.13877561688423157,0.007379335816949606,0.8953864574432373,0.295301616191864,-1.4837239876301513,1.360601152375071,-1.0455763912427911,-0.00052646518452093,0.0008659036830067635,-0.0009080754825845361,-0.11720703542232513,0.030126191675662994,0.011343130841851234,0.09205777943134308,-0.27955755591392517,0.0832541286945343,0.001360718859359622,0.12154728919267654,0.3058730363845825,-0.15478818624852483,0.7443826719669375,-1.3609121349585807,0.002421559765934944,0.001152055338025093,-0.0007002018392086029,0.2980535328388214,0.5486347675323486,-0.08598561584949493,-0.12966452538967133,0.22338458895683289,0.19465169310569763,0.0027715456672012806,0.6302614808082581,0.3234236240386963,-0.1327185606156864,0.3810312938418166,0.13756392505723725,-0.0010433224961161613,1.6903730283956975e-05,-0.00048403695109300315,-0.0007631033658981323,0.2322898954153061,-0.044022951275110245,-0.24135129153728485,-0.08354628831148148,-0.27783912420272827,0.0011502605630084872,0.23642587661743164,0.37739238142967224,-1.0925362483927736,1.2932899142223429,-1.1388650556966131
0.00017205532640218735,-0.0019610163290053606,-0.007223702967166901,-0.7987051010131836,0.40252041816711426,0.018352240324020386,0.25695139169692993,-0.12144707143306732,-0.08089704811573029,0.007487127091735601,0.8945889472961426,0.29549574851989746,-1.4837239876301513,1.360601152375071,-1.0455763912427911,-0.0005050686886534095,0.0008203494362533092,-0.0009404613520018756,-0.10521779954433441,0.025242246687412262,0.016665322706103325,0.0915694460272789,-0.18318329751491547,0.11466286331415176,0.001346304314211011,0.10947917401790619,0.2347097247838974,-0.15478818624852483,0.7443826719669375,-1.3609121349585807,0.002346601104363799,0.0012553319102153182,-0.0006680689984932542,0.3004082143306732,0.522613525390625,-0.08443361520767212,-0.1204129010438919,0.22289885580539703,0.1859188824892044,0.002743849763646722,0.6086863279342651,0.31424352526664734,-0.1327185606156864,0.3810312938418166,0.13756392505723725,-0.0008225083583965898,-7.654959335923195e-05,-0.0005409251898527145,-0.0010327748022973537,0.24257738888263702,-0.044667672365903854,-0.25141292810440063,-0.0871722400188446,-0.29048362374305725,0.000987410661764443,0.24665777385234833,0.393939346075058,-1.0891361683348273,1.2927762634151014,-1.134381686818742
0.00038956524804234505,-0.002062672283500433,-0.007279155310243368,-0.7959809303283691,0.4069201350212097,0.012178480625152588,0.2907288074493408,-0.11598513275384903,-0.014111414551734924,0.007575782481580973,0.8940458297729492,0.3133287727832794,-1.4837239876301513,1.360601152375071,-1.0455763912427911,-0.0004824874922633171,0.000772282131947577,-0.0009847007459029555,-0.09435233473777771,0.02143259346485138,0.01658211089670658,0.09116759151220322,-0.09163524955511093,0.1449858844280243,0.0013412119587883353,0.09816662222146988,0.1942407190799713,-0.15478818624852483,0.7443826719669375,-1.3609121349585807,0.002278954489156604,0.001391932601109147,-0.0006552875856868923,0.31548890471458435,0.5040361881256104,-0.08517526090145111,-0.10521663725376129,0.2222633808851242,0.172430619597435,0.0027496383991092443,0.6007000803947449,0.30033960938453674,-0.1327185606156864,0.3810312938418166,0.13756392505723725,-0.000590999610722065,-0.00012752578186336905,-0.0005926486337557435,-0.0019579385407269,0.2615320682525635,-0.04650130867958069,-0.25922277569770813,-0.09076116979122162,-0.29990261793136597,0.0008466260624118149,0.2656411826610565,0.40666401386260986,-1.0891361683348273,1.2927762634151014,-1.134381686818742
0.0005816002376377583,-0.002091288100928068,-0.007295392453670502,-0.7912411093711853,0.41591066122055054,0.006712734699249268,0.326558381319046,-0.11041654646396637,0.05609495937824249,0.007611471228301525,0.8939179182052612,0.34925466775894165,-1.4837239876301513,1.360601152375071,-1.0455763912427911,-0.0004638934915419668,0.0007367376238107681,-0.0009999745525419712,-0.08754121512174606,0.019282719120383263,0.012960384599864483,0.09096826612949371,-0.01242036372423172,0.17189890146255493,0.0013258690014481544,0.09057184308767319,0.19488130509853363,-0.15478818624852483,0.7443826719669375,-1.3609121349585807,0.002193602966144681,0.0015401961281895638,-0.000625323154963553,0.33918026089668274,0.49589741230010986,-0.08698564767837524,-0.08277298510074615,0.22159764170646667,0.1539435088634491,0.002752294996753335,0.6070618033409119,0.28223302960395813,-0.1327185606156864,0.3810312938418166,0.13756392505723725,-0.00038395810406655073,-0.00011074681970058009,-0.0005951668717898428,-0.003331464249640703,0.28799429535865784,-0.04836098849773407,-0.26484644412994385,-0.09402544796466827,-0.30682528018951416,0.0007168767624534667,0.292045533657074,0.416084349155426,-1.0891361683348273,1.2927762634151014,-1.134381686818742
0.0007151155732572079,-0.002025202615186572,-0.0072552720084786415,-0.7843994498252869,0.4295891225337982,0.001592785120010376,0.3609151840209961,-0.10539302229881287,0.12280762940645218,0.007566492538899183,0.8943331837654114,0.3955365717411041,-1.4837239876301513,1.360601152375071,-1.0455763912427911,-0.0004666432796511799,0.0007149336161091924,-0.0009479604195803404,-0.08659197390079498,0.018929533660411835,0.008439753204584122,0.09104358404874802,0.0508887842297554,0.19432327151298523,0.0012757409131154418,0.08903777599334717,0.22054509818553925,-0.15478818624852483,0.7443826719669375,-1.3609121349585807,0.0020557178650051355,0.0016768751665949821,-0.0005521838320419192,0.36436188220977783,0.5007319450378418,-0.0884341448545456,-0.05226772651076317,0.22097714245319366,0.13031995296478271,0.002709758933633566,0.6255499124526978,0.26181310415267944,-0.1327185606156864,0.3810312938418166,0.13756392505723725,-0.0002314669982297346,-1.8362767150392756e-05,-0.0005092935170978308,-0.0050793797709047794,0.3186885118484497,-0.04919574409723282,-0.2686012089252472,-0.09679504483938217,-0.3115735948085785,0.0005597267299890518,0.32250332832336426,0.4226038157939911,-1.0891361683348273,1.2927762634151014,-1.134381686818742
0.0007641615811735392,-0.0018680717330425978,-0.007156997453421354,-0.776081383228302,0.4465574622154236,-0.0032978057861328125,0.39097723364830017,-0.10141841322183609,0.1805078089237213,0.007436144631356001,0.8953919410705566,0.44241607189178467,-1.4837239876301513,1.360601152375071,-1.0455763912427911,-0.0005157051491551101,0.0007019936456345022,-0.0008013269398361444,-0.09180447459220886,0.020115813240408897,0.005439704284071922,0.0913303792476654,0.097985178232193,0.21221661567687988,0.0011835842160508037,0.09413977712392807,0.25095462799072266,-0.15480118612241367,0.7439440968034216,-1.360851273322618,0.0018242781516164541,0.0017914151540026069,-0.0004198658571112901,0.3837081491947174,0.5193647146224976,-0.08874496817588806,-0.013858761638402939,0.22044676542282104,0.10192066431045532,0.002591031836345792,0.6518031358718872,0.24326254427433014,-0.1327185606156864,0.3810312938418166,0.13756392505723725,-0.00014575800742022693,0.00013433361891657114,-0.0003234664036426693,-0.006980316247791052,0.34862104058265686,-0.048331309109926224,-0.27064067125320435,-0.09869924187660217,-0.3142416477203369,0.00037936976877972484,0.35202452540397644,0.42630472779273987,-1.0891361683348273,1.2927762634151014,-1.134381686818742
0.0007158028893172741,-0.0016551552107557654,-0.007019193843007088,-0.7676346302032471,0.46405085921287537,-0.007226407527923584,0.4153529107570648,-0.09870098531246185,0.22654315829277039,0.007247136905789375,0.8970274925231934,0.4833029508590698,-1.4837239876301513,1.360601152375071,-1.0455763912427911,-0.0006256267079152167,0.0006953566335141659,-0.0005520657286979258,-0.1023760512471199,0.022395115345716476,0.0058111464604735374,0.09197648614645004,0.1304912269115448,0.2259470373392105,0.0010861428454518318,0.1049579307436943,0.2766580879688263,-0.15480118612241367,0.7439440968034216,-1.360851273322618,0.001466714427806437,0.0018833939684554935,-0.00022109568817541003,0.39189577102661133,0.5496405363082886,-0.08839786052703857,0.03068014606833458,0.22003333270549774,0.07010076195001602,0.0023973542265594006,0.6808091998100281,0.2329593449831009,-0.1327185606156864,0.3810312938418166,0.13756392505723725,-0.00011942890705540776,0.00031278058304451406,-6.61023732391186e-05,-0.00873145554214716,0.3722214698791504,-0.04549315571784973,-0.2708733081817627,-0.09911186993122101,-0.3145945370197296,0.00034126892569474876,0.37509289383888245,0.4268082082271576,-1.0891361683348273,1.2927762634151014,-1.134381686818742
0.0005730495322495699,-0.0014440364902839065,-0.0068773929961025715,-0.7605246305465698,0.4789506196975708,-0.009072959423065186,0.43384629487991333,-0.09738269448280334,0.2605117857456207,0.007050685118883848,0.8988179564476013,0.5153371691703796,-1.4856872612588472,1.3605831561125714,-1.0470630417094733,-0.000776774191763252,0.0006955545395612717,-0.0002220390597358346,-0.11691220104694366,0.02531970478594303,0.010685060173273087,0.09281811118125916,0.1509442925453186,0.2361399531364441,0.0010660560801625252,0.1200987920165062,0.2952311933040619,-0.15480118612241367,0.7439440968034216,-1.360851273322618,0.0009814627701416612,0.0019510425627231598,4.294615791877732e-05,0.38583552837371826,0.5864934325218201,-0.08889785408973694,0.07763853669166565,0.2197554111480713,0.03747370094060898,0.002184417797252536,0.7076343894004822,0.23606029152870178,-0.1327185606156864,0.3810312938418166,0.13756392505723725,-0.00013076557661406696,0.00047270371578633785,0.00020230410154908895,-0.01002856157720089,0.38505345582962036,-0.04100165516138077,-0.26892098784446716,-0.09711779654026031,-0.31201431155204773,0.0005305425729602575,0.3873601257801056,0.4232059717178345,-1.0891361683348273,1.2927762634151014,-1.134381686818742
0.00036461465060710907,-0.0012888552155345678,-0.006768898572772741,-0.7566431760787964,0.487294465303421,-0.00962856411933899,0.446828693151474,-0.0967646986246109,0.2838037312030792,0.006900150794535875,0.9000319242477417,0.5381113886833191,-1.4856872612588472,1.3605831561125714,-1.0470630417094733,-0.0009157541207969189,0.0007014069706201553,0.00013874834985472262,-0.1334937959909439,0.02843916416168213,0.020766567438840866,0.0937047153711319,0.1620829850435257,0.2432272881269455,0.001161821186542511,0.13806024193763733,0.3069380819797516,-0.15480118612241367,0.7439440968034216,-1.360851273322618,0.0004115506599191576,0.0019866458605974913,0.00035994467907585204,0.36397266387939453,0.6235785484313965,-0.09184695780277252,0.12235845625400543,0.21962672472000122,0.007266556844115257,0.0020605085883289576,0.7278476357460022,0.2515159845352173,-0.1327185606156864,0.3810312938418166,0.13756392505723725,-0.0001530259905848652,0.0005713363061659038,0.0004153334302827716,-0.01059960201382637,0.3849630057811737,-0.03607482463121414,-0.2641172707080841,-0.0915137231349945,-0.305498868227005,0.0007227337337099016,0.3867948651313782,0.4140799939632416,-1.0891361683348273,1.2927762634151014,-1.134381686818742
0.00012157205492258072,-0.0012263011885806918,-0.00671533215790987,-0.7562514543533325,0.48788976669311523,-0.010663241147994995,0.4550021290779114,-0.09658133238554001,0.2981060743331909,0.006827465258538723,0.9000369310379028,0.5524691343307495,-1.4856872612588472,1.3605831561125714,-1.0470630417094733,-0.00097937835380435,0.0007074304157868028,0.0004695916431955993,-0.14920803904533386,0.03123643808066845,0.035909201949834824,0.09439996629953384,0.16638509929180145,0.24726614356040955,0.0012962083565071225,0.15661488473415375,0.3126274049282074,-0.15480118612241367,0.7439440968034216,-1.360851273322618,-0.00016741288709454238,0.0019799754954874516,0.0007058741175569594,0.3265630602836609,0.6551345586776733,-0.09792263805866241,0.16112877428531647,0.21965451538562775,-0.01795933209359646,0.002108693355694413,0.738534688949585,0.2730075418949127,-0.1327185606156864,0.3810312938418166,0.13756392505723725,-0.00016344718460459262,0.0005787010886706412,0.0005307667888700962,-0.010257549583911896,0.37183091044425964,-0.03224984556436539,-0.2555563747882843,-0.08086317777633667,-0.2937273681163788,0.0008020743844099343,0.3733677566051483,0.3976476788520813,-1.0891361683348273,1.2927762634151014,-1.134381686818742
-0.00011179153807461262,-0.00126830383669585,-0.006713641807436943,-0.7588222026824951,0.48134297132492065,-0.014341115951538086,0.4590238928794861,-0.09620100259780884,0.30539199709892273,0.006833306513726711,0.898725688457489,0.5596622824668884,-1.4856872612588472,1.3605831561125714,-1.0470630417094733,-0.0009273868054151535,0.0007079241331666708,0.0007241303683258593,-0.1600208282470703,0.033182356506586075,0.054558295756578445,0.0945655107498169,0.16580575704574585,0.24778836965560913,0.0013731596991419792,0.17229144275188446,0.3127830922603607,-0.15480118612241367,0.7439440968034216,-1.360851273322618,-0.0006780491676181555,0.001922123832628131,0.0010538813658058643,0.2767026126384735,0.6764294505119324,-0.10643734037876129,0.19217056035995483,0.2198370397090912,-0.036986708641052246,0.0022945536766201258,0.7385459542274475,0.2943227291107178,-0.1327185606156864,0.3810312938418166,0.13756392505723725,-0.00014713105338159949,0.0004847484524361789,0.0005457313964143395,-0.008989866822957993,0.3470304012298584,-0.030339514836668968,-0.24220407009124756,-0.06363029778003693,-0.2752119302749634,0.0007446149247698486,0.3484700918197632,0.3720930516719818,-1.0891361683348273,1.2927762634151014,-1.134381686818742
-0.0002851751632988453,-0.001402068417519331,-0.0067420233972370625,-0.7633242607116699,0.4696991741657257,-0.021493881940841675,0.4593464136123657,-0.09483851492404938,0.3074743449687958,0.006892169360071421,0.896517276763916,0.5608332753181458,-1.4856872612588472,1.3605831561125714,-1.0470630417094733,-0.0007602653349749744,0.0007018871838226914,0.0008858502842485905,-0.1620529592037201,0.034079596400260925,0.07396239787340164,0.09374981373548508,0.16166546940803528,0.24371975660324097,0.0013621231773868203,0.18136432766914368,0.30712223052978516,-0.15480118612241367,0.7439440968034216,-1.360851273322618,-0.0010717817349359393,0.0018081329762935638,0.001384882372803986,0.21999572217464447,0.6832250356674194,-0.1127677634358406,0.21536242961883545,0.22044098377227783,-0.048253096640110016,0.002517133252695203,0.7265749573707581,0.3119351863861084,-0.13071701273606362,0.37760891484705383,0.14131476266345516,-9.6761534223333e-05,0.00030250471900217235,0.0004907584516331553,-0.006988726556301117,0.31380748748779297,-0.03036949783563614,-0.223089799284935,-0.03842141479253769,-0.2485625445842743,0.0005845645791850984,0.31535106897354126,0.33619725704193115,-1.0891361683348273,1.2927762634151014,-1.134381686818742
-0.0003588960971683264,-0.0015914490213617682,-0.006776345893740654,-0.7687889337539673,0.4551708698272705,-0.03174465894699097,0.4561273753643036,-0.09157135337591171,0.3058317005634308,0.006969962734729052,0.8939936757087708,0.5567499399185181,-1.4856872612588472,1.3605831561125714,-1.0470630417094733,-0.0005132346414029598,0.0006912661483511329,0.0009688410209491849,-0.1535787731409073,0.03444982320070267,0.09132034331560135,0.09138942509889603,0.15464870631694794,0.23338058590888977,0.0012961140600964427,0.1819687783718109,0.29450762271881104,-0.15480118612241367,0.7439440968034216,-1.360851273322618,-0.0013169897720217705,0.00166516553144902,0.0016813273541629314,0.16247089207172394,0.6700341701507568,-0.12080667912960052,0.231397807598114,0.22091232240200043,-0.0553499311208725,0.0027081542648375034,0.6999548673629761,0.32467031478881836,-0.13071701273606362,0.37760891484705383,0.14131476266345516,-1.0528718121349812e-05,7.117745553841814e-05,0.0004071522271260619,-0.0046016741544008255,0.27755632996559143,-0.03214142099022865,-0.19759969413280487,-0.004364427179098129,-0.21289345622062683,0.0004134610353503376,0.2794490158557892,0.29049667716026306,-1.0891361683348273,1.2927762634151014,-1.134381686818742
-0.00032253842800855637,-0.0017884685657918453,-0.006807514000684023,-0.7744793891906738,0.4395377039909363,-0.04442787170410156,0.4492208957672119,-0.08537831902503967,0.30154919624328613,0.007045913487672806,0.8916196227073669,0.5477415323257446,-1.4856872612588472,1.3605831561125714,-1.0470630417094733,-0.00023678666912019253,0.0006771671469323337,0.0010040183551609516,-0.1357642412185669,0.035509150475263596,0.10484462231397629,0.08683229982852936,0.14488418400287628,0.21458953619003296,0.0012339676031842828,0.17517198622226715,0.2730932831764221,-0.15480118612241367,0.7439440968034216,-1.360851273322618,-0.001442090142518282,0.001520780147984624,0.0019357369747012854,0.10907089710235596,0.6360211968421936,-0.12487809360027313,0.24151088297367096,0.22143399715423584,-0.058011215180158615,0.0028529763221740723,0.6572777032852173,0.332754909992218,-0.13071701273606362,0.37760891484705383,0.14131476266345516,0.00011039334640372545,-0.0001497187331551686,0.00032166927121579647,-0.0022318901028484106,0.24443337321281433,-0.03537335991859436,-0.16588713228702545,0.03834855556488037,-0.1683965027332306,0.0003715824568644166,0.24698972702026367,0.23947137594223022,-1.0891361683348273,1.2927762634151014,-1.134381686818742
-0.00019829673692584038,-0.001949867233633995,-0.006840718910098076,-0.7798793315887451,0.424153208732605,-0.05865088105201721,0.4382477104663849,-0.07521945238113403,0.295341432094574,0.007115949876606464,0.8896952271461487,0.5338029265403748,-1.4856872612588472,1.3605831561125714,-1.0470630417094733,1.9801169401034713e-05,0.0006628366536460817,0.0010143994586542249,-0.11145276576280594,0.03864262253046036,0.11390820145606995,0.07939442247152328,0.13209176063537598,0.18490518629550934,0.0012119202874600887,0.1639818549156189,0.24071069061756134,-0.15480118612241367,0.7439440968034216,-1.360851273322618,-0.0014988009352236986,0.001398649183101952,0.002139032818377018,0.06311285495758057,0.584809422492981,-0.1216219961643219,0.2470313161611557,0.2219332754611969,-0.057674769312143326,0.002962783444672823,0.6006473302841187,0.33705374598503113,-0.13071701273606362,0.37760891484705383,0.14131476266345516,0.0002622795000206679,-0.00030331764719448984,0.0002428092557238415,-0.0001800074242055416,0.21879804134368896,-0.0397360697388649,-0.12941080331802368,0.08774267137050629,-0.11709367483854294,0.0004687733598984778,0.22237710654735565,0.19533780217170715,-1.0891361683348273,1.2927762634151014,-1.134381686818742
-2.6673777028918266e-05,-0.0020441606175154448,-0.006875941064208746,-0.7847527265548706,0.40992075204849243,-0.07288363575935364,0.4227447509765625,-0.06017805635929108,0.2876357436180115,0.007173413876444101,0.8883602619171143,0.5148484110832214,-1.4856872612588472,1.3605831561125714,-1.0470630417094733,0.00021824066061526537,0.0006575558800250292,0.0010062858927994967,-0.08342713117599487,0.044752560555934906,0.11860477179288864,0.0684637501835823,0.11579234898090363,0.1420499086380005,0.001221728278324008,0.15175628662109375,0.19563570618629456,-0.15480118612241367,0.7439440968034216,-1.360851273322618,-0.0015323511324822903,0.001306244172155857,0.0022900362964719534,0.026594046503305435,0.5218567252159119,-0.10776397585868835,0.2491614669561386,0.222298264503479,-0.056009940803050995,0.003049367107450962,0.5335304737091064,0.3385780155658722,-0.13071701273606362,0.37760891484705383,0.14131476266345516,0.0004362108011264354,-0.00035884627141058445,0.00017772873979993165,0.001477203331887722,0.20148418843746185,-0.04500201344490051,-0.09120476245880127,0.1397009789943695,-0.06321591138839722,0.0005921469419263303,0.20645396411418915,0.17841222882270813,-1.0891361683348273,1.2927762634151014,-1.134381686818742
0.0001526176929473877,-0.0020515224896371365,-0.006900822278112173,-0.789189338684082,0.3971007466316223,-0.08531072735786438,0.40240252017974854,-0.03968533128499985,0.2786989212036133,0.007200929336249828,0.8875735402107239,0.49109652638435364,-1.4856872612588472,1.3605831561125714,-1.0470630417094733,0.00033871422056108713,0.0006685652770102024,0.0009876959957182407,-0.05368024483323097,0.05384010076522827,0.11936825513839722,0.053663793951272964,0.09558333456516266,0.08456166088581085,0.0012398589169606566,0.14152422547340393,0.13844367861747742,-0.15480118612241367,0.7439440968034216,-1.360851273322618,-0.0015645056264474988,0.0012349621392786503,0.0023979167453944683,0.00204567052423954,0.45007750391960144,-0.08253196626901627,0.24884659051895142,0.22236855328083038,-0.05490707606077194,0.003118142718449235,0.4575865566730499,0.3382117450237274,-0.13071701273606362,0.37760891484705383,0.14131476266345516,0.0006160839693620801,-0.00031309950281865895,0.00013784688781015575,0.0028489530086517334,0.1901775449514389,-0.05091529339551926,-0.055076830089092255,0.18905742466449738,-0.012077762745320797,0.000704693200532347,0.19689586758613586,0.1972866952419281,-1.0891361683348273,1.2927762634151014,-1.134381686818742
0.00031379074789583683,-0.00196862337179482,-0.006905924528837204,-0.7935182452201843,0.3853197991847992,-0.09456071257591248,0.3773965835571289,-0.013844750821590424,0.2687974274158478,0.007187888026237488,0.8871777057647705,0.46354278922080994,-1.4856872612588472,1.3605831561125714,-1.0470630417094733,0.0003807992034126073,0.0006860396824777126,0.0009742961265146732,-0.023593418300151825,0.06478039175271988,0.11671176552772522,0.03508910536766052,0.07148797810077667,0.01271650567650795,0.0012509641237556934,0.13555362820625305,0.08064419776201248,-0.15480118612241367,0.7439440968034216,-1.360851273322618,-0.001604624791070819,0.001166190835647285,0.0024655149318277836,-0.007501092739403248,0.36997896432876587,-0.049305565655231476,0.2467198222875595,0.22192910313606262,-0.05649270862340927,0.003164425026625395,0.37332525849342346,0.33662235736846924,-0.13071701273606362,0.37760891484705383,0.14131476266345516,0.0007826312212273479,-0.00017387526168022305,0.00012481858721002936,0.004092751070857048,0.181252121925354,-0.05695866793394089,-0.02406473271548748,0.23169368505477905,0.03208775073289871,0.0008113716612569988,0.19003517925739288,0.23513974249362946,-1.0891361683348273,1.2927762634151014,-1.134381686818742
0.0004465770907700062,-0.0018166146473959088,-0.006897361949086189,-0.7979671955108643,0.37432950735092163,-0.09963864088058472,0.3488156199455261,0.016135558485984802,0.2583838105201721,0.007146546151489019,0.8870186805725098,0.43439024686813354,-1.4856872612588472,1.3605831561125714,-1.0470630417094733,0.0003538290620781481,0.0006801179843023419,0.0009688193094916642,0.005641628056764603,0.07514622062444687,0.1108168512582779,0.013617295771837234,0.044382624328136444,-0.07025809586048126,0.0012354620266705751,0.13401177525520325,0.08421073853969574,-0.15480118612241367,0.7439440968034216,-1.360851273322618,-0.0016584291588515043,0.001098402077332139,0.0024727690033614635,-0.0016590938903391361,0.2847624719142914,-0.014993108808994293,0.2431022971868515,0.22071115672588348,-0.06313041597604752,0.003173556411638856,0.28516173362731934,0.3343614637851715,-0.13071701273606362,0.37760891484705383,0.14131476266345516,0.000922526465728879,4.655971861211583e-05,0.00012153747957199812,0.005292493849992752,0.1714733988046646,-0.0621870756149292,0.0003730356693267822,0.2656329274177551,0.06725785881280899,0.0009316620999015868,0.1824784129858017,0.27401572465896606,-1.0891361683348273,1.2927762634151014,-1.134381686818742
0.000548067968338728,-0.0016396439168602228,-0.006893297657370567,-0.8023353815078735,0.3648427724838257,-0.09944790601730347,0.3188876509666443,0.047728799283504486,0.2482089251279831,0.007106782868504524,0.8869849443435669,0.40690913796424866,-1.4856872612588472,1.3605831561125714,-1.0470630417094733,0.0002686058869585395,0.0006202930817380548,0.0009502265602350235,0.03234695643186569,0.0815744549036026,0.10131706297397614,-0.008935652673244476,0.016223739832639694,-0.15757222473621368,0.0011661230819299817,0.1340368092060089,0.15865705907344818,-0.15480118612241367,0.7439440968034216,-1.360851273322618,-0.0017226203344762325,0.0010659655090421438,0.0023917227517813444,0.016691263765096664,0.20305180549621582,0.012404229491949081,0.23804453015327454,0.21840427815914154,-0.0773623138666153,0.0031343328300863504,0.2041139304637909,0.33219054341316223,-0.13071701273606362,0.37760891484705383,0.14131476266345516,0.0010341659653931856,0.00031752936774864793,0.00010248291073367,0.0067060887813568115,0.15885214507579803,-0.06522629410028458,0.018232159316539764,0.2906443774700165,0.09334081411361694,0.0010866585653275251,0.1718529760837555,0.3058089017868042,-1.0839530065342329,1.2920615609207182,-1.1278860182527002
0.0006186577957123518,-0.0014878564979881048,-0.00691058486700058,-0.8061264753341675,0.35807380080223083,-0.09346124529838562,0.2903934419155121,0.07776182889938354,0.23916563391685486,0.0070959595032036304,0.8870128393173218,0.3841555118560791,-1.4856872612588472,1.3605831561125714,-1.0470630417094733,0.00014179387653712183,0.0005021773395128548,0.0008855806663632393,0.05397941172122955,0.08130441606044769,0.08797184377908707,-0.0302940234541893,-0.010493382811546326,-0.2406902313232422,0.001027881633490324,0.13138961791992188,0.2428160309791565,-0.15480118612241367,0.7439440968034216,-1.360851273322618,-0.0017790605779737234,0.001114342943765223,0.0022213172633200884,0.043759483844041824,0.13465647399425507,0.027074439451098442,0.23140265047550201,0.21468548476696014,-0.10174158960580826,0.003056315938010812,0.1441536843776703,0.3316449820995331,-0.13071701273606362,0.37760891484705383,0.14131476266345516,0.0011241353349760175,0.0005897649098187685,4.127109423279762e-05,0.0076401326805353165,0.14304201304912567,-0.0652298554778099,0.029909372329711914,0.3076624870300293,0.11108996719121933,0.0012701204977929592,0.15739861130714417,0.32846879959106445,-1.0839530065342329,1.2920615609207182,-1.1278860182527002
0.0006656046025454998,-0.0013957389164716005,-0.006953616626560688,-0.8088783025741577,0.3546440899372101,-0.08319631218910217,0.2655191421508789,0.10370054095983505,0.2319406419992447,0.007123475428670645,0.8871179223060608,0.3674924373626709,-1.4856872612588472,1.3605831561125714,-1.0470630417094733,2.1719170035794377e-06,0.00035287931677885354,0.0007487426046282053,0.06773504614830017,0.07389567792415619,0.07167193293571472,-0.048640139400959015,-0.033806510269641876,-0.3128241300582886,0.0008277342421934009,0.12322935461997986,0.3183829188346863,-0.15480118612241367,0.7439440968034216,-1.360851273322618,-0.001798015902750194,0.0012642862275242805,0.002000682521611452,0.07535357028245926,0.0857071802020073,0.02761917933821678,0.22294671833515167,0.2092713713645935,-0.1385045051574707,0.0029722063336521387,0.11741678416728973,0.33568325638771057,-0.13071701273606362,0.37760891484705383,0.14131476266345516,0.0011977204121649265,0.0008081848500296474,-6.632489385083318e-05,0.008356379345059395,0.1257060021162033,-0.06264495849609375,0.0366562083363533,0.31807512044906616,0.12201035022735596,0.0014464078703895211,0.14069902896881104,0.3426397442817688,-1.0839530065342329,1.2920615609207182,-1.1278860182527002
0.0007011424750089645,-0.001372853177599609,-0.007013807073235512,-0.8102266788482666,0.3544502854347229,-0.07219034433364868,0.24526889622211456,0.12432102859020233,0.22683016955852509,0.007181212771683931,0.8873069882392883,0.3564610183238983,-1.4856872612588472,1.3605831561125714,-1.0470630417094733,-0.00011698296293616295,0.0002118784177582711,0.0005343882367014885,0.0713987946510315,0.06147889792919159,0.05449515953660011,-0.06309525668621063,-0.052836135029792786,-0.37074708938598633,0.0005866415449418128,0.10884468257427216,0.37977108359336853,-0.15480118612241367,0.7439440968034216,-1.360851273322618,-0.0017524801660329103,0.0015040879370644689,0.0017908135196194053,0.10622355341911316,0.057948239147663116,0.016468435525894165,0.2125038057565689,0.2019999772310257,-0.18903076648712158,0.002922409912571311,0.12211736291646957,0.348847359418869,-0.13071701273606362,0.37760891484705383,0.14131476266345516,0.0012543504126369953,0.0009396129171364009,-0.00020785321248695254,0.008874371647834778,0.11024108529090881,-0.05932226404547691,0.039737310260534286,0.3234372138977051,0.12770043313503265,0.0015809712931513786,0.12550291419029236,0.34999725222587585,-1.0839530065342329,1.2920615609207182,-1.1278860182527002
0.0007345927879214287,-0.0014075865037739277,-0.007075070403516293,-0.8097587823867798,0.35743167996406555,-0.06433185935020447,0.2296455055475235,0.13944968581199646,0.22386819124221802,0.007251037750393152,0.8874712586402893,0.3497145175933838,-1.4843997051929685,1.3605363158161832,-1.0455298802540245,-0.0001926764816744253,0.00010972100426442921,0.0002619010047055781,0.06397636979818344,0.04759404435753822,0.03892029821872711,-0.0735563188791275,-0.06771962344646454,-0.4141553044319153,0.000343154591973871,0.08872969448566437,0.42605292797088623,-0.15549789954298968,0.7437954605668777,-1.3613826659660013,-0.0016332410741597414,0.0018003934528678656,0.001646845368668437,0.1308681219816208,0.04969365522265434,-0.002276904881000519,0.2001388818025589,0.19294677674770355,-0.253051221370697,0.0029361527413129807,0.140003964304924,0.37592411041259766,-0.13071701273606362,0.37760891484705383,0.14131476266345516,0.001291345339268446,0.0009818917606025934,-0.00035867124097421765,0.009204547852277756,0.10051558166742325,-0.057269901037216187,0.04042796045541763,0.32521986961364746,0.12965744733810425,0.0016614239430055022,0.11605148762464523,0.352439284324646,-1.0839530065342329,1.2920615609207182,-1.1278860182527002
0.000757299130782485,-0.001472181873396039,-0.007119461894035339,-0.8074764609336853,0.3631563186645508,-0.06105867028236389,0.2182523012161255,0.14970724284648895,0.22264599800109863,0.007309415843337774,0.887484610080719,0.34585773944854736,-1.4843997051929685,1.3605363158161832,-1.0455298802540245,-0.00022044198703952134,5.700948531739414e-05,-3.3025404263753444e-05,0.0461944118142128,0.03569437563419342,0.02727600559592247,-0.0804440826177597,-0.07864008843898773,-0.4445263743400574,0.00023007701383903623,0.06443595886230469,0.45854032039642334,-0.15549789954298968,0.7437954605668777,-1.3613826659660013,-0.0014519834658131003,0.002112217480316758,0.001596307847648859,0.14481978118419647,0.057047754526138306,-0.024281073361635208,0.1863747239112854,0.18257811665534973,-0.32758134603500366,0.0030195889994502068,0.1575334519147873,0.4187837541103363,-0.13071701273606362,0.37760891484705383,0.14131476266345516,0.0013065618695691228,0.0009590280242264271,-0.000487800280097872,0.009314237162470818,0.09920335561037064,-0.057540565729141235,0.03993527218699455,0.3246813118457794,0.12914134562015533,0.0016925684176385403,0.11506075412034988,0.351696252822876,-1.0839530065342329,1.2920615609207182,-1.1278860182527002
0.0007565908599644899,-0.0015325704589486122,-0.007130760233849287,-0.8033709526062012,0.3715806305408478,-0.0626683235168457,0.2103622555732727,0.15590932965278625,0.22282011806964874,0.0073327310383319855,0.8873580694198608,0.34381505846977234,-1.4843997051929685,1.3605363158161832,-1.0455298802540245,-0.00021522221504710615,4.7346242354251444e-05,-0.00031168200075626373,0.02043021470308304,0.0281295757740736,0.021233974024653435,-0.08439584076404572,-0.08634383976459503,-0.4640703797340393,0.00038171710912138224,0.04073755443096161,0.479519784450531,-0.15549789954298968,0.7437954605668777,-1.3613826659660013,-0.0012378620449453592,0.002407161984592676,0.001631260267458856,0.14550572633743286,0.07524548470973969,-0.0455935001373291,0.17230729758739471,0.17182588577270508,-0.4063919484615326,0.0031603388488292694,0.17003695666790009,0.47367537021636963,-0.13071701273606362,0.37760891484705383,0.14131476266345516,0.0012953892583027482,0.000905715802218765,-0.0005627418868243694,0.009156623855233192,0.106711745262146,-0.05994299799203873,0.03937087953090668,0.32281601428985596,0.12711995840072632,0.0016778060235083103,0.12273713201284409,0.349170058965683,-1.0839530065342329,1.2920615609207182,-1.1278860182527002
0.0007174506317824125,-0.001558848423883319,-0.007104029878973961,-0.7979549169540405,0.38193586468696594,-0.06774178147315979,0.20534810423851013,0.159025639295578,0.22384269535541534,0.007308350410312414,0.8872407078742981,0.3428739607334137,-1.4843997051929685,1.3605363158161832,-1.0455298802540245,-0.00020360534836072475,6.6701541072689e-05,-0.0005357291083782911,-0.010278681293129921,0.026044556871056557,0.02138664200901985,-0.08616860955953598,-0.09136255085468292,-0.4751347303390503,0.0005769834970124066,0.035232920199632645,0.49145209789276123,-0.15549789954298968,0.7437954605668777,-1.3613826659660013,-0.0010343132307752967,0.0026671120431274176,0.0017223007744178176,0.13290074467658997,0.09908163547515869,-0.06316140294075012,0.15932008624076843,0.16185152530670166,-0.48167115449905396,0.003339103190228343,0.17739543318748474,0.5325278639793396,-0.13071701273606362,0.37760891484705383,0.14131476266345516,0.0012530548265203834,0.0008504683501087129,-0.0005603301688097417,0.008741643279790878,0.12106770277023315,-0.06358116120100021,0.0397496297955513,0.3203555941581726,0.12426973134279251,0.0016147485002875328,0.13702689111232758,0.3459056317806244,-1.0839530065342329,1.2920615609207182,-1.1278860182527002
0.0006339224055409431,-0.0015373111236840487,-0.007049066014587879,-0.7921645641326904,0.3927360475063324,-0.07405385375022888,0.2028089165687561,0.1599910706281662,0.22504040598869324,0.007242548745125532,0.8872712254524231,0.3425956666469574,-1.4843997051929685,1.3605363158161832,-1.0455298802540245,-0.00020539671822916716,0.00010473438305780292,-0.000667466432787478,-0.042793720960617065,0.02946668118238449,0.027144337072968483,-0.08653280138969421,-0.09397467970848083,-0.47974979877471924,0.0007061646902002394,0.058620840311050415,0.4964665472507477,-0.15549789954298968,0.7437954605668777,-1.3613826659660013,-0.0008890205645002425,0.002876014681532979,0.001844667480327189,0.10938040912151337,0.12277060747146606,-0.07502423226833344,0.14852023124694824,0.15359213948249817,-0.5471999049186707,0.003530526300892234,0.1807355284690857,0.5874321460723877,-0.13071701273606362,0.37760891484705383,0.14131476266345516,0.0011835206532850862,0.0008068924071267247,-0.00047695383545942605,0.008193308487534523,0.13863816857337952,-0.06769400835037231,0.041990648955106735,0.3178004026412964,0.12101120501756668,0.001509728841483593,0.15449967980384827,0.34264272451400757,-1.0839530065342329,1.2920615609207182,-1.1278860182527002
0.0005118437111377716,-0.001476715668104589,-0.006982643157243729,-0.7871420383453369,0.402067631483078,-0.07932966947555542,0.2026805579662323,0.1596299111843109,0.22559994459152222,0.007155416067689657,0.8874368071556091,0.3427191972732544,-1.4843997051929685,1.3605363158161832,-1.0455298802540245,-0.0002194806293118745,0.000157785922056064,-0.0006781696574762464,-0.07377481460571289,0.037270721048116684,0.03715060278773308,-0.08622704446315765,-0.09409649670124054,-0.4793730080127716,0.0007300563156604767,0.09062007069587708,0.49607229232788086,-0.15549789954298968,0.7437954605668777,-1.3613826659660013,-0.0008357998449355364,0.003011486027389765,0.0019893250428140163,0.07855110615491867,0.14035573601722717,-0.08005126565694809,0.14043666422367096,0.14751572906970978,-0.5999985337257385,0.0037047299556434155,0.17966139316558838,0.6336257457733154,-0.13071701273606362,0.37760891484705383,0.14131476266345516,0.0011041363468393683,0.0007739861612208188,-0.0003265764971729368,0.007729699835181236,0.15517298877239227,-0.07200504094362259,0.046899765729904175,0.3154662847518921,0.11756514012813568,0.0013873801799491048,0.17123998701572418,0.33991193771362305,-1.0839530065342329,1.2920615609207182,-1.1278860182527002
0.0003673157189041376,-0.0014033571351319551,-0.006918515078723431,-0.783918023109436,0.40807080268859863,-0.08209952712059021,0.20528993010520935,0.1586267054080963,0.22455112636089325,0.007068959064781666,0.887575089931488,0.34311744570732117,-1.4843997051929685,1.3605363158161832,-1.0455298802540245,-0.0002291353011969477,0.00022518693003803492,-0.0005606149788945913,-0.09977653622627258,0.047446414828300476,0.04962597414851189,-0.08594225347042084,-0.0912277102470398,-0.4747760593891144,0.0006461434531956911,0.12111670523881912,0.4910406172275543,-0.15549789954298968,0.7437954605668777,-1.3613826659660013,-0.0008862549439072609,0.003053306369110942,0.0021506710909307003,0.04437369108200073,0.14700928330421448,-0.07777901738882065,0.13652916252613068,0.1438649743795395,-0.6394197940826416,0.0038384259678423405,0.1721346229314804,0.6694737076759338,-0.13060003824294883,0.3754642992298626,0.1419602451495601,0.0010402841726318002,0.0007406160002574325,-0.00013313523959368467,0.007578808814287186,0.1666892021894455,-0.07645361870527267,0.05511349439620972,0.31353551149368286,0.11401882767677307,0.0012839112896472216,0.18354259431362152,0.3381454050540924,-1.0839530065342329,1.2920615609207182,-1.1278860182527002
0.00022570090368390083,-0.0013463166542351246,-0.006865326315164566,-0.7831203937530518,0.4094482362270355,-0.08223631978034973,0.21135425567626953,0.15752658247947693,0.2207655906677246,0.0069997296668589115,0.8875179886817932,0.3438352644443512,-1.4843997051929685,1.3605363158161832,-1.0455298802540245,-0.00021788089361507446,0.0003032317035831511,-0.00033743667881935835,-0.11810121685266495,0.05765765905380249,0.06273964047431946,-0.08632121980190277,-0.08445422351360321,-0.4660446345806122,0.00050327432109043,0.1456316113471985,0.4814368784427643,-0.15549789954298968,0.7437954605668777,-1.3613826659660013,-0.0010115087497979403,0.0029989415779709816,0.0023166597820818424,0.009955374523997307,0.1405678689479828,-0.06958182901144028,0.1337113380432129,0.14205226302146912,-0.6674216985702515,0.003922207746654749,0.15716254711151123,0.69534832239151,-0.13060003824294883,0.3754642992298626,0.1419602451495601,0.0010149660520255566,0.0006930831004865468,7.28686572983861e-05,0.00788428820669651,0.17031604051589966,-0.0808221697807312,0.06698843091726303,0.3121039867401123,0.1103982925415039,0.0012311905156821012,0.18868476152420044,0.3377634286880493,-1.0839530065342329,1.2920615609207182,-1.1278860182527002
0.00011868146248161793,-0.0013226810842752457,-0.006828685756772757,-0.7848318219184875,0.4058134853839874,-0.08082759380340576,0.2219184935092926,0.15675078332424164,0.2129906415939331,0.006956617347896099,0.8872309327125549,0.345229834318161,-1.4843997051929685,1.3605363158161832,-1.0455298802540245,-0.0001781009923433885,0.0003786007291637361,-5.8119214372709394e-05,-0.12776978313922882,0.06590089201927185,0.07512133568525314,-0.08795732259750366,-0.07251833379268646,-0.4526748061180115,0.00042241724440827966,0.1622074544429779,0.46680817008018494,-0.15549789954298968,0.7437954605668777,-1.3613826659660013,-0.0011730357073247433,0.002866073278710246,0.002459854818880558,-0.02172468602657318,0.12223821878433228,-0.05764616280794144,0.13282443583011627,0.14182569086551666,-0.6856179237365723,0.0039549050852656364,0.13688397407531738,0.7126210331916809,-0.13060003824294883,0.3754642992298626,0.1419602451495601,0.0010429159738123417,0.0006262423703446984,0.0002594454272184521,0.00863661989569664,0.1651754379272461,-0.08459490537643433,0.08242367208003998,0.31122127175331116,0.10674295574426651,0.001243850914761424,0.18577894568443298,0.3391849100589752,-1.0839530065342329,1.2920615609207182,-1.1278860182527002
7.369555532932281e-05,-0.0013317237608134747,-0.006809873506426811,-0.7886518836021423,0.3977293074131012,-0.07951593399047852,0.23821552097797394,0.1566155105829239,0.1999427229166031,0.006939257960766554,0.8868388533592224,0.3482127785682678,-1.4843997051929685,1.3605363158161832,-1.0455298802540245,-0.0001137120125349611,0.00043098285095766187,0.00021897541591897607,-0.12955322861671448,0.07114406675100327,0.08597227931022644,-0.09138074517250061,-0.05397564172744751,-0.4337630867958069,0.0004966154228895903,0.1709875762462616,0.4465582072734833,-0.15549789954298968,0.7437954605668777,-1.3613826659660013,-0.0013207478914409876,0.0026920591481029987,0.0025473730638623238,-0.04891909658908844,0.0955318883061409,-0.044814564287662506,0.13322636485099792,0.14260482788085938,-0.6960756778717041,0.003934547770768404,0.11630892008543015,0.7229154109954834,-0.13060003824294883,0.3754642992298626,0.1419602451495601,0.0011290707625448704,0.000549379619769752,0.00040275335777550936,0.009645283222198486,0.1527247428894043,-0.0868934616446495,0.10061062127351761,0.31092020869255066,0.103181853890419,0.0013186467112973332,0.17597827315330505,0.3426957428455353,-1.0839530065342329,1.2920615609207182,-1.1278860182527002
0.00010179937817156315,-0.0013601334067061543,-0.0068045081570744514,-0.7938187122344971,0.38667672872543335,-0.07958444952964783,0.26143017411231995,0.15734486281871796,0.18048568069934845,0.006939860060811043,0.8865668773651123,0.3545112609863281,-1.4843997051929685,1.3605363158161832,-1.0455298802540245,-4.235604137647897e-05,0.0004487711121328175,0.0004481954383663833,-0.12510833144187927,0.07350629568099976,0.09461934119462967,-0.09701785445213318,-0.027462512254714966,-0.4082987606525421,0.0006356639787554741,0.1732284277677536,0.42056453227996826,-0.15549789954298968,0.7437954605668777,-1.3613826659660013,-0.0014178529381752014,0.002522527240216732,0.0025577524211257696,-0.0705234706401825,0.0647667869925499,-0.03329869359731674,0.13415709137916565,0.14366400241851807,-0.7005519866943359,0.003862065263092518,0.10137603431940079,0.7276060581207275,-0.13060003824294883,0.3754642992298626,0.1419602451495601,0.0012675744947046041,0.0004772909451276064,0.0004914469900541008,0.010575976222753525,0.13608825206756592,-0.08645863831043243,0.11991424858570099,0.31123194098472595,0.09997393190860748,0.0014408580027520657,0.16157647967338562,0.3481946885585785,-1.0839530065342329,1.2920615609207182,-1.1278860182527002
0.00019764271564781666,-0.0013914674054831266,-0.006807747296988964,-0.7993543148040771,0.37491583824157715,-0.08125367760658264,0.29234132170677185,0.15907146036624908,0.15391847491264343,0.006951306946575642,0.8866404891014099,0.36668527126312256,-1.4843997051929685,1.3605363158161832,-1.0455298802540245,1.2415097444318235e-05,0.0004395967989694327,0.0006067480426281691,-0.11610832810401917,0.07385328412055969,0.10002445429563522,-0.10511448979377747,0.007896840572357178,-0.3755749464035034,0.0007493615266866982,0.17011861503124237,0.3900871276855469,-0.15549789954298968,0.7437954605668777,-1.3613826659660013,-0.0014511282788589597,0.0023957223165780306,0.002496107015758753,-0.08543763309717178,0.03410374000668526,-0.024468883872032166,0.1347385048866272,0.14412344992160797,-0.7002522945404053,0.0037517740856856108,0.09519128501415253,0.7275158762931824,-0.13060003824294883,0.3754642992298626,0.1419602451495601,0.0014447891153395176,0.0004194956854917109,0.0005233779083937407,0.01108495146036148,0.11874402314424515,-0.08212719857692719,0.13830235600471497,0.3121778070926666,0.09743765741586685,0.0015928955981507897,0.14480295777320862,0.3550727069377899,-1.0839530065342329,1.2920615609207182,-1.1278860182527002
0.0003474080003798008,-0.0014109289040789008,-0.0068199532106518745,-0.8043054342269897,0.3649304211139679,-0.08376753330230713,0.3308226764202118,0.16181959211826324,0.12039466202259064,0.006973031908273697,0.8871856927871704,0.3874585032463074,-1.4843997051929685,1.3605363158161832,-1.0455298802540245,3.763666609302163e-05,0.00042113123345188797,0.0006930500967428088,-0.10370345413684845,0.07324931025505066,0.10087978839874268,-0.11561396718025208,0.05192016065120697,-0.3357347249984741,0.0008118413970805705,0.16216225922107697,0.35885944962501526,-0.15549789954298968,0.7437954605668777,-1.3613826659660013,-0.0014226386556401849,0.002330139745026827,0.002389762783423066,-0.09260378777980804,0.006939881015568972,-0.019238710403442383,0.1339636594057083,0.1429363191127777,-0.6957243084907532,0.003628280246630311,0.09483539313077927,0.7227789163589478,-0.13060003824294883,0.3754642992298626,0.1419602451495601,0.0016427850350737572,0.0003835545794572681,0.0005043760174885392,0.011094994843006134,0.10333667695522308,-0.07351948320865631,0.15418311953544617,0.31366825103759766,0.09599465131759644,0.0017607533372938633,0.12730546295642853,0.36245712637901306,-1.080936636631514,1.2916439780073732,-1.1243137996679078
0.0005299353506416082,-0.0014074011705815792,-0.006844665855169296,-0.8079659938812256,0.3587679862976074,-0.08601021766662598,0.3751901388168335,0.16546839475631714,0.08148273825645447,0.007007928565144539,0.8882123827934265,0.41807520389556885,-1.4843997051929685,1.3605363158161832,-1.0455298802540245,3.830992500297725e-05,0.00040370269562117755,0.0007197126979008317,-0.08834649622440338,0.07261662930250168,0.09629735350608826,-0.12798643112182617,0.10262102633714676,-0.2904621362686157,0.0008260931354016066,0.14950403571128845,0.33358633518218994,-0.15549789954298968,0.7437954605668777,-1.3613826659660013,-0.0013374033151194453,0.0023220940493047237,0.0022696075029671192,-0.091852106153965,-0.014834764413535595,-0.018267137929797173,0.13069534301757812,0.13888990879058838,-0.6868581771850586,0.003511678660288453,0.0948186069726944,0.7128434777259827,-0.13060003824294883,0.3754642992298626,0.1419602451495601,0.0018410338088870049,0.0003821754944510758,0.00044168479507789016,0.010325795039534569,0.09118639677762985,-0.061176687479019165,0.16671551764011383,0.3157573342323303,0.0953185111284256,0.0019314629025757313,0.11029128730297089,0.3695705235004425,-1.080936636631514,1.2916439780073732,-1.1243137996679078
0.0007138382643461227,-0.0013781096786260605,-0.006883202586323023,-0.8099446296691895,0.35778796672821045,-0.08678591251373291,0.4218710660934448,0.16973556578159332,0.040444985032081604,0.007056006696075201,0.8896934390068054,0.4565316438674927,-1.4843997051929685,1.3605363158161832,-1.0455298802540245,3.097434819210321e-05,0.0003837201511487365,0.0007045114180073142,-0.07022503763437271,0.07261824607849121,0.0863480418920517,-0.14114686846733093,0.15583360195159912,-0.24333873391151428,0.0008028305601328611,0.13289450109004974,0.32159024477005005,-0.15549789954298968,0.7437954605668777,-1.3613826659660013,-0.0012027877382934093,0.00235189707018435,0.002155322814360261,-0.08446570485830307,-0.031178176403045654,-0.021804360672831535,0.12369462847709656,0.13064360618591309,-0.6729828715324402,0.0034093305002897978,0.09263889491558075,0.6966161727905273,-0.13060003824294883,0.3754642992298626,0.1419602451495601,0.0020160754211246967,0.0004187837475910783,0.0003537827869877219,0.008999633602797985,0.08261745423078537,-0.04594312980771065,0.17585007846355438,0.31818389892578125,0.09544847160577774,0.0020892827305942774,0.0949600338935852,0.3758651912212372,-1.080936636631514,1.2916439780073732,-1.1243137996679078
0.0008616922423243523,-0.001330565195530653,-0.006932231597602367,-0.8101587891578674,0.3626178503036499,-0.08483371138572693,0.466366171836853,0.17426595091819763,0.0013710707426071167,0.007111170794814825,0.8916534185409546,0.4978633522987366,-1.4843997051929685,1.3605363158161832,-1.0455298802540245,3.303632547613233e-05,0.0003508462687022984,0.0006650519208051264,-0.05005490779876709,0.0734863132238388,0.07204003632068634,-0.15374326705932617,0.2063254714012146,-0.19888991117477417,0.0007526476983912289,0.11443556100130081,0.3252143859863281,-0.15549789954298968,0.7437954605668777,-1.3613826659660013,-0.0010359631851315498,0.002391028217971325,0.002055480843409896,-0.07292088866233826,-0.043171320110559464,-0.029577838256955147,0.1117028072476387,0.11682884395122528,-0.6530618667602539,0.003318921197205782,0.0897555947303772,0.6727676391601562,-0.13060003824294883,0.3754642992298626,0.1419602451495601,0.002149539301171899,0.00048240061732940376,0.0002601587329991162,0.007234684657305479,0.0774356797337532,-0.028708428144454956,0.18195483088493347,0.3206041753292084,0.0960807055234909,0.002218312816694379,0.08290234953165054,0.38095420598983765,-1.080936636631514,1.2916439780073732,-1.1243137996679078
0.0009411785285919905,-0.0012769337045028806,-0.006984037347137928,-0.8088880181312561,0.3728524148464203,-0.07925456762313843,0.5051041841506958,0.1787891834974289,-0.03248031437397003,0.00716192414984107,0.8942035436630249,0.5367968082427979,-1.4843997051929685,1.3605363158161832,-1.0455298802540245,5.530270573217422e-05,0.0002992210502270609,0.000618885038420558,-0.029539329931139946,0.07470135390758514,0.05500618740916252,-0.1647002398967743,0.24993927776813507,-0.16072317957878113,0.0006896450649946928,0.09735781699419022,0.3397465944290161,-0.15549789954298968,0.7437954605668777,-1.3613826659660013,-0.0008682125480845571,0.0024091871455311775,0.001977730542421341,-0.06060003861784935,-0.051726169884204865,-0.040859803557395935,0.09360290318727493,0.09623794257640839,-0.6259969472885132,0.003235644195228815,0.08954040706157684,0.6402307748794556,-0.13060003824294883,0.3754642992298626,0.1419602451495601,0.002232586033642292,0.0005531904753297567,0.0001784276682883501,0.005181808024644852,0.07501734793186188,-0.010424823500216007,0.18564487993717194,0.3224772810935974,0.09674493968486786,0.002307010116055608,0.07591528445482254,0.3844674229621887,-1.080936636631514,1.2916439780073732,-1.1243137996679078
0.0009357726667076349,-0.0012284726835787296,-0.007028033956885338,-0.8067896366119385,0.38674992322921753,-0.07017853856086731,0.5364010334014893,0.18318894505500793,-0.059544146060943604,0.0071956985630095005,0.8974463939666748,0.5699383616447449,-1.4843997051929685,1.3605363158161832,-1.0455298802540245,9.886157204164192e-05,0.0002340031205676496,0.0005800036014989018,-0.01115933433175087,0.07497923821210861,0.037142958492040634,-0.17350228130817413,0.284709632396698,-0.13055676221847534,0.0006331944605335593,0.0844157338142395,0.3580610156059265,-0.15549789954298968,0.7437954605668777,-1.3613826659660013,-0.0007439394248649478,0.0023856861516833305,0.0019374386174604297,-0.05152307450771332,-0.05705123767256737,-0.05451982468366623,0.0686856061220169,0.06812915951013565,-0.5910617113113403,0.0031620580703020096,0.09424373507499695,0.5989267230033875,-0.13060003824294883,0.3754642992298626,0.1419602451495601,0.0022645865101367235,0.0006097215227782726,0.00012144166976213455,0.0030751251615583897,0.0742497369647026,0.007500803098082542,0.18764662742614746,0.3230198919773102,0.09679606556892395,0.0023483738768845797,0.07469097524881363,0.38590487837791443,-1.080936636631514,1.2916439780073732,-1.1243137996679078
0.0008469521999359131,-0.0011963832657784224,-0.007055249996483326,-0.8046955466270447,0.4015018045902252,-0.058902740478515625,0.5601065158843994,0.18747009336948395,-0.07973876595497131,0.007205915171653032,0.9012259244918823,0.5960055589675903,-1.4850898091639122,1.3606262925530133,-1.0462617713277451,0.00015500093286391348,0.0001696279359748587,0.0005507402820512652,0.0025491900742053986,0.07288726419210434,0.020238015800714493,-0.18003050982952118,0.3105126917362213,-0.10861287266016006,0.0005967526813037694,0.0756877064704895,0.3750011622905731,-0.1559374401001163,0.7437566645896689,-1.3616933935357016,-0.0007072007283568382,0.0023176721297204494,0.001954748062416911,-0.04914494976401329,-0.059437453746795654,-0.06908415257930756,0.037039197981357574,0.03267034888267517,-0.5484815835952759,0.003113322425633669,0.10354060679674149,0.5507007241249084,-0.13060003824294883,0.3754642992298626,0.1419602451495601,0.002249152399599552,0.0006304177804850042,9.376788511872292e-05,0.0012581516057252884,0.0737696960568428,0.022872399538755417,0.18871206045150757,0.32117462158203125,0.0954069197177887,0.0023377137258648872,0.07724440097808838,0.38453590869903564,-1.080936636631514,1.2916439780073732,-1.1243137996679078
0.0006946348585188389,-0.0011958652175962925,-0.007063198834657669,-0.8030968904495239,0.41414955258369446,-0.04835665225982666,0.5770106315612793,0.19158509373664856,-0.09359629452228546,0.007197318132966757,0.9048882722854614,0.6151474714279175,-1.4850898091639122,1.3606262925530133,-1.0462617713277451,0.00021001172717660666,0.00012076999701093882,0.0005208492511883378,0.009859059005975723,0.06765054166316986,0.005742458626627922,-0.18465882539749146,0.32827192544937134,-0.09396862983703613,0.0005744338850490749,0.0686059221625328,0.3881899416446686,-0.1559374401001163,0.7437566645896689,-1.3616933935357016,-0.0007712303777225316,0.0022146725095808506,0.002034714911133051,-0.05456821620464325,-0.06000738963484764,-0.08300860226154327,7.620453834533691e-05,-0.008468180894851685,-0.5001710653305054,0.0031047763768583536,0.11605603992938995,0.5002427697181702,-0.13060003824294883,0.3754642992298626,0.1419602451495601,0.002193453023210168,0.0005973913357593119,9.025866165757179e-05,0.0001367386430501938,0.07230763137340546,0.0329289510846138,0.1895684003829956,0.31561002135276794,0.09157594293355942,0.002275139559060335,0.07945267856121063,0.37938374280929565,-1.080936636631514,1.2916439780073732,-1.1243137996679078
0.0005050317849963903,-0.0012370829936116934,-0.0070582120679318905,-0.8018425703048706,0.42242953181266785,-0.041534215211868286,0.5882368683815002,0.19546180963516235,-0.10227294266223907,0.007183577865362167,0.9072614312171936,0.6282417178153992,-1.4850898091639122,1.3606262925530133,-1.0462617713277451,0.0002548045013099909,9.423197479918599e-05,0.0004749366198666394,0.010826888494193554,0.059592194855213165,-0.005607979372143745,-0.18769657611846924,0.33948391675949097,-0.08545134961605072,0.0005471469485200942,0.06082680821418762,0.39721688628196716,-0.1559374401001163,0.7437566645896689,-1.3616933935357016,-0.0009039383148774505,0.0020898315124213696,0.002150602638721466,-0.06617264449596405,-0.06025798246264458,-0.09480825066566467,-0.03920339420437813,-0.0518190823495388,-0.4501088857650757,0.003132026642560959,0.1303780972957611,0.4547748267650604,-0.13060003824294883,0.3754642992298626,0.1419602451495601,0.0021111543755978346,0.0005060360999777913,0.00010282173752784729,5.241855978965759e-05,0.06879045814275742,0.03534932807087898,0.190887913107872,0.30477339029312134,0.08416716754436493,0.002173388609662652,0.0773414820432663,0.3693360686302185,-1.080936636631514,1.2916439780073732,-1.1243137996679078
0.00030937488190829754,-0.0013189398450776935,-0.00704805925488472,-0.799911618232727,0.42532140016555786,-0.04098597168922424,0.5949336290359497,0.19884121417999268,-0.10695266723632812,0.007177078630775213,0.9068830013275146,0.6363353729248047,-1.4850898091639122,1.3606262925530133,-1.0462617713277451,0.00028830685187131166,8.65239417180419e-05,0.0004028629045933485,0.0074266609735786915,0.04994266852736473,-0.01406923122704029,-0.18955685198307037,0.34577977657318115,-0.08168718218803406,0.0005028973682783544,0.05241534858942032,0.402701199054718,-0.1559374401001163,0.7437566645896689,-1.3616933935357016,-0.0010538857895880938,0.001957954140380025,0.0022588479332625866,-0.08112431317567825,-0.06116551533341408,-0.10270695388317108,-0.07702752202749252,-0.09303668141365051,-0.40329647064208984,0.003169645555317402,0.1444683074951172,0.4209953546524048,-0.13060003824294883,0.3754642992298626,0.1419602451495601,0.002021974418312311,0.0003721893299371004,0.00012976262951269746,0.0011229533702135086,0.06242455169558525,0.02954009547829628,0.19326265156269073,0.2870252728462219,0.0720033049583435,0.002060034777969122,0.06907027214765549,0.35343801975250244,-1.080936636631514,1.2916439780073732,-1.1243137996679078
0.0001362792681902647,-0.0014254171401262283,-0.007033412344753742,-0.795665979385376,0.4227792024612427,-0.047442495822906494,0.5980101227760315,0.2012164294719696,-0.108722984790802,0.007177692838013172,0.9022623896598816,0.6402537226676941,-1.4850898091639122,1.3606262925530133,-1.0462617713277451,0.0003122099442407489,9.022050653584301e-05,0.00030879536643624306,0.002740235300734639,0.04037177190184593,-0.021041596308350563,-0.1906224638223648,0.3486804962158203,-0.08136270940303802,0.0004482960794121027,0.0456085242331028,0.4056290090084076,-0.1559374401001163,0.7437566645896689,-1.3616933935357016,-0.0011846303241327405,0.0018294027540832758,0.002330432180315256,-0.09629622101783752,-0.06297487020492554,-0.10490889847278595,-0.11040905117988586,-0.12865421175956726,-0.3637324869632721,0.003190764458850026,0.15570701658725739,0.4013020992279053,-0.13060003824294883,0.3754642992298626,0.1419602451495601,0.0019426669459789991,0.000229762023082003,0.00017653527902439237,0.0031631533056497574,0.053150177001953125,0.017073219642043114,0.19717028737068176,0.26088574528694153,0.054035015404224396,0.0019641562830656767,0.05591459199786186,0.3314472436904907,-1.080936636631514,1.2916439780073732,-1.1243137996679078
6.8016815930604935e-06,-0.0015294761396944523,-0.007004346698522568,-0.7871888875961304,0.4151492118835449,-0.059465497732162476,0.5979852080345154,0.20176655054092407,-0.10846409201622009,0.007169394288212061,0.8919368386268616,0.64035964012146,-1.4850898091639122,1.3606262925530133,-1.0462617713277451,0.00032478218781761825,0.00010168857988901436,0.00021142294281162322,-0.00016252853674814105,0.03236985206604004,-0.028554964810609818,-0.1912022829055786,0.349447101354599,-0.08331817388534546,0.00040065409848466516,0.04316502809524536,0.40695637464523315,-0.1559374401001163,0.7437566645896689,-1.3616933935357016,-0.0012841032585129142,0.001702492474578321,0.0023613679222762585,-0.1073385700583458,-0.06581473350524902,-0.10113375633955002,-0.13794280588626862,-0.1570008099079132,-0.3333396315574646,0.0031817385461181402,0.16149669885635376,0.39343714714050293,-0.13060003824294883,0.3754642992298626,0.1419602451495601,0.0018796920776367188,0.00012138378224335611,0.00024725752882659435,0.0057243527844548225,0.04210817813873291,0.001129284966737032,0.20291870832443237,0.22542595863342285,0.029609203338623047,0.0018997665029019117,0.0425104945898056,0.3047451078891754,-1.080936636631514,1.2916439780073732,-1.1243137996679078
-6.883754394948483e-05,-0.0016015731962397695,-0.0069494703784585,-0.7724477648735046,0.4028923213481903,-0.0741647481918335,0.594916582107544,0.1993151605129242,-0.10680244863033295,0.007131964433938265,0.8743559122085571,0.6364424824714661,-1.4850898091639122,1.3606262925530133,-1.0462617713277451,0.00031580973882228136,0.00012061651796102524,0.0001311460800934583,0.0009847660548985004,0.026879550889134407,-0.03825950250029564,-0.19150559604167938,0.3490063548088074,-0.08656671643257141,0.00036260642809793353,0.046768251806497574,0.40739861130714417,-0.1559374401001163,0.7437566645896689,-1.3616933935357016,-0.0013532242737710476,0.0015738396905362606,0.0023616626858711243,-0.10844912379980087,-0.06969406455755234,-0.09379924833774567,-0.1595439314842224,-0.17687450349330902,-0.3128403127193451,0.00314414338208735,0.15942639112472534,0.39320212602615356,-0.13131851034661712,0.374941624126385,0.14465915554575648,0.0018341729883104563,8.630286902189255e-05,0.00033408100716769695,0.008198468014597893,0.03133481740951538,-0.01422035787254572,0.21056029200553894,0.18083086609840393,-0.001143626868724823,0.0018663463415578008,0.03537377715110779,0.2775549590587616,-1.080936636631514,1.2916439780073732,-1.1243137996679078
-9.40647441893816e-05,-0.0016175544587895274,-0.006873610429465771,-0.7494403123855591,0.3865776062011719,-0.0880933403968811,0.5884013772010803,0.19233116507530212,-0.10410931706428528,0.007062000688165426,0.847858190536499,0.6277309656143188,-1.4850898091639122,1.3606262925530133,-1.0462617713277451,0.0002657649165485054,0.0001458342158002779,7.428424578392878e-05,0.006923342123627663,0.02439776435494423,-0.05050578713417053,-0.191627636551857,0.3479246497154236,-0.09026356786489487,0.0003121165791526437,0.0565156452357769,0.4073330760002136,-0.1559374401001163,0.7437566645896689,-1.3616933935357016,-0.0014008122961968184,0.001479698927141726,0.002332171192392707,-0.09528011083602905,-0.07549770921468735,-0.08545118570327759,-0.17574772238731384,-0.19106408953666687,-0.3001883924007416,0.0030969027429819107,0.14859376847743988,0.39687004685401917,-0.13131851034661712,0.374941624126385,0.14465915554575648,0.0018119874875992537,0.00014767530956305563,0.0004165228456258774,0.009995006024837494,0.02266395092010498,-0.024952080100774765,0.21976953744888306,0.1291475147008896,-0.03679412603378296,0.0018650999991223216,0.03515908122062683,0.25754910707473755,-1.080936636631514,1.2916439780073732,-1.1243137996679078
-8.17903783172369e-05,-0.0015621981583535671,-0.006801905110478401,-0.7166168093681335,0.3667534589767456,-0.09771886467933655,0.5776441097259521,0.17899657785892487,-0.1005324125289917,0.0069794743321835995,0.8109233975410461,0.6130410432815552,-1.4850898091639122,1.3606262925530133,-1.0462617713277451,0.00015828452887944877,0.00017873926844913512,3.141093475278467e-05,0.016611039638519287,0.02513907290995121,-0.06402996182441711,-0.19154201447963715,0.34641119837760925,-0.09364597499370575,0.000240807727095671,0.07076535373926163,0.40676605701446533,-0.1559374401001163,0.7437566645896689,-1.3616933935357016,-0.0014386802213266492,0.0014700753381475806,0.0022878008894622326,-0.06939288973808289,-0.08142533153295517,-0.07754545658826828,-0.18735799193382263,-0.1997063010931015,-0.29425048828125,0.003076516790315509,0.13213159143924713,0.4019564390182495,-0.13131851034661712,0.374941624126385,0.14465915554575648,0.001825725194066763,0.0003052293322980404,0.00047710281796753407,0.010759410448372364,0.016625264659523964,-0.02837078645825386,0.2297893464565277,0.07465781271457672,-0.0743577629327774,0.0019115607719868422,0.034598641097545624,0.25279638171195984,-1.080936636631514,1.2916439780073732,-1.1243137996679078
-4.32552769780159e-05,-0.001432731281965971,-0.006759893149137497,-0.6735763549804688,0.3437069058418274,-0.0997878909111023,0.5616044998168945,0.15737390518188477,-0.09605073928833008,0.006910191383212805,0.7627562880516052,0.5910938382148743,-1.4850898091639122,1.3606262925530133,-1.0462617713277451,-2.1146370272617787e-06,0.0002272190322401002,-2.4453038349747658e-06,0.027970410883426666,0.028916435316205025,-0.07630188763141632,-0.19109845161437988,0.3443387746810913,-0.09596341848373413,0.00022724203881807625,0.08625823259353638,0.405335396528244,-0.1559374401001163,0.7437566645896689,-1.3616933935357016,-0.0014814273454248905,0.001574574620462954,0.002258096821606159,-0.03793056309223175,-0.08498337119817734,-0.06871208548545837,-0.1950816512107849,-0.2041196972131729,-0.2930164933204651,0.0031261658295989037,0.11568168550729752,0.40691566467285156,-0.13131851034661712,0.374941624126385,0.14465915554575648,0.001884858007542789,0.0005402488168329,0.0005147077608853579,0.010449894703924656,0.012191692367196083,-0.02362668514251709,0.23966173827648163,0.02272958680987358,-0.1100897341966629,0.0020271858666092157,0.02856672741472721,0.26471519470214844,-1.080936636631514,1.2916439780073732,-1.1243137996679078
1.8168939277529716e-05,-0.0012435299577191472,-0.006754963658750057,-0.6218850612640381,0.3173764646053314,-0.09212484955787659,0.5392346978187561,0.12570855021476746,-0.09055118262767792,0.0068684956058859825,0.7042413353919983,0.561049222946167,-1.4850898091639122,1.3606262925530133,-1.0462617713277451,-0.00018804380670189857,0.0002995097020175308,-1.05621074908413e-05,0.03892039507627487,0.034902624785900116,-0.08418732136487961,-0.19002637267112732,0.3412773013114929,-0.09641360491514206,0.00035380516783334315,0.09909840673208237,0.402337908744812,-0.1559374401001163,0.7437566645896689,-1.3616933935357016,-0.0015417966060340405,0.0017601173603907228,0.0022818800061941147,-0.008546379394829273,-0.08422968536615372,-0.05708656832575798,-0.19926045835018158,-0.20556458830833435,-0.2942422032356262,0.0032683522440493107,0.10211051255464554,0.4105362296104431,-0.13131851034661712,0.374941624126385,0.14465915554575648,0.0019857119768857956,0.0008285458898171782,0.000537946994882077,0.009237629361450672,0.007445878814905882,-0.011209341697394848,0.24865277111530304,-0.022382967174053192,-0.14100593328475952,0.0022178655490279198,0.016322508454322815,0.28672611713409424,-1.080936636631514,1.2916439780073732,-1.1243137996679078
0.00010675028897821903,-0.0010251926723867655,-0.006780607625842094,-0.5658461451530457,0.28781968355178833,-0.07475905120372772,0.5098305940628052,0.08290500938892365,-0.08392387628555298,0.006858502514660358,0.6392268538475037,0.5233007669448853,-1.4850898091639122,1.3606262925530133,-1.0462617713277451,-0.0003678664215840399,0.0003944776253774762,2.8044225473422557e-05,0.048121705651283264,0.0414583645761013,-0.08493334800004959,-0.18794690072536469,0.3365418016910553,-0.09410221874713898,0.0005401155212894082,0.10605737566947937,0.3967866599559784,-0.1559374401001163,0.7437566645896689,-1.3616933935357016,-0.0016275029629468918,0.0019468020182102919,0.002374438801780343,0.014252468943595886,-0.07885437458753586,-0.04223141446709633,-0.19970405101776123,-0.2051365226507187,-0.29549896717071533,0.0034751638304442167,0.09057945758104324,0.41143935918807983,-0.13131851034661712,0.374941624126385,0.14465915554575648,0.002114169532433152,0.001141966669820249,0.0005508403992280364,0.007404342293739319,0.000339446181897074,0.0075347209349274635,0.25646889209747314,-0.05868268385529518,-0.16567601263523102,0.0024652029387652874,0.010569367557764053,0.31091558933258057,-1.080936636631514,1.2916439780073732,-1.1243137996679078
0.00023059849627315998,-0.0008180328877642751,-0.006830975878983736,-0.513066828250885,0.2567709982395172,-0.05029048025608063,0.47351229190826416,0.029208311811089516,-0.07618008553981781,0.006883646361529827,0.5759323239326477,0.4804897606372833,-1.4850898091639122,1.3606262925530133,-1.0462617713277451,-0.0005285068182274699,0.0004968757857568562,0.00010489723354112357,0.0552460141479969,0.046099111437797546,-0.07742723822593689,-0.18439964950084686,0.3292648196220398,-0.08804261684417725,0.0007329449872486293,0.10569875687360764,0.3875178098678589,-0.1559374401001163,0.7437566645896689,-1.3616933935357016,-0.0017352612921968102,0.0020706779323518276,0.0025057392194867134,0.029091792181134224,-0.06939918547868729,-0.025341134518384933,-0.19560350477695465,-0.2037237286567688,-0.2941737473011017,0.0036847752053290606,0.07940246909856796,0.4078017771244049,-0.13131851034661712,0.374941624126385,0.14465915554575648,0.0022558830678462982,0.0014348267577588558,0.0005470747710205615,0.005281778052449226,-0.010623159818351269,0.03042237088084221,0.26321861147880554,-0.08614060282707214,-0.18385589122772217,0.0027289241552352905,0.03265377879142761,0.3324262797832489,-1.0798633177466808,1.2915161621669804,-1.1227557817433145
0.00039359088987112045,-0.0006656869081780314,-0.006906810682266951,-0.4751424193382263,0.2294798046350479,-0.022999241948127747,0.4318450689315796,-0.03289264440536499,-0.06759244203567505,0.006949970498681068,0.5281574130058289,0.4383387267589569,-1.4850898091639122,1.3606262925530133,-1.0462617713277451,-0.0006752665503881872,0.0005797736230306327,0.00017882458632811904,0.06024975702166557,0.04608646035194397,-0.06288577616214752,-0.1788916140794754,0.3185057044029236,-0.07721543312072754,0.0009077998693101108,0.0985323116183281,0.37337690591812134,-0.1559374401001163,0.7437566645896689,-1.3616933935357016,-0.0018505854532122612,0.0021296879276633263,0.002618160331621766,0.03686590492725372,-0.05630146339535713,-0.008914546109735966,-0.18553055822849274,-0.2020072042942047,-0.28746986389160156,0.0038490258157253265,0.06788533926010132,0.397325336933136,-0.13131851034661712,0.374941624126385,0.14465915554575648,0.0023994811344891787,0.0016508237458765507,0.0005082052666693926,0.00326540507376194,-0.025242727249860764,0.05421984940767288,0.2690666913986206,-0.10554946959018707,-0.19639793038368225,0.0029565184377133846,0.05989699810743332,0.3494420051574707,-1.0798633177466808,1.2915161621669804,-1.1227557817433145
0.0005899788811802864,-0.0006076166173443198,-0.007008741609752178,-0.4689124822616577,0.21506299078464508,0.001967594027519226,0.3881542682647705,-0.09821397811174393,-0.05876946449279785,0.007059726398438215,0.5158826112747192,0.4046771228313446,-1.4850898091639122,1.3606262925530133,-1.0462617713277451,-0.0008052519988268614,0.0006140780169516802,0.00020743106142617762,0.06246519461274147,0.040017757564783096,-0.04430849105119705,-0.17097744345664978,0.30341437458992004,-0.06070730835199356,0.0010337070561945438,0.08640927821397781,0.3535236120223999,-0.1559374401001163,0.7437566645896689,-1.3616933935357016,-0.0019503736402839422,0.00215895171277225,0.0026631448417901993,0.0395939014852047,-0.039902351796627045,0.0038694702088832855,-0.16753935813903809,-0.20048308372497559,-0.2724648118019104,0.003944283351302147,0.05634578317403793,0.37749171257019043,-0.13131851034661712,0.374941624126385,0.14465915554575648,0.0025361264124512672,0.0017448071157559752,0.00042269157711416483,0.0016980171203613281,-0.041010431945323944,0.07484537363052368,0.27436381578445435,-0.11850211769342422,-0.20421196520328522,0.003107242751866579,0.08536139875650406,0.36196792125701904,-1.0798633177466808,1.2915161621669804,-1.1227557817433145
0.0008046184666454792,-0.0006657292833551764,-0.007128224708139896,-0.517707347869873,0.22573263943195343,0.018492937088012695,0.34662318229675293,-0.16025134921073914,-0.050487443804740906,0.007204317953437567,0.5650823712348938,0.3851974904537201,-1.4850898091639122,1.3606262925530133,-1.0462617713277451,-0.0008942148415371776,0.000583317072596401,0.0001736039121169597,0.06074536591768265,0.02915114350616932,-0.02528340369462967,-0.16038072109222412,0.2834681272506714,-0.037949856370687485,0.0010816734284162521,0.0719655454158783,0.3278968334197998,-0.1559374401001163,0.7437566645896689,-1.3616933935357016,-0.0020060986280441284,0.0021792373154312372,0.002624038141220808,0.039228808134794235,-0.020533718168735504,0.010649852454662323,-0.13940033316612244,-0.1994938850402832,-0.2462829202413559,0.003957156091928482,0.045540664345026016,0.3462449014186859,-0.13131851034661712,0.374941624126385,0.14465915554575648,0.002652613678947091,0.0017097420059144497,0.00029325857758522034,0.0008305944502353668,-0.054174698889255524,0.08840363472700119,0.27933305501937866,-0.12658755481243134,-0.208419069647789,0.003169476054608822,0.10368601977825165,0.3707962930202484,-1.0798633177466808,1.2915161621669804,-1.1227557817433145
0.0010151138994842768,-0.0008295901352539659,-0.0072487229481339455,-0.651517391204834,0.2765003740787506,0.019615888595581055,0.31055110692977905,-0.2138175219297409,-0.04335227608680725,0.007366319186985493,0.7080340385437012,0.37952515482902527,-1.4850898091639122,1.3606262925530133,-1.0462617713277451,-0.0009162902133539319,0.0004967442364431918,8.625698683317751e-05,0.05406275391578674,0.016796382144093513,-0.009182232432067394,-0.1471642106771469,0.2587965130805969,-0.009074859321117401,0.0010458406759425998,0.05735166370868683,0.2978511154651642,-0.1559374401001163,0.7437566645896689,-1.3616933935357016,-0.0019959132187068462,0.002185887424275279,0.002519776113331318,0.037509333342313766,0.001270285458303988,0.011180231347680092,-0.09900431334972382,-0.19925706088542938,-0.20644335448741913,0.0038872926961630583,0.03916070982813835,0.30351951718330383,-0.13131851034661712,0.374941624126385,0.14465915554575648,0.0027279946953058243,0.0015753705520182848,0.00013507832773029804,0.0007584802806377411,-0.06157836318016052,0.09257836639881134,0.2840031683444977,-0.13119421899318695,-0.2100667804479599,0.0031530926935374737,0.11119003593921661,0.3768259286880493,-1.0798633177466808,1.2915161621669804,-1.1227557817433145
0.001194108510389924,-0.001053284271620214,-0.007354479283094406,-0.9057000875473022,0.3849896788597107,-0.0014672279357910156,0.28144851326942444,-0.25641846656799316,-0.03762497007846832,0.007524870336055756,0.9841299653053284,0.3825955390930176,-1.4850898091639122,1.3606262925530133,-1.0462617713277451,-0.0008638165891170502,0.00038591999327763915,-3.162115172017366e-05,0.041985493153333664,0.006345969159156084,0.001417720690369606,-0.13195356726646423,0.23060175776481628,0.024605557322502136,0.0009466325864195824,0.042486030608415604,0.2668226957321167,-0.1559374401001163,0.7437566645896689,-1.3616933935357016,-0.0019134578760713339,0.002166938269510865,0.002392838941887021,0.03607353940606117,0.024134524166584015,0.006918400526046753,-0.04498038440942764,-0.1998835951089859,-0.1514403373003006,0.003752681892365217,0.04395042359828949,0.25477609038352966,-0.13131851034661712,0.374941624126385,0.14465915554575648,0.002737542614340782,0.0013912452850490808,-3.154505975544453e-05,0.0013700798153877258,-0.0615452341735363,0.08748605847358704,0.2881030738353729,-0.13332416117191315,-0.21002915501594543,0.003070944221690297,0.10697431117296219,0.3806454539299011,-1.0798633177466808,1.2915161621669804,-1.1227557817433145
0.0013108234852552414,-0.0012705862754955888,-0.007433552294969559,-1.3179477453231812,0.5700627565383911,-0.05037158727645874,0.2593255639076233,-0.2878243625164032,-0.033285968005657196,0.007654433138668537,1.4368350505828857,0.38884517550468445,-1.484821095472628,1.3606917280435935,-1.0459005692858123,-0.0007472484139725566,0.00028193226899020374,-0.00015516341954935342,0.025193531066179276,-0.000254566315561533,0.005590570624917746,-0.11604789644479752,0.20136503875255585,0.06035637855529785,0.0008135979878716171,0.025807620957493782,0.2401205599308014,-0.1559374401001163,0.7437566645896689,-1.3616933935357016,-0.0017630233196541667,0.002116836840286851,0.0022832280956208706,0.03604232892394066,0.04598681256175041,-0.0002940718550235033,0.02243494987487793,-0.20138199627399445,-0.08160199224948883,0.003578041447326541,0.05842878296971321,0.21844203770160675,-0.13131851034661712,0.374941624126385,0.14465915554575648,0.002662563230842352,0.0012052415404468775,-0.00018152408301830292,0.0023705661296844482,-0.05378041788935661,0.07543141394853592,0.29096609354019165,-0.13348491489887238,-0.20896272361278534,0.002928276313468814,0.09267065674066544,0.3822890520095825,-1.0798633177466808,1.2915161621669804,-1.1227557817433145
0.0013338234275579453,-0.0014230107190087438,-0.007474520243704319,-1.9229986667633057,0.8483128547668457,-0.13054847717285156,0.24339359998703003,-0.3090914785861969,-0.03014925867319107,0.00772479735314846,2.105849504470825,0.39457187056541443,-1.484821095472628,1.3606917280435935,-1.0459005692858123,-0.0005913795903325081,0.00019749403872992843,-0.0002625280758365989,0.005508771166205406,-0.0027559646405279636,0.004403810016810894,-0.10107830166816711,0.1742032915353775,0.09475388377904892,0.0006765018333680928,0.007572017144411802,0.22258011996746063,-0.1559374401001163,0.7437566645896689,-1.3616933935357016,-0.0015600892947986722,0.0020441673696041107,0.002205952536314726,0.03755832463502884,0.06518075615167618,-0.008795151486992836,0.10025720298290253,-0.203644797205925,-0.0002506822347640991,0.0033880267292261124,0.0757397785782814,0.22698628902435303,-0.13131851034661712,0.374941624126385,0.14465915554575648,0.0025015310384333134,0.0010492224246263504,-0.00028811930678784847,0.0034269988536834717,-0.039219316095113754,0.059629663825035095,0.29144996404647827,-0.13163919746875763,-0.20729999244213104,0.002727918326854706,0.07145345211029053,0.3811105489730835,-1.0798633177466808,1.2915161621669804,-1.1227557817433145
0.0012444730382412672,-0.0014768806286156178,-0.007469113450497389,-2.7434797286987305,1.2300894260406494,-0.24270331859588623,0.2324157953262329,-0.3220074474811554,-0.027962490916252136,0.007714761421084404,3.0164060592651367,0.398105263710022,-1.484821095472628,1.3606917280435935,-1.0459005692858123,-0.00043301901314407587,0.0001342890755040571,-0.0003304970159661025,-0.014709288254380226,-0.001906349789351225,0.00019075023010373116,-0.08835262060165405,0.15163463354110718,0.12509256601333618,0.0005610412918031216,0.014833533205091953,0.2155165821313858,-0.1559374401001163,0.7437566645896689,-1.3616933935357016,-0.0013431250117719173,0.001972461584955454,0.0021564022172242403,0.039891570806503296,0.08094583451747894,-0.016996826976537704,0.1821776032447815,-0.20644623041152954,0.08572349697351456,0.0032163115683943033,0.09182841330766678,0.28836995363235474,-0.13131851034661712,0.374941624126385,0.14465915554575648,0.0022762054577469826,0.0009392526699230075,-0.00033371581230312586,0.00432872399687767,-0.02014436572790146,0.042931683361530304,0.2878887951374054,-0.12720181047916412,-0.20526787638664246,0.0024848890025168657,0.047619983553886414,0.37575945258140564,-1.0798633177466808,1.2915161621669804,-1.1227557817433145
0.001045901793986559,-0.0014289958635345101,-0.007419276051223278,-3.777031421661377,1.712983250617981,-0.3834785223007202,0.2251380980014801,-0.32854047417640686,-0.02647591382265091,0.007627686485648155,4.165012836456299,0.399157851934433,-1.484821095472628,1.3606917280435935,-1.0459005692858123,-0.000307010137476027,0.0001008952094707638,-0.0003346215235069394,-0.03314559534192085,0.001227560918778181,-0.004360503051429987,-0.07850901782512665,0.1349133402109146,0.15010382235050201,0.00046519527677446604,0.033453721553087234,0.21655584871768951,-0.1559374401001163,0.7437566645896689,-1.3616933935357016,-0.001170477131381631,0.0019270923221483827,0.0021380637772381306,0.04217023774981499,0.09262476861476898,-0.023401372134685516,0.2602580785751343,-0.20950959622859955,0.16769123077392578,0.0031072525307536125,0.10442844778299332,0.37383002042770386,-0.13131851034661712,0.374941624126385,0.14465915554575648,0.0020248666405677795,0.0008819556096568704,-0.0003154170699417591,0.0050278641283512115,-0.00013769674114882946,0.027465099468827248,0.2780998647212982,-0.11908485740423203,-0.20292013883590698,0.002231012796983123,0.027921857312321663,0.3642764389514923,-1.0798633177466808,1.2915161621669804,-1.1227557817433145
0.0007657294627279043,-0.001300490228459239,-0.007335514761507511,-4.978819847106934,2.273914337158203,-0.5439045429229736,0.2205151617527008,-0.33056578040122986,-0.025490090250968933,0.0074891517870128155,5.50046968460083,0.3981838822364807,-1.484821095472628,1.3606917280435935,-1.0459005692858123,-0.0002295718586537987,0.00011273622658336535,-0.00026189422351308167,-0.047954902052879333,0.005392738617956638,-0.0067055923864245415,-0.07169565558433533,0.1242116242647171,0.16963276267051697,0.0003660618676804006,0.0487208291888237,0.2221352458000183,-0.15564518729582574,0.7437066125353023,-1.3622372986441205,-0.0010918064508587122,0.001915561966598034,0.002173022832721472,0.043556809425354004,0.0989508181810379,-0.026868313550949097,0.3281937837600708,-0.21262022852897644,0.23877111077308655,0.0030957143753767014,0.11140181869268417,0.45818135142326355,-0.13131851034661712,0.374941624126385,0.14465915554575648,0.0017865401459857821,0.0008753101574257016,-0.0002423374098725617,0.005584692116826773,0.016510140150785446,0.01480212900787592,0.25948259234428406,-0.10580320656299591,-0.20017999410629272,0.002004150999709964,0.022866493090987206,0.3443799614906311,-1.0798633177466808,1.2915161621669804,-1.1227557817433145
0.0004472255241125822,-0.0011285027721896768,-0.007230550982058048,-6.239715576171875,2.8598146438598633,-0.7076375484466553,0.21787559986114502,-0.3297082185745239,-0.024889394640922546,0.00733173917979002,6.900242328643799,0.3959757089614868,-1.484821095472628,1.3606917280435935,-1.0459005692858123,-0.0001988977164728567,0.000175695022335276,-0.00012344535207375884,-0.05809536576271057,0.009367242455482483,-0.00492394994944334,-0.06745535135269165,0.11889633536338806,0.1843089759349823,0.0002926906163338572,0.059051353484392166,0.22946973145008087,-0.15564518729582574,0.7437066125353023,-1.3622372986441205,-0.001121828332543373,0.0019222747068852186,0.002277066232636571,0.04231030493974686,0.09846445173025131,-0.026988063007593155,0.3830026388168335,-0.2156757265329361,0.29564473032951355,0.0031841278541833162,0.11051590740680695,0.5297290682792664,-0.13131851034661712,0.374941624126385,0.14465915554575648,0.001592552405782044,0.000905922963283956,-0.00013394386041909456,0.006099083460867405,0.026004046201705933,0.0059469034895300865,0.22925294935703278,-0.08566197007894516,-0.19689056277275085,0.0018370792968198657,0.027363751083612442,0.3141031265258789,-1.0798633177466808,1.2915161621669804,-1.1227557817433145
0.00013732840307056904,-0.0009582958882674575,-0.007119389716535807,-7.361372947692871,3.3773398399353027,-0.8492636680603027,0.21702706813812256,-0.327281653881073,-0.02466418594121933,0.007184907793998718,8.1435546875,0.3934746980667114,-1.484821095472628,1.3606917280435935,-1.0459005692858123,-0.00020671421953011304,0.0002755940950009972,4.479917697608471e-05,-0.06336215138435364,0.012144766747951508,0.001765596680343151,-0.06536751985549927,0.11785933375358582,0.19482362270355225,0.0003474044497124851,0.06453971564769745,0.2368965595960617,-0.15564518729582574,0.7437066125353023,-1.3622372986441205,-0.0012400345876812935,0.0019282023422420025,0.002434154273942113,0.0355382040143013,0.0905420258641243,-0.02417098730802536,0.42433997988700867,-0.2189061939716339,0.33791378140449524,0.0033437637612223625,0.1002250388264656,0.5849530696868896,-0.1315675459250694,0.3749302224366518,0.14498356972685672,0.0014694164274260402,0.0009501989698037505,-1.774058910086751e-05,0.006648677866905928,0.02652880921959877,0.0011317883618175983,0.1848667711019516,-0.05705534666776657,-0.192874476313591,0.0017499650130048394,0.027372678741812706,0.2731878459453583,-1.0798633177466808,1.2915161621669804,-1.1227557817433145
-0.00011927029117941856,-0.0008343334193341434,-0.0070201135240495205,-8.031217575073242,3.6820502281188965,-0.9325377941131592,0.21831372380256653,-0.3242935240268707,-0.024923473596572876,0.007070525549352169,8.884119987487793,0.3917248547077179,-1.484821095472628,1.3606917280435935,-1.0459005692858123,-0.00024316662165801972,0.0003909585066139698,0.00019627118308562785,-0.06413783133029938,0.013460798189043999,0.013030442409217358,-0.06480593234300613,0.11959078162908554,0.20181797444820404,0.0005005006678402424,0.06681801378726959,0.24337677657604218,-0.15564518729582574,0.7437066125353023,-1.3622372986441205,-0.0014087356394156814,0.0019354689866304398,0.0026017145719379187,0.02049688622355461,0.07577209174633026,-0.019240861758589745,0.4537304639816284,-0.22180238366127014,0.36707496643066406,0.0035354625433683395,0.08081920444965363,0.6243489980697632,-0.1315675459250694,0.3749302224366518,0.14498356972685672,0.0014394880272448063,0.000982204219326377,7.996812928467989e-05,0.0072537376545369625,0.01892664283514023,-0.00021816417574882507,0.12468645721673965,-0.018909931182861328,-0.18800541758537292,0.0017444901168346405,0.020270226523280144,0.22638536989688873,-1.0798633177466808,1.2915161621669804,-1.1227557817433145
-0.0002852254547178745,-0.0007873361464589834,-0.0069474950432777405,-7.801909446716309,3.5691678524017334,-0.9079742431640625,0.2226310670375824,-0.3214854300022125,-0.025898724794387817,0.006997781340032816,8.627466201782227,0.3919033408164978,-1.484821095472628,1.3606917280435935,-1.0459005692858123,-0.00029630548669956625,0.0005075823864899576,0.0002957349643111229,-0.06124993413686752,0.013863746076822281,0.02788647636771202,-0.06507675349712372,0.12222559005022049,0.20560084283351898,0.0006579483160749078,0.06871254742145538,0.24788260459899902,-0.15564518729582574,0.7437066125353023,-1.3622372986441205,-0.0015837160171940923,0.0019642573315650225,0.002742463257163763,-0.0035621102433651686,0.0555318258702755,-0.012546533718705177,0.47309839725494385,-0.2245279997587204,0.38534611463546753,0.003726602764800191,0.05704285949468613,0.6501742601394653,-0.1315675459250694,0.3749302224366518,0.14498356972685672,0.0015130250249058008,0.0009844076121225953,0.00014550407649949193,0.007888730615377426,0.005817956756800413,0.0008432129397988319,0.04893732815980911,0.028698772192001343,-0.1822943091392517,0.0018109319498762488,0.009838277474045753,0.19091804325580597,-1.0798633177466808,1.2915161621669804,-1.1227557817433145
-0.0003378051333129406,-0.0008228498045355082,-0.006905915681272745,-6.082003116607666,2.769472599029541,-0.7100787162780762,0.23138879239559174,-0.3193884789943695,-0.027935773134231567,0.006962963845580816,6.720487594604492,0.39538609981536865,-1.484821095472628,1.3606917280435935,-1.0459005692858123,-0.00035211583599448204,0.0006190877174958587,0.00033478435943834484,-0.05591743811964989,0.014432567171752453,0.04489981755614281,-0.06543770432472229,0.12352655082941055,0.2059972882270813,0.0007869788678362966,0.0731508880853653,0.24894936382770538,-0.15564518729582574,0.7437066125353023,-1.3622372986441205,-0.0017290560062974691,0.0020293151028454304,0.0028386092744767666,-0.03554863482713699,0.03167911246418953,-0.003933664411306381,0.4845070242881775,-0.22690638899803162,0.3952026665210724,0.0038942850660532713,0.04777808487415314,0.6651456356048584,-0.1315675459250694,0.3749302224366518,0.14498356972685672,0.0016783659812062979,0.0009537066798657179,0.00018110009841620922,0.008514558896422386,-0.009905822575092316,0.0032438128255307674,-0.03902127593755722,0.08373992890119553,-0.17599238455295563,0.0019388827495276928,0.01345902495086193,0.19876708090305328,-1.0798633177466808,1.2915161621669804,-1.1227557817433145
-0.00027336273342370987,-0.0009200677159242332,-0.006891443394124508,-2.1473536491394043,0.9542838335037231,-0.25694698095321655,0.246404767036438,-0.3183772563934326,-0.03147050738334656,0.006957962643355131,2.36385440826416,0.4038189947605133,-1.484821095472628,1.3606917280435935,-1.0459005692858123,-0.00039680523332208395,0.000717178569175303,0.0003295126371085644,-0.049442362040281296,0.01637665554881096,0.06197734549641609,-0.06510021537542343,0.12085229903459549,0.20227035880088806,0.0008833900792524219,0.0809563621878624,0.24445165693759918,-0.15564518729582574,0.7437066125353023,-1.3622372986441205,-0.0018247643020004034,0.0021185926161706448,0.0028853241819888353,-0.0737665668129921,0.006384248845279217,0.007065509911626577,0.489632248878479,-0.22859367728233337,0.39891985058784485,0.004017871804535389,0.07437866926193237,0.6716635227203369,-0.1315675459250694,0.3749302224366518,0.14498356972685672,0.0019000463653355837,0.0008997294353321195,0.0001969760050997138,0.00909536425024271,-0.025929028168320656,0.006162731908261776,-0.13205131888389587,0.14181743562221527,-0.16963981091976166,0.002111513400450349,0.02816059999167919,0.25754106044769287,-1.0798633177466808,1.2915161621669804,-1.1227557817433145
-0.00010938826017081738,-0.0010434213327243924,-0.006901055574417114,4.81434440612793,-2.245157241821289,0.5448083877563477,0.26970046758651733,-0.3187098801136017,-0.03698138892650604,0.006980348378419876,5.339986801147461,0.41914430260658264,-1.484821095472628,1.3606917280435935,-1.0459005692858123,-0.00041951751336455345,0.0007885240484029055,0.0003058660659007728,-0.042695995420217514,0.02069970965385437,0.07626275718212128,-0.06323004513978958,0.11115763336420059,0.19312065839767456,0.0009440970025025308,0.08981889486312866,0.23162393271923065,-0.15564518729582574,0.7437066125353023,-1.3622372986441205,-0.001866792910732329,0.0021978728473186493,0.002879552310332656,-0.11661248654127121,-0.018289005383849144,0.021009644493460655,0.48950329422950745,-0.2290320247411728,0.3983401656150818,0.0040752156637609005,0.1198931336402893,0.6713747382164001,-0.1315675459250694,0.3749302224366518,0.14498356972685672,0.0021304693073034286,0.000838130188640207,0.00020192889496684074,0.009600583463907242,-0.04075032100081444,0.009128466248512268,-0.2211403250694275,0.19735503196716309,-0.1639155149459839,0.0022982899099588394,0.04284960776567459,0.3387039303779602,-1.0798633177466808,1.2915161621669804,-1.1227557817433145
0.00011602835729718208,-0.001160169835202396,-0.006935608573257923,15.611213684082031,-7.196653366088867,1.7887520790100098,0.30316174030303955,-0.3205471634864807,-0.04490929841995239,0.007032931316643953,17.282981872558594,0.44347983598709106,-1.484821095472628,1.3606917280435935,-1.0459005692858123,-0.00041492871241644025,0.0008226803038269281,0.00028828001813963056,-0.035937633365392685,0.027896588668227196,0.08477549254894257,-0.05896341800689697,0.0910823792219162,0.17677873373031616,0.0009654398309066892,0.09621131420135498,0.20742084085941315,-0.15564518729582574,0.7437066125353023,-1.3622372986441205,-0.0018623842624947429,0.0022328488994389772,0.0028215209022164345,-0.1621277779340744,-0.04121679067611694,0.03833289444446564,0.48438358306884766,-0.22741985321044922,0.3947754204273224,0.004051551688462496,0.17162065207958221,0.6649773716926575,-0.1315675459250694,0.3749302224366518,0.14498356972685672,0.002326694317162037,0.000782494549639523,0.00020218861754983664,0.009979856200516224,-0.05391290783882141,0.012096147984266281,-0.29893773794174194,0.24605661630630493,-0.15931236743927002,0.002463064156472683,0.056147269904613495,0.41867417097091675,-1.080285385624599,1.2916266730356547,-1.1226476496223041
0.00034905108623206615,-0.0012507162755355239,-0.006991407833993435,30.89104461669922,-14.196258544921875,3.5500946044921875,0.34802618622779846,-0.3239433169364929,-0.05553646385669708,0.00711097102612257,34.1817741394043,0.4786917567253113,-1.484821095472628,1.3606917280435935,-1.0459005692858123,-0.00038559630047529936,0.0008203706238418818,0.00029726518550887704,-0.029181741178035736,0.0376725047826767,0.08571434020996094,-0.0514555461704731,0.05719207972288132,0.15121760964393616,0.0009539701277390122,0.09807007759809494,0.16966252028942108,-0.15564518729582574,0.7437066125353023,-1.3622372986441205,-0.0018246556865051389,0.002200963208451867,0.0027216854505240917,-0.20767611265182495,-0.06267724186182022,0.05905202031135559,0.4737706184387207,-0.22271107137203217,0.3890047073364258,0.003947300370782614,0.2248220294713974,0.6522142887115479,-0.1315675459250694,0.3749302224366518,0.14498356972685672,0.00245592650026083,0.0007466098759323359,0.00020640750881284475,0.01027327124029398,-0.06621673703193665,0.015549243427813053,-0.3621166944503784,0.2854143977165222,-0.15610991418361664,0.002575190272182226,0.06878935545682907,0.4867855906486511,-1.080285385624599,1.2916266730356547,-1.1226476496223041
0.0005306461825966835,-0.0013077515177428722,-0.007053527515381575,50.906028747558594,-23.3603515625,5.858314514160156,0.40416163206100464,-0.3288070261478424,-0.06881561875343323,0.0071933334693312645,56.31562423706055,0.5255438089370728,-1.484821095472628,1.3606917280435935,-1.0459005692858123,-0.0003418903797864914,0.0007930104620754719,0.0003477141435723752,-0.022728584706783295,0.04881618544459343,0.07942521572113037,-0.03998001664876938,0.0064390674233436584,0.11451984941959381,0.0009309456218034029,0.09595818817615509,0.12146876007318497,-0.15564518729582574,0.7437066125353023,-1.3622372986441205,-0.0017701132455840707,0.0020905882120132446,0.0026008798740804195,-0.25084736943244934,-0.08367422968149185,0.08232984691858292,0.45650964975357056,-0.21366015076637268,0.38134196400642395,0.003777358215302229,0.2769548296928406,0.6320391297340393,-0.1315675459250694,0.3749302224366518,0.14498356972685672,0.0024982502218335867,0.000737216672860086,0.00022655725479125977,0.010457467287778854,-0.07962587475776672,0.02043806202709675,-0.41000092029571533,0.31522488594055176,-0.1542072594165802,0.0026145880110561848,0.08286949247121811,0.539673388004303,-1.080285385624599,1.2916266730356547,-1.1226476496223041
0.0006148002576082945,-0.001332008745521307,-0.007103005424141884,75.18695068359375,-34.47591018676758,8.65969467163086,0.46911880373954773,-0.33483025431632996,-0.08414582908153534,0.007252924609929323,83.16643524169922,0.5824639797210693,-1.484821095472628,1.3606917280435935,-1.0459005692858123,-0.00029827060643583536,0.0007567323045805097,0.0004423765349201858,-0.017310721799731255,0.05936029925942421,0.06831063330173492,-0.024095185101032257,-0.06308815628290176,0.06543877720832825,0.0009259082726202905,0.09213928878307343,0.09403683990240097,-0.15564518729582574,0.7437066125353023,-1.3622372986441205,-0.001717623439617455,0.0019038853934034705,0.0024848436005413532,-0.2907314598560333,-0.10483254492282867,0.10620731860399246,0.4310305118560791,-0.19893516600131989,0.3717544972896576,0.0035706383641809225,0.32679447531700134,0.6029626131057739,-0.1315675459250694,0.3749302224366518,0.14498356972685672,0.00244787335395813,0.0007554314797744155,0.0002669325331225991,0.010519415140151978,-0.0964939072728157,0.027997247874736786,-0.44366198778152466,0.3361751139163971,-0.15331143140792847,0.002575657796114683,0.10102266073226929,0.5773682594299316,-1.080285385624599,1.2916266730356547,-1.1226476496223041
0.0005848805885761976,-0.0013303678715601563,-0.007131738588213921,102.12480163574219,-46.808528900146484,11.769187927246094,0.5376592874526978,-0.3414553701877594,-0.10025997459888458,0.007278300356119871,112.95586395263672,0.6447645425796509,-1.484821095472628,1.3606917280435935,-1.0459005692858123,-0.0002654875861480832,0.0007282763253897429,0.0005651011597365141,-0.013697056099772453,0.06697860360145569,0.055848732590675354,-0.0038917474448680878,-0.15107090771198273,0.004188135266304016,0.0009592754067853093,0.08827697485685349,0.15117904543876648,-0.15564518729582574,0.7437066125353023,-1.3622372986441205,-0.0016818620497360826,0.0016590915620326996,0.0023965444415807724,-0.32796549797058105,-0.12629437446594238,0.12793684005737305,0.39572933316230774,-0.1773231327533722,0.36002570390701294,0.003365214681252837,0.37400463223457336,0.5636166334152222,-0.1315675459250694,0.3749302224366518,0.14498356972685672,0.002317178063094616,0.0007888864492997527,0.00031230796594172716,0.01042312104254961,-0.1185779944062233,0.039366625249385834,-0.46479514241218567,0.3493393063545227,-0.15295295417308807,0.0024676290340721607,0.125375896692276,0.6012213230133057,-1.080285385624599,1.2916266730356547,-1.1226476496223041
0.00045512523502111435,-0.001316841458901763,-0.007149242330342531,128.47425842285156,-58.87453079223633,14.812854766845703,0.6031968593597412,-0.3480212986469269,-0.11556398868560791,0.0072837406769394875,142.09597778320312,0.7059180736541748,-1.484821095472628,1.3606917280435935,-1.0459005692858123,-0.00023980715195648372,0.0007189256139099598,0.0006808456964790821,-0.012252606451511383,0.06962348520755768,0.04533150792121887,0.019672121852636337,-0.25349244475364685,-0.06652170419692993,0.001018779817968607,0.08397917449474335,0.2628127634525299,-0.15564518729582574,0.7437066125353023,-1.3622372986441205,-0.0016631106846034527,0.0013843270717188716,0.0023464616388082504,-0.36383256316185,-0.14869610965251923,0.14476898312568665,0.34952449798583984,-0.14805454015731812,0.34596002101898193,0.0031918929889798164,0.4188588261604309,0.5135911107063293,-0.1315675459250694,0.3749302224366518,0.14498356972685672,0.002131966408342123,0.0008095752564258873,0.00033108185743913054,0.010140130296349525,-0.1463511884212494,0.055008843541145325,-0.4749891757965088,0.35572418570518494,-0.15250970423221588,0.0023044105619192123,0.1566763073205948,0.6127100586891174,-1.080285385624599,1.2916266730356547,-1.1226476496223041
0.00025981455110013485,-0.0013131146552041173,-0.007175253704190254,148.81838989257812,-68.19515991210938,17.165023803710938,0.6605583429336548,-0.3540312349796295,-0.1287875771522522,0.007299043703824282,164.5968780517578,0.760435163974762,-1.484821095472628,1.3606917280435935,-1.0459005692858123,-0.00019784941105172038,0.000723913311958313,0.000747508427593857,-0.012843122705817223,0.06637875735759735,0.038915347307920456,0.04460521787405014,-0.3619058430194855,-0.14096011221408844,0.00105922797229141,0.07800954580307007,0.39094147086143494,-0.15564518729582574,0.7437066125353023,-1.3622372986441205,-0.0016425485955551267,0.0011102641001343727,0.0023269210942089558,-0.39965859055519104,-0.17391611635684967,0.15474644303321838,0.29261553287506104,-0.11126881837844849,0.32963332533836365,0.003056994406506419,0.4625151455402374,0.4546017348766327,-0.1315675459250694,0.3749302224366518,0.14498356972685672,0.0019193082116544247,0.0007817462319508195,0.00029258575523272157,0.00970422476530075,-0.17862823605537415,0.07407619804143906,-0.47526222467422485,0.35597968101501465,-0.15122103691101074,0.002092959126457572,0.19362205266952515,0.612750768661499,-1.080285385624599,1.2916266730356547,-1.1226476496223041
4.0010781958699226e-05,-0.001344520365819335,-0.007226778194308281,156.6570587158203,-71.79428100585938,18.07300567626953,0.7074117660522461,-0.35928648710250854,-0.1393231749534607,0.0073508950881659985,173.2699737548828,0.8055614233016968,-1.484821095472628,1.3606917280435935,-1.0459005692858123,-0.0001062632363755256,0.0007186740403994918,0.0007382629555650055,-0.014799658209085464,0.057937487959861755,0.03708985447883606,0.0684128999710083,-0.4657040536403656,-0.21191619336605072,0.0010357685387134552,0.07036646455526352,0.5162064433097839,-0.15564518729582574,0.7437066125353023,-1.3622372986441205,-0.0015899221180006862,0.0008618379943072796,0.002314432756975293,-0.43644973635673523,-0.20472471415996552,0.157366544008255,0.22745804488658905,-0.06863205134868622,0.3116895854473114,0.0029372121207416058,0.5071141719818115,0.3919157087802887,-0.1315675459250694,0.3749302224366518,0.14498356972685672,0.0017001458909362555,0.0006758174276910722,0.00018537486903369427,0.009219108149409294,-0.21243953704833984,0.09428635239601135,-0.46583569049835205,0.3502570688724518,-0.14820529520511627,0.0018389096949249506,0.23260581493377686,0.6013715267181396,-1.080285385624599,1.2916266730356547,-1.1226476496223041
-0.00016756821423768997,-0.001431314623914659,-0.007308564148843288,148.85134887695312,-68.13536834716797,17.116897583007812,0.7439166307449341,-0.3634236454963684,-0.14736351370811462,0.007449285127222538,164.59690856933594,0.8409546613693237,-1.4856973385864018,1.3607731932810108,-1.0473415612267036,5.870450695510954e-05,0.0006713187322020531,0.0006596921011805534,-0.016810530796647072,0.04618479683995247,0.03840351104736328,0.08910667896270752,-0.5564596652984619,-0.2736627757549286,0.0009430316276848316,0.06237354502081871,0.6264811754226685,-0.15564518729582574,0.7437066125353023,-1.3622372986441205,-0.0014821086078882217,0.0006461466546170413,0.002274716505780816,-0.47419384121894836,-0.24361473321914673,0.1538773775100708,0.15926216542720795,-0.023646844550967216,0.2934987545013428,0.0027907860931009054,0.5548748970031738,0.33476129174232483,-0.1315675459250694,0.3749302224366518,0.14498356972685672,0.0014906537253409624,0.0004807390214409679,2.5878427550196648e-05,0.008807860314846039,-0.2435310035943985,0.1125815361738205,-0.44612598419189453,0.33820194005966187,-0.14249646663665771,0.0015664700185880065,0.26843905448913574,0.5776799917221069,-1.080285385624599,1.2916266730356547,-1.1226476496223041
-0.00032951380126178265,-0.0015795906074345112,-0.007408597506582737,128.49562072753906,-58.83948516845703,14.766853332519531,0.7711374163627625,-0.36740636825561523,-0.15269595384597778,0.007582282181829214,142.0959930419922,0.8677306175231934,-1.4856973385864018,1.3607731932810108,-1.0473415612267036,0.0002956734679173678,0.0005629088263958693,0.0005498669343069196,-0.01706441305577755,0.033260270953178406,0.03975755721330643,0.10572846233844757,-0.630165696144104,-0.3234911561012268,0.0008406204869970679,0.05457200109958649,0.7161939740180969,-0.15564518729582574,0.7437066125353023,-1.3622372986441205,-0.0013168018776923418,0.0004479327180888504,0.00217161956243217,-0.5111681222915649,-0.29169583320617676,0.14662876725196838,0.09459518641233444,0.019286369904875755,0.27679839730262756,0.002578864572569728,0.6065305471420288,0.2931511104106903,-0.1315675459250694,0.3749302224366518,0.14498356972685672,0.0013031456619501114,0.00021028191258665174,-0.00014510838082060218,0.008556820452213287,-0.2677237093448639,0.12624478340148926,-0.4149497151374817,0.3190789222717285,-0.1331179141998291,0.001327954581938684,0.2961198091506958,0.540106475353241,-1.080285385624599,1.2916266730356547,-1.1226476496223041
-0.00042846333235502243,-0.001772213727235794,-0.007498015183955431,102.13760375976562,-46.793365478515625,11.718570709228516,0.7911518812179565,-0.37104856967926025,-0.1559944450855255,0.007716511841863394,112.95589447021484,0.8876556754112244,-1.4856973385864018,1.3607731932810108,-1.0473415612267036,0.0005732838180847466,0.0003981386253144592,0.00045893905917182565,-0.01368026714771986,0.020832914859056473,0.03739316761493683,0.11822538077831268,-0.6865337491035461,-0.36099112033843994,0.0008353404700756073,0.04493783414363861,0.7846148014068604,-0.1558257413969305,0.7436302430484922,-1.3625848242044998,-0.001113268779590726,0.0002427368308417499,0.001983875408768654,-0.5441743731498718,-0.3484917879104614,0.13787612318992615,0.03867410868406296,0.0566696971654892,0.26297494769096375,0.002287804614752531,0.6607435941696167,0.2717774212360382,-0.1315675459250694,0.3749302224366518,0.14498356972685672,0.0011445411946624517,-9.600992052583024e-05,-0.0002760110655799508,0.008460450917482376,-0.28240835666656494,0.13407321274280548,-0.3709540367126465,0.29203474521636963,-0.11921393126249313,0.0011812597513198853,0.31273260712623596,0.4869323968887329,-1.080285385624599,1.2916266730356547,-1.1226476496223041
-0.000461869640275836,-0.001974467420950532,-0.007538480684161186,75.1961669921875,-34.47174072265625,8.59659194946289,0.8058598041534424,-0.3744926154613495,-0.1577407419681549,0.007806441746652126,83.16649627685547,0.9025169610977173,-1.4856973385864018,1.3607731932810108,-1.0473415612267036,0.0008371742442250252,0.00020346103701740503,0.00042520504212006927,-0.005021494813263416,0.009815659373998642,0.027991870418190956,0.1269001066684723,-0.7270888090133667,-0.3877311646938324,0.0009607582469470799,0.03008500300347805,0.8337249159812927,-0.1558257413969305,0.7436302430484922,-1.3625848242044998,-0.0009085574420168996,1.924784737639129e-05,0.0017157811671495438,-0.5696925520896912,-0.4126289188861847,0.12920938432216644,-0.00604185089468956,0.08684007823467255,0.2526790499687195,0.0019415849819779396,0.7151973843574524,0.26725342869758606,-0.1315675459250694,0.3749302224366518,0.14498356972685672,0.001014481415040791,-0.000379274133592844,-0.00032534851925447583,0.00837639719247818,-0.2871539294719696,0.13704240322113037,-0.3132898807525635,0.25651174783706665,-0.10025689750909805,0.0011308726388961077,0.3182894289493561,0.4171333909034729,-1.080285385624599,1.2916266730356547,-1.1226476496223041
-0.00044661550782620907,-0.0021468698978424072,-0.0075029716826975346,50.91634750366211,-23.358407974243164,5.776767730712891,0.8166881799697876,-0.3777458965778351,-0.15838700532913208,0.007816847413778305,56.31572341918945,0.9136509299278259,-1.4856973385864018,1.3607731932810108,-1.0473415612267036,0.0010298764100298285,2.320724888704717e-05,0.00045969325583428144,0.010165303945541382,0.0004673916846513748,0.009549460373818874,0.13243579864501953,-0.7544726729393005,-0.4053705334663391,0.0011280522448942065,0.01395507249981165,0.866656482219696,-0.1558257413969305,0.7436302430484922,-1.3625848242044998,-0.0007453261059708893,-0.0002003187983063981,0.0013926585670560598,-0.5846753120422363,-0.48170238733291626,0.12529689073562622,-0.03905973583459854,0.11100953817367554,0.2453683465719223,0.0015922111924737692,0.7678422331809998,0.2721293866634369,-0.13354919471749485,0.37558273126383096,0.13882763475958063,0.0009031853405758739,-0.0005835559568367898,-0.00027780706295743585,0.008072953671216965,-0.28355810046195984,0.1378403902053833,-0.2425524890422821,0.21282604336738586,-0.07634725421667099,0.0011106115998700261,0.3153891861438751,0.33159545063972473,-1.080285385624599,1.2916266730356547,-1.1226476496223041
-0.00041391258127987385,-0.00225863978266716,-0.007391737308353186,30.905420303344727,-14.190844535827637,3.4470691680908203,0.8242654800415039,-0.3806080222129822,-0.15831324458122253,0.00774019118398428,34.181976318359375,0.9215959906578064,-1.4856973385864018,1.3607731932810108,-1.0473415612267036,0.001118391752243042,-9.490869706496596e-05,0.000559592735953629,0.03257403522729874,-0.007517730817198753,-0.017748139798641205,0.1355157494544983,-0.7712273597717285,-0.41577547788619995,0.001254173694178462,0.03784944489598274,0.886580765247345,-0.1558257413969305,0.7436302430484922,-1.3625848242044998,-0.0006618662737309933,-0.00040364416781812906,0.0010441564954817295,-0.5887504816055298,-0.5541761517524719,0.12073491513729095,-0.062176257371902466,0.12715107202529907,0.24171440303325653,0.0013004839420318604,0.8175054788589478,0.2801055610179901,-0.13354919471749485,0.37558273126383096,0.13882763475958063,0.0007971604354679585,-0.0006836308748461306,-0.00014007522258907557,0.007384143769741058,-0.27518951892852783,0.13955318927764893,-0.16199469566345215,0.16291581094264984,-0.04861339181661606,0.001059451256878674,0.30864039063453674,0.2348342090845108,-1.080285385624599,1.2916266730356547,-1.1226476496223041
-0.00039196573197841644,-0.002295262645930052,-0.0072236512787640095,15.630462646484375,-7.18595027923584,1.6643695831298828,0.8281850814819336,-0.3826039135456085,-0.15780988335609436,0.007589664310216904,17.283498764038086,0.9258403182029724,-1.4856973385864018,1.3607731932810108,-1.0473415612267036,0.0011101113632321358,-0.00012474192772060633,0.0007333696121349931,0.06205737963318825,-0.014824436977505684,-0.05108793079853058,0.13674506545066833,-0.779268741607666,-0.4204563796520233,0.0013363154139369726,0.08173651993274689,0.8959590196609497,-0.1558257413969305,0.7436302430484922,-1.3625848242044998,-0.0006664434331469238,-0.0005720769404433668,0.0007112474995665252,-0.5828495621681213,-0.6269686222076416,0.11983518302440643,-0.07683935761451721,0.13778060674667358,0.2405717521905899,0.0011301733320578933,0.8643863201141357,0.287684828042984,-0.13354919471749485,0.37558273126383096,0.13882763475958063,0.0006910867523401976,-0.0006880173459649086,7.228259346447885e-05,0.006351970136165619,-0.26743242144584656,0.1444092094898224,-0.07815922796726227,0.11073294281959534,-0.019409112632274628,0.0009778515668585896,0.3039974570274353,0.1369210183620453,-1.080285385624599,1.2916266730356547,-1.1226476496223041
-0.00038759689778089523,-0.0022585734259337187,-0.007019972428679466,4.837446212768555,-2.2305679321289062,0.40235400199890137,0.8268498778343201,-0.3829284906387329,-0.1570763885974884,0.007384537719190121,5.342116355895996,0.924655556678772,-1.4856973385864018,1.3607731932810108,-1.0473415612267036,0.0010377600556239486,-7.748760981485248e-05,0.000987523584626615,0.0973392128944397,-0.022234167903661728,-0.08549286425113678,0.13657887279987335,-0.7795116901397705,-0.42033112049102783,0.0014346265234053135,0.1314469873905182,0.8960862159729004,-0.1558257413969305,0.7436302430484922,-1.3625848242044998,-0.0007482659420929849,-0.0007433819118887186,0.0004256295505911112,-0.5696235299110413,-0.6991024017333984,0.12305668741464615,-0.08493897318840027,0.14403477311134338,0.24109256267547607,0.0011374001624062657,0.9101418256759644,0.29340460896492004,-0.13354919471749485,0.37558273126383096,0.13882763475958063,0.000590055831708014,-0.0006158778560347855,0.0003336633672006428,0.005244731903076172,-0.26627859473228455,0.1530488133430481,0.0008073765784502029,0.06120863929390907,0.008311200886964798,0.000915861688554287,0.30717378854751587,0.061775606125593185,-1.080285385624599,1.2916266730356547,-1.1226476496223041
-0.00038321339525282383,-0.0021636050660163164,-0.00680269580334425,-2.122713088989258,0.9691933989524841,-0.41155076026916504,0.8174055218696594,-0.3804127275943756,-0.1562296748161316,0.007148755714297295,2.369518995285034,0.9150263667106628,-1.4856973385864018,1.3607731932810108,-1.0473415612267036,0.0009219805360771716,7.373513653874397e-06,0.001281437580473721,0.13575781881809235,-0.030163265764713287,-0.11569954454898834,0.13529199361801147,-0.7716902494430542,-0.4156166911125183,0.0015786654548719525,0.18090437352657318,0.8868748545646667,-0.1558257413969305,0.7436302430484922,-1.3625848242044998,-0.0008807182894088328,-0.0009740033419802785,0.00018438616825733334,-0.5527385473251343,-0.7693445682525635,0.12998902797698975,-0.08814611285924911,0.14684364199638367,0.24227869510650635,0.0013260261621326208,0.9561945796012878,0.29670146107673645,-0.13354919471749485,0.37558273126383096,0.13882763475958063,0.0005035530193708837,-0.000484371354104951,0.000599971623159945,0.004444248974323273,-0.27647489309310913,0.1645742952823639,0.06844901293516159,0.018232474103569984,0.03218574821949005,0.0009209490963257849,0.3217807114124298,0.07780496776103973,-1.080285385624599,1.2916266730356547,-1.1226476496223041
-0.00035071815364062786,-0.002037534024566412,-0.006600590422749519,-6.058798313140869,2.780015230178833,-0.8696184158325195,0.7957996129989624,-0.373529314994812,-0.1553184688091278,0.006916815880686045,6.722630500793457,0.8927177786827087,-1.4856973385864018,1.3607731932810108,-1.0473415612267036,0.0007591538014821708,8.761353092268109e-05,0.0015250204596668482,0.1733872890472412,-0.03824550285935402,-0.13867884874343872,0.13297906517982483,-0.7543551325798035,-0.40582937002182007,0.001705777831375599,0.22529467940330505,0.8668521046638489,-0.1558257413969305,0.7436302430484922,-1.3625848242044998,-0.0010224703000858426,-0.0012711266754195094,-5.025454447604716e-05,-0.5363359451293945,-0.8331187963485718,0.13940364122390747,-0.08772416412830353,0.1467888504266739,0.24298124015331268,0.0016320949653163552,1.000588059425354,0.2971234917640686,-0.13354919471749485,0.37558273126383096,0.13882763475958063,0.00044301274465397,-0.0003201430372428149,0.0008123940788209438,0.004272587597370148,-0.3002464771270752,0.17737700045108795,0.12171875685453415,-0.0163896344602108,0.051070436835289,0.0009791506454348564,0.3487532138824463,0.13301227986812592,-1.080285385624599,1.2916266730356547,-1.1226476496223041
-0.0002691855188459158,-0.0019193256739526987,-0.006447482854127884,-7.782918453216553,3.5709846019744873,-1.0656237602233887,0.7570241689682007,-0.36046209931373596,-0.15434050559997559,0.00673248153179884,8.629096031188965,0.8525488376617432,-1.4856973385864018,1.3607731932810108,-1.0473415612267036,0.0005529270856641233,0.0001405685325153172,0.001631894614547491,0.20597565174102783,-0.045419853180646896,-0.15472520887851715,0.1295810341835022,-0.7250550389289856,-0.38988983631134033,0.0017287475056946278,0.26158902049064636,0.8333727121353149,-0.1558257413969305,0.7436302430484922,-1.3625848242044998,-0.0011221369495615363,-0.0015729222213849425,-0.0003139949403703213,-0.5227755904197693,-0.8843741416931152,0.1485520452260971,-0.08444742858409882,0.14403751492500305,0.24188749492168427,0.0019575159531086683,1.0380171537399292,0.2939178943634033,-0.13354919471749485,0.37558273126383096,0.13882763475958063,0.0004193242057226598,-0.00016602122923359275,0.0009142451453953981,0.004924111068248749,-0.3365790843963623,0.18983697891235352,0.16046230494976044,-0.04262993484735489,0.06466569006443024,0.0010194312781095505,0.3864554464817047,0.17817719280719757,-1.0839999621376022,1.292179650976224,-1.1260606835448084
-0.00013214675709605217,-0.001852519460953772,-0.006369371898472309,-8.018020629882812,3.672713279724121,-1.0841798782348633,0.6956257820129395,-0.3392707407474518,-0.15326207876205444,0.006634620483964682,8.88554573059082,0.7889797687530518,-1.4856973385864018,1.3607731932810108,-1.0473415612267036,0.00033712308504618704,0.000166236306540668,0.0015626829117536545,0.2303784042596817,-0.050552792847156525,-0.1662760078907013,0.12493458390235901,-0.6807287335395813,-0.3663410544395447,0.001607253565452993,0.28857842087745667,0.7830747365951538,-0.1558257413969305,0.7436302430484922,-1.3625848242044998,-0.0011307855602353811,-0.0018093491671606898,-0.0006142478669062257,-0.511570930480957,-0.9202542304992676,0.1540841907262802,-0.07860192656517029,0.13834220170974731,0.23752015829086304,0.0022202974651008844,1.0641027688980103,0.28588923811912537,-0.13354919471749485,0.37558273126383096,0.13882763475958063,0.0004294649697840214,-6.332395423669368e-05,0.0008740834309719503,0.006197482347488403,-0.3807225823402405,0.20032614469528198,0.186086505651474,-0.06122835725545883,0.07379652559757233,0.0009759466629475355,0.430254191160202,0.20933949947357178,-1.0839999621376022,1.292179650976224,-1.1260606835448084
5.399715155363083e-05,-0.001866266829892993,-0.006371513940393925,-7.353753566741943,3.357032299041748,-0.9960150718688965,0.6065833568572998,-0.3081878125667572,-0.15203911066055298,0.0066394321620464325,8.14490032196045,0.6971649527549744,-1.4856973385864018,1.3607731932810108,-1.0473415612267036,0.00015482032904401422,0.00017601475701667368,0.001329359132796526,0.24540826678276062,-0.053041473031044006,-0.17580358684062958,0.11884592473506927,-0.61835777759552,-0.3337016999721527,0.0013498689513653517,0.30650532245635986,0.7126342058181763,-0.1558257413969305,0.7436302430484922,-1.3625848242044998,-0.0010119997896254063,-0.001961600035429001,-0.0009390045888721943,-0.5012557506561279,-0.9415989518165588,0.15461234748363495,-0.07005176693201065,0.12910130620002747,0.228275865316391,0.002398697193711996,1.0778547525405884,0.2714484632015228,-0.13354919471749485,0.37558273126383096,0.13882763475958063,0.00045513559598475695,-2.9339338652789593e-05,0.0006953845731914043,0.007922790944576263,-0.42482510209083557,0.20700909197330475,0.20103025436401367,-0.07352597266435623,0.07915347814559937,0.0008316062157973647,0.47264352440834045,0.22822029888629913,-1.0839999621376022,1.292179650976224,-1.1260606835448084
0.0002707208041101694,-0.001955566694959998,-0.006438974291086197,-6.235746383666992,2.8310844898223877,-0.8560762405395508,0.48666077852249146,-0.26608604192733765,-0.15064020454883575,0.006734828930348158,6.901626110076904,0.5747460126876831,-1.4856973385864018,1.3607731932810108,-1.0473415612267036,2.8551818104460835e-05,0.0001853937574196607,0.0009808195754885674,0.2517993152141571,-0.053021349012851715,-0.1845128834247589,0.11119101941585541,-0.5359365940093994,-0.2909797728061676,0.0009985954966396093,0.3166372776031494,0.61988765001297,-0.1558257413969305,0.7436302430484922,-1.3625848242044998,-0.0007501086220145226,-0.0020562803838402033,-0.0012675217585638165,-0.4909113645553589,-0.9507607817649841,0.15110382437705994,-0.058364152908325195,0.11548613756895065,0.21253475546836853,0.002529340563341975,1.0806351900100708,0.24882613122463226,-0.13354919471749485,0.37558273126383096,0.13882763475958063,0.0004647038003895432,-4.594858182827011e-05,0.00041406822856515646,0.00971241295337677,-0.46006694436073303,0.20890620350837708,0.20799756050109863,-0.08081299811601639,0.08168384432792664,0.0006241100491024554,0.5053688883781433,0.23762570321559906,-1.0839999621376022,1.292179650976224,-1.1260606835448084
0.0004872658755630255,-0.0020790803246200085,-0.00654790922999382,-4.9754557609558105,2.2411437034606934,-0.7030260562896729,0.33632540702819824,-0.21314769983291626,-0.1490727961063385,0.006887315772473812,5.502011775970459,0.42516985535621643,-1.4856973385864018,1.3607731932810108,-1.0473415612267036,-4.6320565161295235e-05,0.00021259237837512046,0.0005808379501104355,0.25156334042549133,-0.05119456350803375,-0.19225037097930908,0.10204565525054932,-0.43381279706954956,-0.23837362229824066,0.0006202530348673463,0.32072606682777405,0.5053997039794922,-0.1558257413969305,0.7436302430484922,-1.3625848242044998,-0.0003600908094085753,-0.0021311494056135416,-0.0015705858822911978,-0.47976115345954895,-0.9509319067001343,0.14508824050426483,-0.04299500584602356,0.09664517641067505,0.18887311220169067,0.002671741647645831,1.0749385356903076,0.21647612750530243,-0.13354919471749485,0.37558273126383096,0.13882763475958063,0.00042725884122774005,-7.075438770698383e-05,8.235190762206912e-05,0.011054106056690216,-0.4796585738658905,0.20705518126487732,0.20966127514839172,-0.08411015570163727,0.08233499526977539,0.00044083799002692103,0.5225575566291809,0.24044007062911987,-1.0839999621376022,1.292179650976224,-1.1260606835448084
0.0006647270638495684,-0.0021772703621536493,-0.006674950942397118,-3.7710371017456055,1.681429386138916,-0.5604910850524902,0.16227994859218597,-0.15175364911556244,-0.1474131941795349,0.007052470464259386,4.166782379150391,0.2666357159614563,-1.4856973385864018,1.3607731932810108,-1.0473415612267036,-9.303636761615053e-05,0.0002716784947551787,0.000183073352673091,0.2467784881591797,-0.04842099919915199,-0.19780685007572174,0.09184689074754715,-0.3164277672767639,-0.17817391455173492,0.0003405595780350268,0.31995588541030884,0.3745775520801544,-0.1558257413969305,0.7436302430484922,-1.3625848242044998,0.0001145066344179213,-0.0022143246605992317,-0.0018201605416834354,-0.46742895245552063,-0.9456037282943726,0.1376517415046692,-0.023541849106550217,0.07200115919113159,0.15641149878501892,0.0028686809819191694,1.0637688636779785,0.17378994822502136,-0.13354919471749485,0.37558273126383096,0.13882763475958063,0.0003194416640326381,-6.298747757682577e-05,-0.000247312244027853,0.011479921638965607,-0.4809211194515228,0.20409265160560608,0.2084873616695404,-0.084003746509552,0.08199075609445572,0.00040886885835789144,0.5225616693496704,0.23926155269145966,-1.0839999621376022,1.292179650976224,-1.1260606835448084
0.0007657136302441359,-0.0021988677326589823,-0.006799671798944473,-2.7324142456054688,1.2044709920883179,-0.4400686025619507,-0.021266676485538483,-0.08692894876003265,-0.14582028985023499,0.00718727195635438,3.018360137939453,0.1710919886827469,-1.4856973385864018,1.3607731932810108,-1.0473415612267036,-0.00014041470421943814,0.00036174769047647715,-0.00018051962251774967,0.23873546719551086,-0.04541374742984772,-0.1992453634738922,0.08147472888231277,-0.19320175051689148,-0.11522334814071655,0.0004279778222553432,0.3142542839050293,0.23925189673900604,-0.1558257413969305,0.7436302430484922,-1.3625848242044998,0.0006222264491952956,-0.002312116790562868,-0.0020089715253561735,-0.4555928707122803,-0.9372077584266663,0.1297299563884735,-7.345527410507202e-05,0.041655849665403366,0.11532478779554367,0.0031255425419658422,1.05012047290802,0.12261737883090973,-0.13354919471749485,0.37558273126383096,0.13882763475958063,0.00012292468454688787,-5.2574669098248705e-06,-0.0005313588189892471,0.010796062648296356,-0.46552738547325134,0.20244404673576355,0.20667359232902527,-0.08056963980197906,0.08144843578338623,0.0005454175407066941,0.5077557563781738,0.2363033890724182,-1.0839999621376022,1.292179650976224,-1.1260606835448084
0.0007658044341951609,-0.0021217316389083862,-0.006903849542140961,-1.9057626724243164,0.8318017721176147,-0.34524911642074585,-0.19642692804336548,-0.024991625919938087,-0.14449705183506012,0.0072630117647349834,2.1078476905822754,0.24512755870819092,-1.4856973385864018,1.3607731932810108,-1.0473415612267036,-0.00020888031576760113,0.0004656831733882427,-0.0004897137987427413,0.22842758893966675,-0.04275225102901459,-0.19480782747268677,0.07203127443790436,-0.07600156962871552,-0.05562247335910797,0.0007073269225656986,0.30324414372444153,0.11856897920370102,-0.1558257413969305,0.7436302430484922,-1.3625848242044998,0.0011239472078159451,-0.0024085536133497953,-0.002156604779884219,-0.44792044162750244,-0.9265283942222595,0.12236440926790237,0.02645941823720932,0.006910397671163082,0.06752706319093704,0.0034227666910737753,1.0363689661026,0.07285436987876892,-0.13354919471749485,0.37558273126383096,0.13882763475958063,-0.00017040694365277886,9.232162847183645e-05,-0.0007382815238088369,0.009187988936901093,-0.4384816884994507,0.20295429229736328,0.20615114271640778,-0.07337469607591629,0.08141744136810303,0.0007632963825017214,0.4832608699798584,0.23347577452659607,-1.0839999621376022,1.292179650976224,-1.1260606835448084
0.0006613573059439659,-0.0019583730027079582,-0.006974388845264912,-1.2947697639465332,0.5640682578086853,-0.2748824954032898,-0.34897899627685547,0.029038066044449806,-0.14361359179019928,0.007274250499904156,1.4388058185577393,0.3784896433353424,-1.4856973385864018,1.3607731932810108,-1.0473415612267036,-0.0002998108393512666,0.0005602490273304284,-0.0007242984138429165,0.21767458319664001,-0.041040558367967606,-0.18411508202552795,0.06440699100494385,0.0257512629032135,-0.00422222726047039,0.0009635215392336249,0.2880363166332245,0.06949255615472794,-0.1558257413969305,0.7436302430484922,-1.3625848242044998,0.0015920564765110612,-0.0024860261473804712,-0.0022918356116861105,-0.44718727469444275,-0.9139429330825806,0.1161971390247345,0.054010529071092606,-0.029469838365912437,0.01701052486896515,0.0037373092491179705,1.0240947008132935,0.06383546441793442,-0.13354919471749485,0.37558273126383096,0.13882763475958063,-0.0005454950733110309,0.0002020224928855896,-0.0008542012074030936,0.007155969738960266,-0.4066154360771179,0.20470595359802246,0.20860260725021362,-0.061554063111543655,0.0825233906507492,0.0010334590915590525,0.4552931487560272,0.23262429237365723,-1.0839999621376022,1.292179650976224,-1.1260606835448084
0.0004711232613772154,-0.0017463634721934795,-0.007008983753621578,-0.8780466318130493,0.38889598846435547,-0.225608229637146,-0.4721703827381134,0.0727773979306221,-0.1432611644268036,0.007238618563860655,0.9864608645439148,0.49876365065574646,-1.4856973385864018,1.3607731932810108,-1.0473415612267036,-0.00039288599509745836,0.0006258858484216034,-0.0008721320191398263,0.20944692194461823,-0.04096018522977829,-0.1684868484735489,0.059043560177087784,0.10761644691228867,0.036682989448308945,0.0011431127786636353,0.2719072997570038,0.1281135529279709,-0.1558257413969305,0.7436302430484922,-1.3625848242044998,0.002001902787014842,-0.0025485423393547535,-0.0024362574331462383,-0.4528534710407257,-0.9017037749290466,0.11104491353034973,0.07999079674482346,-0.0640033558011055,-0.03122681751847267,0.004054384306073189,1.0151240825653076,0.10709841549396515,-0.13354919471749485,0.37558273126383096,0.13882763475958063,-0.0009671706357039511,0.0002918913960456848,-0.0008878117660060525,0.00536743551492691,-0.37689924240112305,0.20544816553592682,0.21545517444610596,-0.043972525745630264,0.08530215173959732,0.0013449272373691201,0.4292910397052765,0.23586218059062958,-1.0839999621376022,1.292179650976224,-1.1260606835448084
0.00023106299340724945,-0.0015328621957451105,-0.007014661096036434,-0.6225501298904419,0.28608742356300354,-0.19362346827983856,-0.5655401349067688,0.10540076345205307,-0.14335580170154572,0.007183907553553581,0.7119724154472351,0.592870831489563,-1.4854698389610104,1.360748321644449,-1.0482043076252674,-0.0004591377219185233,0.0006488179787993431,-0.0009435222600586712,0.20700140297412872,-0.0429031141102314,-0.15024366974830627,0.05581081658601761,0.16932804882526398,0.06688796728849411,0.0012336962390691042,0.259351909160614,0.19042277336120605,-0.1547800881998469,0.743981279291816,-1.3627623111389546,0.002340893726795912,-0.0026227422058582306,-0.0026072473265230656,-0.4616630971431732,-0.893848717212677,0.10622549802064896,0.10235121101140976,-0.09394057840108871,-0.07322695851325989,0.004376790951937437,1.011623501777649,0.15704390406608582,-0.13354919471749485,0.37558273126383096,0.13882763475958063,-0.0013978553470224142,0.0003365119337104261,-0.0008634354453533888,0.004458203911781311,-0.35489311814308167,0.2025185227394104,0.22781360149383545,-0.01948666013777256,0.09017068892717361,0.0016771287191659212,0.4086352288722992,0.2457834929227829,-1.0839999621376022,1.292179650976224,-1.1260606835448084
-1.7337501049041748e-05,-0.0013618569355458021,-0.007000028621405363,-0.4905446171760559,0.2360701560974121,-0.17628081142902374,-0.6317893266677856,0.12909197807312012,-0.14401879906654358,0.007131294347345829,0.5722220540046692,0.6607298254966736,-1.4854698389610104,1.360748321644449,-1.0482043076252674,-0.00047737290151417255,0.0006222334923222661,-0.0009691962623037398,0.21253632009029388,-0.047624316066503525,-0.13141724467277527,0.05476795509457588,0.2127854973077774,0.08754286170005798,0.0012467560591176152,0.25438210368156433,0.23651838302612305,-0.1547800881998469,0.743981279291816,-1.3627623111389546,0.0026209873612970114,-0.002736105117946863,-0.0028227651491761208,-0.469618022441864,-0.8930867910385132,0.10096979141235352,0.12014730274677277,-0.11801619827747345,-0.10713449120521545,0.004724812228232622,1.014070987701416,0.19960209727287292,-0.13354919471749485,0.37558273126383096,0.13882763475958063,-0.0018043932504951954,0.0003261636011302471,-0.0008083323482424021,0.004800006747245789,-0.343557745218277,0.19422170519828796,0.24630367755889893,0.012671085074543953,0.09736400842666626,0.0020039009395986795,0.3946859836578369,0.2651524245738983,-1.0839999621376022,1.292179650976224,-1.1260606835448084
-0.000231059268116951,-0.0012637736508622766,-0.006971436552703381,-0.44678977131843567,0.21980580687522888,-0.17139557003974915,-0.6755242347717285,0.1448974907398224,-0.14503350853919983,0.007088824640959501,0.5266043543815613,0.7059482932090759,-1.4854698389610104,1.360748321644449,-1.0482043076252674,-0.0004512922605499625,0.000543918227776885,-0.0009851944632828236,0.22605782747268677,-0.05462019890546799,-0.11373727023601532,0.05533791333436966,0.24114897847175598,0.10031189769506454,0.0012124849017709494,0.2588854432106018,0.2669786214828491,-0.1547800881998469,0.743981279291816,-1.3627623111389546,0.002849156502634287,-0.002903588116168976,-0.0031073596328496933,-0.4748299717903137,-0.8981435298919678,0.09764973819255829,0.13240906596183777,-0.1365935206413269,-0.13336539268493652,0.00511900382116437,1.0206178426742554,0.23232795298099518,-0.13632388655253713,0.3802406128394755,0.13725710675403371,-0.002153033157810569,0.000271600583801046,-0.0007465958478860557,0.006368331611156464,-0.34259387850761414,0.1806195080280304,0.2708040475845337,0.05236614868044853,0.10682940483093262,0.0022949343547225,0.3873429000377655,0.29578638076782227,-1.0839999621376022,1.292179650976224,-1.1260606835448084
-0.0003715760540217161,-0.001249596825800836,-0.006934096105396748,-0.46010392904281616,0.22364294528961182,-0.1769448220729828,-0.7013477683067322,0.15438741445541382,-0.14617592096328735,0.007055582944303751,0.5413143634796143,0.7328652739524841,-1.4854698389610104,1.360748321644449,-1.0482043076252674,-0.0004000929184257984,0.0004226623277645558,-0.0010201609693467617,0.24540601670742035,-0.06301433593034744,-0.09849091619253159,0.056863006204366684,0.2576044797897339,0.10704147070646286,0.001174498233012855,0.271837055683136,0.28469517827033997,-0.1547800881998469,0.743981279291816,-1.3627623111389546,0.0030919737182557583,-0.0030884784646332264,-0.0034422376193106174,-0.4724176526069641,-0.9095854163169861,0.08993060886859894,0.1414070725440979,-0.1495869904756546,-0.15181341767311096,0.0055630928836762905,1.028888463973999,0.2557724416255951,-0.13632388655253713,0.3802406128394755,0.13725710675403371,-0.002410497050732374,0.00019659184908960015,-0.0006966473301872611,0.008803993463516235,-0.34866634011268616,0.16312292218208313,0.30005624890327454,0.09788288921117783,0.11807512491941452,0.002516835695132613,0.38503870368003845,0.33698153495788574,-1.0839999621376022,1.292179650976224,-1.1260606835448084
-0.0004113665781915188,-0.0013117570197209716,-0.0068930210545659065,-0.5056362152099609,0.23784460127353668,-0.1901874542236328,-0.7129884958267212,0.15879282355308533,-0.14711469411849976,0.007028774358332157,0.5902620553970337,0.7451244592666626,-1.4854698389610104,1.360748321644449,-1.0482043076252674,-0.0003485599590931088,0.0002787002013064921,-0.0010862726485356688,0.2672167718410492,-0.0715998038649559,-0.0867486372590065,0.058487728238105774,0.2648014724254608,0.10944067686796188,0.0011743748327717185,0.2899252474308014,0.292434424161911,-0.1547800881998469,0.743981279291816,-1.3627623111389546,0.003342157229781151,-0.003263163845986128,-0.003828081302344799,-0.4634157419204712,-0.9240506887435913,0.08115669339895248,0.14711786806583405,-0.15835843980312347,-0.1643507480621338,0.006039243657141924,1.0369234085083008,0.27153679728507996,-0.13632388655253713,0.3802406128394755,0.13725710675403371,-0.002555479295551777,0.0001259324053535238,-0.0006674400065094233,0.011585075408220291,-0.35673069953918457,0.14368686079978943,0.3314816951751709,0.1455799639225006,0.1300983428955078,0.0026442029047757387,0.3847556710243225,0.38470664620399475,-1.0839999621376022,1.292179650976224,-1.1260606835448084
-0.00034411298111081123,-0.001430073520168662,-0.006852823309600353,-0.5651877522468567,0.2558613121509552,-0.20758812129497528,-0.712714672088623,0.15879186987876892,-0.14739063382148743,0.007008902262896299,0.6542133092880249,0.7449167966842651,-1.4854698389610104,1.360748321644449,-1.0482043076252674,-0.0003177443868480623,0.0001375828287564218,-0.0011797305196523666,0.28798067569732666,-0.07920131832361221,-0.07912171632051468,0.05913558602333069,0.26447656750679016,0.10892083495855331,0.0012294936459511518,0.3089756667613983,0.29207637906074524,-0.1547800881998469,0.743981279291816,-1.3627623111389546,0.003596916329115629,-0.0033944707829505205,-0.004239954520016909,-0.4480628967285156,-0.9388613104820251,0.07261823117733002,0.15034614503383636,-0.1639610081911087,-0.1724400520324707,0.006514403503388166,1.042829990386963,0.2814653515815735,-0.13632388655253713,0.3802406128394755,0.13725710675403371,-0.0025919824838638306,8.12388607300818e-05,-0.0006577552994713187,0.014213509857654572,-0.36202940344810486,0.12420417368412018,0.3618789613246918,0.1908746063709259,0.14165104925632477,0.0026753719430416822,0.3830065429210663,0.43296018242836,-1.0839999621376022,1.292179650976224,-1.1260606835448084
-0.0001879276242107153,-0.0015759728848934174,-0.006817467976361513,-0.6264907121658325,0.273738831281662,-0.22557029128074646,-0.7010644674301147,0.1544094681739807,-0.14640185236930847,0.00699977669864893,0.7199344038963318,0.7326439023017883,-1.4854698389610104,1.360748321644449,-1.0482043076252674,-0.0003210011054761708,1.910387072712183e-05,-0.0012894717510789633,0.3047237694263458,-0.08493148535490036,-0.07546088099479675,0.057486049830913544,0.25728297233581543,0.10652978718280792,0.001328963553532958,0.3252142071723938,0.28433743119239807,-0.1547800881998469,0.743981279291816,-1.3627623111389546,0.0038450672291219234,-0.0034693004563450813,-0.004642760381102562,-0.427158921957016,-0.9513089060783386,0.06638190150260925,0.15181943774223328,-0.1672932207584381,-0.17733314633369446,0.006955272052437067,1.0449210405349731,0.28719890117645264,-0.13632388655253713,0.3802406128394755,0.13725710675403371,-0.0025509060360491276,7.967068813741207e-05,-0.0006609461852349341,0.01637529954314232,-0.36171087622642517,0.10593896359205246,0.38872525095939636,0.2301449477672577,0.1517384946346283,0.0026363458018749952,0.37726113200187683,0.4765486419200897,-1.0839999621376022,1.292179650976224,-1.1260606835448084
2.4817418307065964e-05,-0.0017169166821986437,-0.006789476610720158,-0.6820566654205322,0.28952744603157043,-0.24137015640735626,-0.6768451929092407,0.14501696825027466,-0.14340361952781677,0.007003243081271648,0.7792862057685852,0.7069044709205627,-1.4854698389610104,1.360748321644449,-1.0482043076252674,-0.00036357410135678947,-7.026834646239877e-05,-0.00140234618447721,0.3153704106807709,-0.0882607102394104,-0.07510789483785629,0.051974885165691376,0.24279038608074188,0.10295180231332779,0.0014504132559522986,0.3359905481338501,0.2687892019748688,-0.1547800881998469,0.743981279291816,-1.3627623111389546,0.004073808901011944,-0.003499204060062766,-0.005007574800401926,-0.4026152789592743,-0.9590281844139099,0.06444017589092255,0.15211190283298492,-0.16897116601467133,-0.17988653481006622,0.007342762313783169,1.0421068668365479,0.2899111211299896,-0.13632388655253713,0.3802406128394755,0.13725710675403371,-0.002474578097462654,0.00013063343067187816,-0.0006718907388858497,0.01798166148364544,-0.3552953004837036,0.08940508961677551,0.41084885597229004,0.26171883940696716,0.15987849235534668,0.0025674966163933277,0.36681243777275085,0.5126935243606567,-1.0839999621376022,1.292179650976224,-1.1260606835448084
0.0002601838205009699,-0.0018239152850583196,-0.006769527215510607,-0.728018581867218,0.302680641412735,-0.25312915444374084,-0.6373932361602783,0.12943166494369507,-0.13753804564476013,0.007015758194029331,0.8280706405639648,0.6647852659225464,-1.4854698389610104,1.360748321644449,-1.0482043076252674,-0.0004422555211931467,-0.0001315378467552364,-0.00150517956353724,0.3189055323600769,-0.08892814069986343,-0.07775517553091049,0.04084552079439163,0.21964183449745178,0.09855096787214279,0.0015743118710815907,0.3400806188583374,0.24417859315872192,-0.1547800881998469,0.743981279291816,-1.3627623111389546,0.004270116798579693,-0.003513043513521552,-0.005324861500412226,-0.3772370517253876,-0.9603814482688904,0.06757906824350357,0.15160734951496124,-0.16925127804279327,-0.18044890463352203,0.007676556706428528,1.034024715423584,0.29015958309173584,-0.13632388655253713,0.3802406128394755,0.13725710675403371,-0.002403274644166231,0.00023454049369320273,-0.0006857853732071817,0.018893005326390266,-0.3440425395965576,0.07501636445522308,0.4289342164993286,0.285092294216156,0.16487163305282593,0.002510187216103077,0.35263246297836304,0.5407817363739014,-1.0933333092179218,1.2934365930203087,-1.134691795713135
0.0004835985600948334,-0.0018805337604135275,-0.006758531555533409,-0.7632004022598267,0.31328079104423523,-0.2595706284046173,-0.5791141986846924,0.10612783581018448,-0.1279059797525406,0.00703192874789238,0.8648679256439209,0.6024917364120483,-1.4854698389610104,1.360748321644449,-1.0482043076252674,-0.0005451076431199908,-0.00016139430226758122,-0.0015906693879514933,0.3156290054321289,-0.08694718778133392,-0.08389350026845932,0.02228435128927231,0.18587471544742584,0.09344305843114853,0.0016892068088054657,0.33796390891075134,0.20923098921775818,-0.1547800881998469,0.743981279291816,-1.3627623111389546,0.004425072111189365,-0.0035452116280794144,-0.005599504802376032,-0.35344764590263367,-0.9548057913780212,0.0747358575463295,0.15048877894878387,-0.1679922342300415,-0.17880332469940186,0.007968954741954803,1.020864725112915,0.28781747817993164,-0.13632388655253713,0.3802406128394755,0.13725710675403371,-0.0023673009127378464,0.0003706156276166439,-0.0007231265190057456,0.019389741122722626,-0.32991743087768555,0.0639568567276001,0.4421292543411255,0.3020299971103668,0.16917333006858826,0.00250287470407784,0.33661842346191406,0.5615336298942566,-1.0933333092179218,1.2934365930203087,-1.134691795713135
0.0006578271277248859,-0.0018882264848798513,-0.006759121082723141,-0.7882868051528931,0.32138991355895996,-0.2601011097431183,-0.4983559548854828,0.07358288764953613,-0.11370083689689636,0.007048677187412977,0.890134871006012,0.5164310336112976,-1.4854698389610104,1.360748321644449,-1.0482043076252674,-0.0006528841331601143,-0.0001517277560196817,-0.0016622394323349,0.3072870671749115,-0.0827924832701683,-0.09389696270227432,-0.0053246766328811646,0.1394311636686325,0.087587371468544,0.0017922943225130439,0.33180803060531616,0.16474510729312897,-0.1547800881998469,0.743981279291816,-1.3627623111389546,0.004543948918581009,-0.00362118287011981,-0.005835073068737984,-0.3321419656276703,-0.9426537156105042,0.08331315964460373,0.14874720573425293,-0.16465041041374207,-0.17415761947631836,0.008234592154622078,1.0029234886169434,0.28207510709762573,-0.13632388655253713,0.3802406128394755,0.13725710675403371,-0.0023976722732186317,0.0005168586503714323,-0.0007848733803257346,0.019310733303427696,-0.3151687979698181,0.057533711194992065,0.4520062804222107,0.31342414021492004,0.17200767993927002,0.002575267106294632,0.32095855474472046,0.5763080716133118,-1.0933333092179218,1.2934365930203087,-1.134691795713135
0.0007515379693359137,-0.0018618988106027246,-0.006773603148758411,-0.8048930764198303,0.3270988464355469,-0.2551474869251251,-0.39268022775650024,0.030786404386162758,-0.09442105889320374,0.0070649259723722935,0.9055091142654419,0.4050443172454834,-1.4854698389610104,1.360748321644449,-1.0482043076252674,-0.0007458531181327999,-9.86665254458785e-05,-0.0017341732745990157,0.2964191436767578,-0.07744508236646652,-0.10649919509887695,-0.04299021512269974,0.07889451086521149,0.08089520782232285,0.001890340936370194,0.32435184717178345,0.12089887261390686,-0.1547800881998469,0.743981279291816,-1.3627623111389546,0.004649732261896133,-0.003744105575606227,-0.00602946849539876,-0.3131229877471924,-0.9250195622444153,0.08996842801570892,0.1462053656578064,-0.15831241011619568,-0.16518770158290863,0.008484858088195324,0.9807147979736328,0.27152496576309204,-0.13632388655253713,0.3802406128394755,0.13725710675403371,-0.0025129932910203934,0.0006479223957285285,-0.0008742185891605914,0.01868647336959839,-0.30174392461776733,0.05642295628786087,0.4594288766384125,0.3206542730331421,0.17372578382492065,0.0027384660206735134,0.307542085647583,0.5865787863731384,-1.0933333092179218,1.2934365930203087,-1.134691795713135
0.0007510003633797169,-0.0018185076769441366,-0.006801942363381386,-0.814711332321167,0.331031858921051,-0.2461143136024475,-0.2625972628593445,-0.022060489282011986,-0.07017569243907928,0.007080776616930962,0.9131861329078674,0.2727060914039612,-1.4854698389610104,1.360748321644449,-1.0482043076252674,-0.0008139837882481515,-1.0557414498180151e-05,-0.0018281436059623957,0.2853013575077057,-0.07211299240589142,-0.11852029711008072,-0.09051864594221115,0.0044868336990475655,0.07335485517978668,0.002001197310164571,0.3172447085380554,0.1165962740778923,-0.1547800881998469,0.743981279291816,-1.3627623111389546,0.00477392366155982,-0.0038925413973629475,-0.006186115555465221,-0.29633745551109314,-0.9038657546043396,0.09131224453449249,0.14255660772323608,-0.14777536690235138,-0.15014973282814026,0.008729849010705948,0.9555768370628357,0.2543715536594391,-0.13632388655253713,0.3802406128394755,0.13725710675403371,-0.0027126725763082504,0.0007394611602649093,-0.0009874050738289952,0.017644986510276794,-0.29062366485595703,0.059999193996191025,0.4650316834449768,0.32490450143814087,0.17464390397071838,0.0029799940530210733,0.2972765862941742,0.5935637354850769,-1.0933333092179218,1.2934365930203087,-1.134691795713135
0.000663993414491415,-0.001771217561326921,-0.006841322872787714,-0.8190830945968628,0.3344799876213074,-0.23495131731033325,-0.11379645764827728,-0.08264177292585373,-0.042091403156518936,0.007098013535141945,0.9154103398323059,0.14680252969264984,-1.4854698389610104,1.360748321644449,-1.0482043076252674,-0.0008587651536799967,8.943438297137618e-05,-0.0019634312484413385,0.27558332681655884,-0.06785515695810318,-0.1265159249305725,-0.14571914076805115,-0.0806523859500885,0.06517313420772552,0.0021448866464197636,0.3107358515262604,0.17884744703769684,-0.1547800881998469,0.743981279291816,-1.3627623111389546,0.004942296072840691,-0.004036004655063152,-0.006321974564343691,-0.28180792927742004,-0.8816736936569214,0.08473258465528488,0.13742169737815857,-0.13169370591640472,-0.1270885020494461,0.008982371538877487,0.9294857978820801,0.22886556386947632,-0.13632388655253713,0.3802406128394755,0.13725710675403371,-0.0029759027529507875,0.000769382924772799,-0.001113012433052063,0.016362661495804787,-0.28160765767097473,0.06665346026420593,0.4690563380718231,0.326997846364975,0.17500337958335876,0.0032690586522221565,0.28985047340393066,0.5979695916175842,-1.0933333092179218,1.2934365930203087,-1.134691795713135
0.000515087740495801,-0.0017337799072265625,-0.006884899456053972,-0.819129467010498,0.3387056887149811,-0.2236252725124359,0.0417172834277153,-0.14606700837612152,-0.012515343725681305,0.0071185072883963585,0.9141678214073181,0.1524222195148468,-1.4854698389610104,1.360748321644449,-1.0482043076252674,-0.0008839452639222145,0.0001719268038868904,-0.0021461162250488997,0.26855647563934326,-0.06535343080759048,-0.12870410084724426,-0.20400556921958923,-0.16980719566345215,0.056855663657188416,0.002327387686818838,0.30489078164100647,0.271450400352478,-0.1547800881998469,0.743981279291816,-1.3627623111389546,0.005167232360690832,-0.004154703579843044,-0.006461058743298054,-0.26867416501045227,-0.860420286655426,0.06941959261894226,0.13043011724948883,-0.10881651192903519,-0.09417613595724106,0.009257814846932888,0.9040619134902954,0.19422201812267303,-0.13632388655253713,0.3802406128394755,0.13725710675403371,-0.0032697611022740602,0.0007270090281963348,-0.0012340156827121973,0.015001308172941208,-0.27368754148483276,0.07451295107603073,0.47123050689697266,0.32729774713516235,0.17494896054267883,0.003569688182324171,0.284045934677124,0.5998242497444153,-1.0933333092179218,1.2934365930203087,-1.134691795713135
0.00033660465851426125,-0.0017222622409462929,-0.0069210403598845005,-0.8160978555679321,0.34397709369659424,-0.21390938758850098,0.1888253390789032,-0.20617811381816864,0.015608340501785278,0.007140048313885927,0.9110944867134094,0.28001436591148376,-1.4854698389610104,1.360748321644449,-1.0482043076252674,-0.0008902618428692222,0.00021642388310283422,-0.002366337925195694,0.2651618719100952,-0.06486577540636063,-0.12527264654636383,-0.2596140503883362,-0.2544829249382019,0.049065664410591125,0.0025375105906277895,0.3003524839878082,0.36683574318885803,-0.1547800881998469,0.743981279291816,-1.3627623111389546,0.005448170006275177,-0.004242704715579748,-0.006622565444558859,-0.2550693452358246,-0.8407546281814575,0.04695520177483559,0.12133269011974335,-0.07834085822105408,-0.050219543278217316,0.00956773106008768,0.8798485398292542,0.15290819108486176,-0.13632388655253713,0.3802406128394755,0.13725710675403371,-0.0035598950926214457,0.0006241551600396633,-0.001331691863015294,0.01368084829300642,-0.26544317603111267,0.08186566829681396,0.4706854224205017,0.32565972208976746,0.17451943457126617,0.0038517301436513662,0.278117299079895,0.5983778238296509,-1.0933333092179218,1.2934365930203087,-1.134691795713135
0.00016052834689617157,-0.001745249261148274,-0.00693629402667284,-0.8113828301429749,0.34942036867141724,-0.20751115679740906,0.31549981236457825,-0.25807803869247437,0.039932981133461,0.007154288236051798,0.9074676632881165,0.40955957770347595,-1.4854698389610104,1.360748321644449,-1.0482043076252674,-0.0008825106197036803,0.00021608348470181227,-0.0026018051430583,0.2654000520706177,-0.06621319055557251,-0.11733732372522354,-0.3079366683959961,-0.3279018700122833,0.042329490184783936,0.0027558859437704086,0.29763975739479065,0.45181459188461304,-0.1547800881998469,0.743981279291816,-1.3627623111389546,0.00577023159712553,-0.004296877887099981,-0.0068158311769366264,-0.23903603851795197,-0.822314441204071,0.020913634449243546,0.11015217006206512,-0.04040443152189255,0.004630617797374725,0.009910312481224537,0.8566076159477234,0.1174200251698494,-0.13632388655253713,0.3802406128394755,0.13725710675403371,-0.0038196092937141657,0.0004946918925270438,-0.0013917881296947598,0.012462286278605461,-0.25536155700683594,0.08746021240949631,0.4659193158149719,0.3214265704154968,0.17364850640296936,0.0040952665731310844,0.27021124958992004,0.5920723080635071,-1.0933333092179218,1.2934365930203087,-1.134691795713135
1.0542338714003563e-05,-0.0017953048227354884,-0.0069208769127726555,-0.8062485456466675,0.353817880153656,-0.20553702116012573,0.41604113578796387,-0.299447238445282,0.05933217704296112,0.007149948738515377,0.904140055179596,0.5160224437713623,-1.4854698389610104,1.360748321644449,-1.0482043076252674,-0.0008770081331022084,0.00017294602002948523,-0.0028267838060855865,0.26790016889572144,-0.06878101080656052,-0.10611455142498016,-0.3467305898666382,-0.38681167364120483,0.03688710927963257,0.002964752959087491,0.29624590277671814,0.5207744240760803,-0.1547800881998469,0.743981279291816,-1.3627623111389546,0.0061043743044137955,-0.004308721981942654,-0.00704207643866539,-0.21968746185302734,-0.8046754002571106,-0.00441681407392025,0.09737536311149597,0.003271044697612524,0.0679514929652214,0.010267389938235283,0.8341370224952698,0.1187857985496521,-0.13632388655253713,0.3802406128394755,0.13725710675403371,-0.004034142009913921,0.0003742385597433895,-0.0014079563552513719,0.01134667918086052,-0.24241742491722107,0.0907939001917839,0.4548247456550598,0.31347036361694336,0.1721746027469635,0.004289137199521065,0.2591109573841095,0.5785959959030151,-1.0933333092179218,1.2934365930203087,-1.134691795713135
-0.000102190300822258,-0.001856622053310275,-0.006868251133710146,-0.802007794380188,0.35564732551574707,-0.20716169476509094,0.4903249740600586,-0.3296404778957367,0.07370665669441223,0.007115501444786787,0.9014529585838318,0.5954108834266663,-1.484674048522343,1.3606794394990367,-1.04834823441192,-0.000899560924153775,9.315693750977516e-05,-0.0030228784307837486,0.2708538770675659,-0.07128538191318512,-0.0931384339928627,-0.3748798966407776,-0.4315418601036072,0.03305763006210327,0.0031552626751363277,0.29515793919563293,0.572587251663208,-0.1530733635015627,0.7447234941850288,-1.3629781138402641,0.006417126394808292,-0.004268543794751167,-0.007294591516256332,-0.19739606976509094,-0.7871907353401184,-0.025493500754237175,0.08405017107725143,0.049057215452194214,0.13458435237407684,0.010611834935843945,0.8119633197784424,0.16608428955078125,-0.13632388655253713,0.3802406128394755,0.13725710675403371,-0.004197276663035154,0.000276767008472234,-0.0013742935843765736,0.010341623798012733,-0.22674694657325745,0.09186705946922302,0.43481165170669556,0.30029332637786865,0.16986075043678284,0.004425202030688524,0.2448687106370926,0.555058479309082,-1.0933333092179218,1.2934365930203087,-1.134691795713135
-0.00018069380894303322,-0.0019160386873409152,-0.006768957711756229,-0.7987037897109985,0.35625573992729187,-0.2094457447528839,0.5404563546180725,-0.3506222665309906,0.08352841436862946,0.007037232629954815,0.8992849588394165,0.6496199369430542,-1.484674048522343,1.3606794394990367,-1.04834823441192,-0.0009611211717128754,-9.58761665970087e-06,-0.003176662139594555,0.27298983931541443,-0.07412666082382202,-0.07946851849555969,-0.39481908082962036,-0.46202313899993896,0.030159026384353638,0.003318889532238245,0.29382553696632385,0.6084874868392944,-0.1530733635015627,0.7447234941850288,-1.3629781138402641,0.006674707867205143,-0.004181896802037954,-0.007557122968137264,-0.1732981652021408,-0.7681387066841125,-0.040250733494758606,0.07150708884000778,0.09238051623106003,0.19803451001644135,0.010915589518845081,0.7884728312492371,0.22992409765720367,-0.13632388655253713,0.3802406128394755,0.13725710675403371,-0.004306089598685503,0.00019932101713493466,-0.0012814219808205962,0.009547650814056396,-0.20974494516849518,0.09048932790756226,0.4030696153640747,0.28021255135536194,0.16642871499061584,0.004497129935771227,0.2286316156387329,0.5183461308479309,-1.0933333092179218,1.2934365930203087,-1.134691795713135
-0.00022269552573561668,-0.001968085765838623,-0.006614333018660545,-0.7972586154937744,0.3546571135520935,-0.20923396944999695,0.5709726810455322,-0.36368319392204285,0.08960133790969849,0.00690451730042696,0.8973192572593689,0.6828643083572388,-1.484674048522343,1.3606794394990367,-1.04834823441192,-0.0010629980824887753,-0.00013033475261181593,-0.0032607107423245907,0.2733875513076782,-0.0763913094997406,-0.06610138714313507,-0.40715110301971436,-0.4808797240257263,0.028358817100524902,0.003432082012295723,0.29145458340644836,0.6307309865951538,-0.1530733635015627,0.7447234941850288,-1.3629781138402641,0.006841114256531,-0.004081581719219685,-0.007812656462192535,-0.14994008839130402,-0.7448045015335083,-0.04780709743499756,0.060820262879133224,0.12957273423671722,0.25315794348716736,0.01115785539150238,0.761249840259552,0.29082149267196655,-0.13632388655253713,0.3802406128394755,0.13725710675403371,-0.004359661601483822,0.00014732370618730783,-0.0011330718407407403,0.009149685502052307,-0.19328811764717102,0.08597861230373383,0.3570209741592407,0.25165632367134094,0.16161063313484192,0.004506906494498253,0.21174591779708862,0.46573907136917114,-1.0933333092179218,1.2934365930203087,-1.134691795713135
-0.0002226450014859438,-0.0020071587059646845,-0.006415017414838076,-0.7982926368713379,0.34990769624710083,-0.2049511969089508,0.5865722894668579,-0.3706492781639099,0.0927986204624176,0.00672537786886096,0.8953834176063538,0.7000425457954407,-1.484674048522343,1.3606794394990367,-1.04834823441192,-0.001194976968690753,-0.00027052906807512045,-0.0032519125379621983,0.2699114680290222,-0.07752974331378937,-0.052417393773794174,-0.4132978916168213,-0.49013087153434753,0.027587860822677612,0.0034750669728964567,0.2856757640838623,0.6417199373245239,-0.1530733635015627,0.7447234941850288,-1.3629781138402641,0.0068941861391067505,-0.004009464755654335,-0.008063589222729206,-0.13159745931625366,-0.7134503126144409,-0.04813079908490181,0.052523814141750336,0.15884028375148773,0.29755836725234985,0.011341388337314129,0.7270803451538086,0.34136486053466797,-0.13632388655253713,0.3802406128394755,0.13725710675403371,-0.0043595535680651665,0.00013976861373521388,-0.0009602840291336179,0.009299622848629951,-0.17870695888996124,0.07767307758331299,0.2950197458267212,0.2136058211326599,0.15522432327270508,0.0044662500731647015,0.19507887959480286,0.3959276080131531,-1.0933333092179218,1.2934365930203087,-1.134691795713135
-0.00017699389718472958,-0.002028305782005191,-0.0062065450474619865,-0.8023483753204346,0.3406825065612793,-0.1966089904308319,0.5917007923126221,-0.37319236993789673,0.09393680095672607,0.006531963590532541,0.8935785293579102,0.7058374285697937,-1.484674048522343,1.3606794394990367,-1.04834823441192,-0.001351444167084992,-0.00043779006227850914,-0.0031655398197472095,0.25942254066467285,-0.07677824050188065,-0.03723033517599106,-0.41447913646698,-0.4914109408855438,0.027858436107635498,0.003469683462753892,0.2730953097343445,0.6434701085090637,-0.1530733635015627,0.7447234941850288,-1.3629781138402641,0.006789745297282934,-0.003994339145720005,-0.00837381836026907,-0.12274638563394547,-0.6688200235366821,-0.041359417140483856,0.048941127955913544,0.18006408214569092,0.3307356536388397,0.011496791616082191,0.6812469959259033,0.37974250316619873,-0.13822085127207492,0.3861535034654724,0.1358142594810043,-0.004311807453632355,0.00018789106979966164,-0.0008093854412436485,0.009997137822210789,-0.16635726392269135,0.06574678421020508,0.21734358370304108,0.16620993614196777,0.14727745950222015,0.0043911379761993885,0.17915725708007812,0.3107323944568634,-1.0933333092179218,1.2934365930203087,-1.134691795713135
-9.496603161096573e-05,-0.002032163552939892,-0.006033237557858229,-0.8094083070755005,0.3266773223876953,-0.1847590208053589,0.5901737213134766,-0.37266501784324646,0.09369924664497375,0.006366997957229614,0.8921859264373779,0.7042469382286072,-1.484674048522343,1.3606794394990367,-1.04834823441192,-0.0015275978948920965,-0.0006296556675806642,-0.0030524213798344135,0.23935814201831818,-0.0733533427119255,-0.020569128915667534,-0.41156908869743347,-0.4857560396194458,0.029280513525009155,0.0034709216561168432,0.2511894106864929,0.6373424530029297,-0.1530733635015627,0.7447234941850288,-1.3629781138402641,0.00667668366804719,-0.003990629687905312,-0.008679311722517014,-0.12058892101049423,-0.6064353585243225,-0.03210091218352318,0.04554950073361397,0.19377580285072327,0.3546887934207916,0.011654770001769066,0.6191413402557373,0.4067283570766449,-0.13822085127207492,0.3861535034654724,0.1358142594810043,-0.004231667146086693,0.0002809975703712553,-0.0007201912812888622,0.011080365628004074,-0.15569056570529938,0.05132362246513367,0.12750229239463806,0.1115889698266983,0.1381024718284607,0.0043017021380364895,0.1643059402704239,0.2185891717672348,-1.0933333092179218,1.2934365930203087,-1.134691795713135
2.6419293135404587e-06,-0.00202381145209074,-0.005929267965257168,-0.8186841011047363,0.30922746658325195,-0.17009064555168152,0.5850275754928589,-0.3700324296951294,0.09260499477386475,0.006265144795179367,0.8915134072303772,0.6983959674835205,-1.484674048522343,1.3606794394990367,-1.04834823441192,-0.0017078204546123743,-0.000818553613498807,-0.002965847961604595,0.2087944597005844,-0.06673631072044373,-0.003917237743735313,-0.40506231784820557,-0.47356611490249634,0.032054901123046875,0.003518939483910799,0.21923550963401794,0.6239935159683228,-0.1530733635015627,0.7447234941850288,-1.3629781138402641,0.006547130644321442,-0.00398428738117218,-0.008994324132800102,-0.12357280403375626,-0.5245334506034851,-0.021566275507211685,0.04402032494544983,0.2012813538312912,0.37085211277008057,0.011816823855042458,0.5393242835998535,0.42424434423446655,-0.13822085127207492,0.3861535034654724,0.1358142594810043,-0.004143998026847839,0.0003972525883000344,-0.000715170637704432,0.012304075993597507,-0.14532677829265594,0.03584173321723938,0.03289360925555229,0.0542367659509182,0.128424733877182,0.004223979078233242,0.1501861959695816,0.1432359218597412,-1.0933333092179218,1.2934365930203087,-1.134691795713135
9.694183245301247e-05,-0.0020030580926686525,-0.005912908352911472,-0.828951895236969,0.29055431485176086,-0.153628408908844,0.5785205960273743,-0.3658734858036041,0.09100793302059174,0.006243727169930935,0.891731321811676,0.6905301809310913,-1.484674048522343,1.3606794394990367,-1.04834823441192,-0.0018697751220315695,-0.0009613964939489961,-0.0029440412763506174,0.16847175359725952,-0.05692373216152191,0.011301811784505844,-0.39513033628463745,-0.4547204375267029,0.03644067049026489,0.0036176955327391624,0.17818747460842133,0.6035118699073792,-0.1530733635015627,0.7447234941850288,-1.3629781138402641,0.00644376315176487,-0.003957102540880442,-0.009266044944524765,-0.1287025660276413,-0.4255158007144928,-0.011423719115555286,0.04393889009952545,0.2040003389120102,0.38115647435188293,0.01195994671434164,0.4447005093097687,0.43454232811927795,-0.13822085127207492,0.3861535034654724,0.1358142594810043,-0.004074091091752052,0.0005230961833149195,-0.0007995611522346735,0.013394426554441452,-0.13321714103221893,0.020662762224674225,-0.0571785569190979,-0.0001838402822613716,0.11916309595108032,0.0041846320964396,0.13547386229038239,0.13217134773731232,-1.0933333092179218,1.2934365930203087,-1.134691795713135
0.00017902860417962074,-0.001959405140951276,-0.005990819074213505,-0.8388538360595703,0.27317604422569275,-0.13651132583618164,0.5722172260284424,-0.3604300320148468,0.08911678194999695,0.006305650807917118,0.8927128314971924,0.6821174025535583,-1.484674048522343,1.3606794394990367,-1.04834823441192,-0.0019954759627580643,-0.0010241700801998377,-0.0030089709907770157,0.12045369297266006,-0.04450063407421112,0.02482551895081997,-0.3817571699619293,-0.4288365840911865,0.04269425570964813,0.0037529661785811186,0.13078877329826355,0.5757275223731995,-0.1530733635015627,0.7447234941850288,-1.3629781138402641,0.006400471553206444,-0.0039027975872159004,-0.009453093633055687,-0.13306638598442078,-0.31468120217323303,-0.003030134132131934,0.044853098690509796,0.203372985124588,0.3872615098953247,0.012064776383340359,0.34167250990867615,0.4397088289260864,-0.13822085127207492,0.3861535034654724,0.1358142594810043,-0.004037346690893173,0.0006599128828383982,-0.0009648817358538508,0.014070662669837475,-0.11711982637643814,0.007114717736840248,-0.1353069394826889,-0.04715660586953163,0.11104616522789001,0.004203171469271183,0.11817637830972672,0.1812814474105835,-1.0933333092179218,1.2934365930203087,-1.134691795713135
0.0002453932538628578,-0.0018819018732756376,-0.006159091833978891,-0.8469446301460266,0.2598922550678253,-0.11967599391937256,0.5671091079711914,-0.35369253158569336,0.08702610433101654,0.006444857455790043,0.8939695358276367,0.674006462097168,-1.484674048522343,1.3606794394990367,-1.04834823441192,-0.0020718546584248543,-0.0009978431044146419,-0.0031656394712626934,0.06752584874629974,-0.030435610562562943,0.037414874881505966,-0.3649498224258423,-0.39567357301712036,0.05097334086894989,0.00391274131834507,0.08298156410455704,0.5406886339187622,-0.1530733635015627,0.7447234941850288,-1.3629781138402641,0.006437123287469149,-0.00382536300458014,-0.009548738598823547,-0.13387905061244965,-0.19810160994529724,0.002377365715801716,0.04627981781959534,0.20078763365745544,0.39031982421875,0.012134593911468983,0.2391098141670227,0.44136953353881836,-0.13822085127207492,0.3861535034654724,0.1358142594810043,-0.004038580227643251,0.0008127793553285301,-0.0011889288434758782,0.01411235798150301,-0.09527130424976349,-0.003761522937566042,-0.19795769453048706,-0.08452097326517105,0.1044146716594696,0.004287690855562687,0.09638427942991257,0.23923517763614655,-1.0933333092179218,1.2934365930203087,-1.134691795713135
0.00029000919312238693,-0.0017725464422255754,-0.006396436132490635,-0.8518756031990051,0.2533515691757202,-0.10396772623062134,0.5637387037277222,-0.34551557898521423,0.08475574851036072,0.006643825676292181,0.8948119282722473,0.6666077375411987,-1.484674048522343,1.3606794394990367,-1.04834823441192,-0.0020894468761980534,-0.0008979802951216698,-0.0034018107689917088,0.012396924197673798,-0.01575484499335289,0.050335608422756195,-0.34502100944519043,-0.3556816279888153,0.0612034946680069,0.004092001356184483,0.054180923849344254,0.4992942810058594,-0.1530733635015627,0.7447234941850288,-1.3629781138402641,0.006552743725478649,-0.0037366431206464767,-0.009571978822350502,-0.12971091270446777,-0.08067010343074799,0.0040755365043878555,0.04769078269600868,0.19757893681526184,0.3908359706401825,0.012187031097710133,0.152804434299469,0.44052764773368835,-0.13822085127207492,0.3861535034654724,0.1358142594810043,-0.0040785688906908035,0.0009775967337191105,-0.0014262240147218108,0.013375294394791126,-0.06702929735183716,-0.01172451488673687,-0.2447575032711029,-0.11188384145498276,0.09963160753250122,0.004429958760738373,0.06934904307126999,0.28696808218955994,-1.0985008641303688,1.2942724066180076,-1.1391561929591434
0.00030176411382853985,-0.0016470827395096421,-0.006659679114818573,-0.8527880907058716,0.25519293546676636,-0.09009844064712524,0.5623008012771606,-0.3357614278793335,0.08229464292526245,0.006866969633847475,0.8947003483772278,0.6600684523582458,-1.484674048522343,1.3606794394990367,-1.04834823441192,-0.0020492395851761103,-0.0007511626463383436,-0.003686344949528575,-0.042836159467697144,-0.0013085640966892242,0.0649152547121048,-0.3229418396949768,-0.3106997609138489,0.0729033499956131,0.00428401306271553,0.07778584957122803,0.4540271759033203,-0.1530733635015627,0.7447234941850288,-1.3629781138402641,0.006718127988278866,-0.0036543533205986023,-0.00954047404229641,-0.12119783461093903,0.03396746516227722,0.0021708589047193527,0.04848796874284744,0.19506868720054626,0.3885961174964905,0.012227353639900684,0.12588652968406677,0.4375040829181671,-0.13822085127207492,0.3861535034654724,0.1358142594810043,-0.004151088651269674,0.0011235446436330676,-0.0016355414409190416,0.012135948985815048,-0.033341068774461746,-0.01712362840771675,-0.2773861289024353,-0.13058318197727203,0.09591270238161087,0.00460096588358283,0.03939703851938248,0.3212386667728424,-1.0985008641303688,1.2942724066180076,-1.1391561929591434
0.00026699365116655827,-0.0015239082276821136,-0.0068941302597522736,-0.8496416807174683,0.26545849442481995,-0.07808572053909302,0.5627123117446899,-0.3244749903678894,0.07964901626110077,0.007065593730658293,0.893563985824585,0.6544257998466492,-1.484674048522343,1.3606794394990367,-1.04834823441192,-0.001966387964785099,-0.0005785421235486865,-0.00396609865128994,-0.09656654298305511,0.012270397506654263,0.08205470442771912,-0.30053195357322693,-0.26432743668556213,0.08509582281112671,0.004464451689273119,0.12731313705444336,0.4091818034648895,-0.1530733635015627,0.7447234941850288,-1.3629781138402641,0.0068773385137319565,-0.003600009949877858,-0.009451759047806263,-0.11001044511795044,0.14208075404167175,-0.0024617761373519897,0.04797998070716858,0.19461984932422638,0.3826594352722168,0.012230846099555492,0.17970892786979675,0.43198058009147644,-0.13822085127207492,0.3861535034654724,0.1358142594810043,-0.004250174388289452,0.0012303426628932357,-0.00175983808003366,0.010543815791606903,0.00291838264092803,-0.02069247141480446,-0.29820576310157776,-0.1420208215713501,0.0933181419968605,0.004761801566928625,0.02340656705200672,0.3432271480560303,-1.0985008641303688,1.2942724066180076,-1.1391561929591434
0.00017536012455821037,-0.001417129416950047,-0.007056163623929024,-0.8433413505554199,0.282368540763855,-0.0670144259929657,0.5646435022354126,-0.31208935379981995,0.0768943578004837,0.007199198007583618,0.8918786644935608,0.6497189998626709,-1.484674048522343,1.3606794394990367,-1.04834823441192,-0.0018612202256917953,-0.000390981906093657,-0.00417477497830987,-0.14695324003696442,0.024417752400040627,0.10178402811288834,-0.28002476692199707,-0.22102096676826477,0.09656104445457458,0.004587565083056688,0.18042026460170746,0.36957836151123047,-0.1530733635015627,0.7447234941850288,-1.3629781138402641,0.0069695888087153435,-0.0035946336574852467,-0.00929224118590355,-0.09749862551689148,0.2392052859067917,-0.008465327322483063,0.045372605323791504,0.19767481088638306,0.3714156746864319,0.012159042060375214,0.25845077633857727,0.4231826961040497,-0.13822085127207492,0.3861535034654724,0.1358142594810043,-0.004367465153336525,0.0012841615825891495,-0.0017725941725075245,0.008940763771533966,0.03738259896636009,-0.02330520749092102,-0.3098215162754059,-0.1479199379682541,0.09164944291114807,0.004885274916887283,0.04495029151439667,0.35534390807151794,-1.0985008641303688,1.2942724066180076,-1.1391561929591434
2.7526868507266045e-05,-0.001341797411441803,-0.00712828803807497,-0.8355774283409119,0.30241847038269043,-0.056019127368927,0.567552924156189,-0.2995360195636749,0.07420507073402405,0.007253528106957674,0.8903845548629761,0.6460220813751221,-1.484674048522343,1.3606794394990367,-1.04834823441192,-0.0017464552074670792,-0.00020017684437334538,-0.004259877372533083,-0.19125625491142273,0.03445989266037941,0.12311149388551712,-0.26319319009780884,-0.18430104851722717,0.10632622241973877,0.004608332645148039,0.230049729347229,0.33844172954559326,-0.1530733635015627,0.7447234941850288,-1.3629781138402641,0.006960996426641941,-0.003651898354291916,-0.009066686034202576,-0.0844275951385498,0.32096347212791443,-0.014626644551753998,0.039787910878658295,0.20575019717216492,0.35272741317749023,0.011999859474599361,0.33220401406288147,0.4102838635444641,-0.13822085127207492,0.3861535034654724,0.1358142594810043,-0.004492402542382479,0.001277499133720994,-0.0016814600676298141,0.0077160075306892395,0.06533630937337875,-0.0260798130184412,-0.31453341245651245,-0.1499115377664566,0.0907808467745781,0.004963969346135855,0.07077094167470932,0.36006373167037964,-1.0985008641303688,1.2942724066180076,-1.1391561929591434
-0.00016224989667534828,-0.0013180016539990902,-0.007116822060197592,-0.8282773494720459,0.321267306804657,-0.04551488161087036,0.5708150267601013,-0.28799891471862793,0.07180789113044739,0.007239655125886202,0.8895660042762756,0.6433735489845276,-1.484674048522343,1.3606794394990367,-1.04834823441192,-0.0016236711526289582,-3.2383715733885765e-05,-0.004206306766718626,-0.22603921592235565,0.041656360030174255,0.14414311945438385,-0.2508818507194519,-0.15581399202346802,0.11392344534397125,0.0045089214108884335,0.2713046669960022,0.31654107570648193,-0.1530733635015627,0.7447234941850288,-1.3629781138402641,0.006857963278889656,-0.003768518567085266,-0.008813973516225815,-0.0710119754076004,0.3842570185661316,-0.020518776029348373,0.030328698456287384,0.22035571932792664,0.3241909146308899,0.011786412447690964,0.3913019001483917,0.3931618332862854,-0.13822085127207492,0.3861535034654724,0.1358142594810043,-0.004611860029399395,0.0012045332696288824,-0.0015203888760879636,0.007207450456917286,0.08306798338890076,-0.030170202255249023,-0.3140665888786316,-0.14939220249652863,0.09069633483886719,0.005003172438591719,0.08867061883211136,0.35941851139068604,-1.0985008641303688,1.2942724066180076,-1.1391561929591434
-0.00036998442374169827,-0.0013632704503834248,-0.007044215686619282,-0.8229086399078369,0.33531612157821655,-0.03700104355812073,0.5739079713821411,-0.27842146158218384,0.06988248229026794,0.007184453308582306,0.8893731236457825,0.641694962978363,-1.484674048522343,1.3606794394990367,-1.04834823441192,-0.0014951394405215979,7.515226025134325e-05,-0.004038859158754349,-0.2482706606388092,0.045336075127124786,0.16235442459583282,-0.2429562211036682,-0.13582900166511536,0.11945298314094543,0.004307374358177185,0.30008772015571594,0.3028964400291443,-0.15236641251832866,0.7453016373528905,-1.3631012922552,0.006695679388940334,-0.0039155082777142525,-0.008589638397097588,-0.05642819032073021,0.4277925491333008,-0.026129133999347687,0.016206178814172745,0.24280749261379242,0.28355690836906433,0.011573470197618008,0.4322884678840637,0.3736611306667328,-0.13822085127207492,0.3861535034654724,0.1358142594810043,-0.004711085930466652,0.0010654325596988201,-0.0013348121428862214,0.007593605667352676,0.089056596159935,-0.036396946758031845,-0.30945318937301636,-0.14746731519699097,0.09150800108909607,0.00501110777258873,0.09650635719299316,0.35479795932769775,-1.0985008641303688,1.2942724066180076,-1.1391561929591434
-0.0005651167593896389,-0.0014810184948146343,-0.006943597458302975,-0.8201339840888977,0.3427567481994629,-0.03190818428993225,0.5765125751495361,-0.271242618560791,0.06850725412368774,0.007122241426259279,0.8894492983818054,0.6408061385154724,-1.484674048522343,1.3606794394990367,-1.04834823441192,-0.0013659559190273285,0.00010068656411021948,-0.0038154073990881443,-0.2566925287246704,0.04599723592400551,0.1741621196269989,-0.23927952349185944,-0.12306930869817734,0.1228509470820427,0.004053801763802767,0.3135909140110016,0.2957923412322998,-0.15236641251832866,0.7453016373528905,-1.3631012922552,0.006515706889331341,-0.004044020548462868,-0.008435619994997978,-0.038420360535383224,0.4523843824863434,-0.030613824725151062,-0.003051508218050003,0.2739051580429077,0.22935806214809418,0.011400360614061356,0.4550439119338989,0.35726526379585266,-0.13822085127207492,0.3861535034654724,0.1358142594810043,-0.004771960899233818,0.0008705462096258998,-0.0011688272934406996,0.008848259225487709,0.08460886776447296,-0.045159295201301575,-0.3010311424732208,-0.144950270652771,0.09345658123493195,0.004989550914615393,0.09631361812353134,0.34693580865859985,-1.0985008641303688,1.2942724066180076,-1.1391561929591434
-0.0007165754213929176,-0.001657208544202149,-0.006850958801805973,-0.820110559463501,0.34305912256240845,-0.030685126781463623,0.5786455869674683,-0.26618626713752747,0.06747037172317505,0.007084875367581844,0.8895012140274048,0.6404983401298523,-1.485883882306075,1.3606888701793438,-1.0500852905939646,-0.001255412818863988,4.462560173124075e-05,-0.00359705975279212,-0.251810222864151,0.04416479170322418,0.17636170983314514,-0.23879088461399078,-0.1163114607334137,0.12463609874248505,0.0038101039826869965,0.3105839192867279,0.2934000790119171,-0.15236641251832866,0.7453016373528905,-1.3631012922552,0.006344544235616922,-0.004117605276405811,-0.008362079970538616,-0.013867349363863468,0.46101507544517517,-0.031810056418180466,-0.027295557782053947,0.31344833970069885,0.16178442537784576,0.011275296099483967,0.4623192548751831,0.3537924587726593,-0.13822085127207492,0.3861535034654724,0.1358142594810043,-0.004774858243763447,0.0006392637733370066,-0.0010571382008492947,0.010788705199956894,0.07338625937700272,-0.05662718042731285,-0.2885385751724243,-0.14239467680454254,0.09689197689294815,0.004932085983455181,0.09331975132226944,0.3360339403152466,-1.0985008641303688,1.2942724066180076,-1.1391561929591434
-0.0007963150274008512,-0.0018646713579073548,-0.00679565267637372,-0.8220340013504028,0.33795875310897827,-0.034125328063964844,0.5799852013587952,-0.263550341129303,0.0671120285987854,0.007091686129570007,0.8894495368003845,0.640582263469696,-1.485883882306075,1.3606888701793438,-1.0500852905939646,-0.0011670810636132956,-6.855186074972153e-05,-0.0034215496852993965,-0.23591084778308868,0.04088986665010452,0.1667197346687317,-0.24033406376838684,-0.11388777941465378,0.12525314092636108,0.0036157681606709957,0.29175567626953125,0.2939715087413788,-0.15236641251832866,0.7453016373528905,-1.3631012922552,0.006189599633216858,-0.004145629703998566,-0.008346261456608772,0.019715409725904465,0.45807865262031555,-0.02745949849486351,-0.05535052716732025,0.35958048701286316,0.08382809162139893,0.01118738017976284,0.45932427048683167,0.37334829568862915,-0.13822085127207492,0.3861535034654724,0.1358142594810043,-0.004708718042820692,0.0003985571675002575,-0.0010214106878265738,0.013153471052646637,0.060073141008615494,-0.07077720761299133,-0.2712945342063904,-0.14014168083667755,0.10222810506820679,0.004834682215005159,0.09376145154237747,0.32201087474823,-1.0985008641303688,1.2942724066180076,-1.1391561929591434
-0.000798479188233614,-0.002072487957775593,-0.006789031438529491,-0.8253567814826965,0.3286694586277008,-0.041908204555511475,0.5807632207870483,-0.2626054883003235,0.06712391972541809,0.007143089082092047,0.8893782496452332,0.6409003138542175,-1.485883882306075,1.3606888701793438,-1.0500852905939646,-0.0010811301181092858,-0.00020324834622442722,-0.0032950369641184807,-0.21256901323795319,0.037266433238983154,0.14517202973365784,-0.24249011278152466,-0.1140451580286026,0.12517738342285156,0.0034738194663077593,0.2600947618484497,0.29576531052589417,-0.15236641251832866,0.7453016373528905,-1.3631012922552,0.0060540782287716866,-0.00417152838781476,-0.008345223031938076,0.06272168457508087,0.44862258434295654,-0.01681220531463623,-0.08481290936470032,0.40846168994903564,0.0018573440611362457,0.011121882125735283,0.45329779386520386,0.4171781837940216,-0.13822085127207492,0.3861535034654724,0.1358142594810043,-0.004579627886414528,0.000182357121957466,-0.00106531148776412,0.015630319714546204,0.04909953474998474,-0.08702299743890762,-0.2484705001115799,-0.13837040960788727,0.10986590385437012,0.004705436993390322,0.10113393515348434,0.3048843443393707,-1.0985008641303688,1.2942724066180076,-1.1391561929591434
-0.0007330507505685091,-0.0022440007887780666,-0.00682168360799551,-0.829109251499176,0.3174881339073181,-0.05341634154319763,0.581110954284668,-0.26279160380363464,0.06736987829208374,0.00721860583871603,0.8894235491752625,0.6413174867630005,-1.485883882306075,1.3606888701793438,-1.0500852905939646,-0.0009747545118443668,-0.0003239653306081891,-0.0032093306072056293,-0.18596501648426056,0.03418698161840439,0.11405816674232483,-0.24355970323085785,-0.11501471698284149,0.12489648908376694,0.003369703656062484,0.22081893682479858,0.2968987226486206,-0.15236641251832866,0.7453016373528905,-1.3631012922552,0.005943667143583298,-0.004225323908030987,-0.008314491249620914,0.11300378292798996,0.43798568844795227,-0.000814562663435936,-0.1126791387796402,0.45528945326805115,-0.07609798014163971,0.011059444397687912,0.45232951641082764,0.4751589000225067,-0.13822085127207492,0.3861535034654724,0.1358142594810043,-0.004409795626997948,2.8433831175789237e-05,-0.0011688104132190347,0.01784566417336464,0.04384082183241844,-0.10373952984809875,-0.21946416795253754,-0.13714385032653809,0.12007613480091095,0.004562151152640581,0.1140279546380043,0.28529149293899536,-1.0985008641303688,1.2942724066180076,-1.1391561929591434
-0.0006225062534213066,-0.002339669270440936,-0.006868727970868349,-0.832196831703186,0.30729037523269653,-0.06682133674621582,0.5811976194381714,-0.26345962285995483,0.06768384575843811,0.007282924372702837,0.8896313905715942,0.6417030096054077,-1.485883882306075,1.3606888701793438,-1.0500852905939646,-0.000851270102430135,-0.0004023131914436817,-0.0031564487144351006,-0.16032163798809052,0.03228788077831268,0.07739698886871338,-0.2415354698896408,-0.11502740532159805,0.12490705400705338,0.0032938860822468996,0.18093045055866241,0.2952498197555542,-0.15236641251832866,0.7453016373528905,-1.3631012922552,0.005855919793248177,-0.004298156127333641,-0.00822150707244873,0.16649752855300903,0.4307955205440521,0.018535424023866653,-0.1365484595298767,0.49625134468078613,-0.1436418890953064,0.010970830917358398,0.4622226655483246,0.5343630313873291,-0.13822085127207492,0.3861535034654724,0.1358142594810043,-0.004229285754263401,-2.9740273021161556e-05,-0.0012939602602273226,0.019432432949543,0.04599305987358093,-0.11855264008045197,-0.1843886524438858,-0.13644568622112274,0.13283506035804749,0.004422903526574373,0.12863789498806,0.2650693356990814,-1.0985008641303688,1.2942724066180076,-1.1391561929591434
-0.0004940186627209187,-0.002330188872292638,-0.006904696114361286,-0.8336969614028931,0.3008154034614563,-0.07932960987091064,0.5812225937843323,-0.26387497782707214,0.06786713004112244,0.007304016966372728,0.889850378036499,0.6419156193733215,-1.485883882306075,1.3606888701793438,-1.0500852905939646,-0.0007424390641972423,-0.00042156490962952375,-0.0031314652878791094,-0.13931043446063995,0.03195488080382347,0.03972883149981499,-0.23410074412822723,-0.11231197416782379,0.1257152557373047,0.0032457676716148853,0.14834719896316528,0.28848129510879517,-0.15236641251832866,0.7453016373528905,-1.3631012922552,0.005774127319455147,-0.004358034580945969,-0.008051084354519844,0.21837852895259857,0.42950233817100525,0.038376275449991226,-0.15525485575199127,0.5295312404632568,-0.1977269947528839,0.010823722928762436,0.4833572208881378,0.5861769318580627,-0.13822085127207492,0.3861535034654724,0.1358142594810043,-0.004066730849444866,2.4065753677859902e-05,-0.0014036016073077917,0.02016943320631981,0.055235181003808975,-0.1293872743844986,-0.1446850597858429,-0.13620613515377045,0.14760848879814148,0.004302205517888069,0.14212247729301453,0.24753615260124207,-1.0985008641303688,1.2942724066180076,-1.1391561929591434
-0.00037310668267309666,-0.002212553285062313,-0.0069191548973321915,-0.8331835269927979,0.29964154958724976,-0.08841058611869812,0.5814101696014404,-0.26321080327033997,0.06768321990966797,0.007273878436535597,0.8898293375968933,0.6417933702468872,-1.485883882306075,1.3606888701793438,-1.0500852905939646,-0.0006837703986093402,-0.0003795261727645993,-0.0031313709914684296,-0.12512439489364624,0.03318994119763374,0.005191904492676258,-0.2186966985464096,-0.10511364787817001,0.12783125042915344,0.0032275482080876827,0.12955555319786072,0.27425891160964966,-0.15236641251832866,0.7453016373528905,-1.3631012922552,0.005676844157278538,-0.004380238242447376,-0.007805204018950462,0.2645600140094757,0.4339810609817505,0.0550544336438179,-0.16846498847007751,0.5549279451370239,-0.23828330636024475,0.010598785243928432,0.511236310005188,0.6269803643226624,-0.13865825829858255,0.3859717746951671,0.13549213980815505,-0.003943095915019512,0.00017551032942719758,-0.00147895363625139,0.02001814916729927,0.06986963748931885,-0.13509443402290344,-0.10344034433364868,-0.1363224983215332,0.16324183344841003,0.004214986693114042,0.15340468287467957,0.23649868369102478,-1.0985008641303688,1.2942724066180076,-1.1391561929591434
-0.0002816820051521063,-0.002017625607550144,-0.006919821258634329,-0.8307781219482422,0.3038066029548645,-0.09285542368888855,0.5820072889328003,-0.26054805517196655,0.06685689091682434,0.00721346540376544,0.8894452452659607,0.6411611437797546,-1.485883882306075,1.3606888701793438,-1.0500852905939646,-0.0006891586817800999,-0.0002883498091250658,-0.0031536747701466084,-0.11793732643127441,0.0355210155248642,-0.022937927395105362,-0.19270683825016022,-0.09177002310752869,0.13174664974212646,0.003240949008613825,0.12528808414936066,0.2508282959461212,-0.15236641251832866,0.7453016373528905,-1.3631012922552,0.005553906783461571,-0.004341531079262495,-0.007511302828788757,0.302351176738739,0.442886620759964,0.06536445021629333,-0.17710798978805542,0.5732392072677612,-0.2662779986858368,0.010301186703145504,0.5402196645736694,0.6564102172851562,-0.13865825829858255,0.3859717746951671,0.13549213980815505,-0.0038673244416713715,0.000375845207599923,-0.0015240444336086512,0.019071318209171295,0.08805112540721893,-0.13559433817863464,-0.06455831229686737,-0.13668310642242432,0.17827704548835754,0.004173747729510069,0.1627960056066513,0.23373650014400482,-1.0985008641303688,1.2942724066180076,-1.1391561929591434
-0.00023778434842824936,-0.0018039608839899302,-0.006921740248799324,-0.8268476724624634,0.3124266266822815,-0.09296661615371704,0.5832771062850952,-0.25489941239356995,0.0650806725025177,0.007156906183809042,0.8887802362442017,0.6398604512214661,-1.485883882306075,1.3606888701793438,-1.0500852905939646,-0.0007429370889440179,-0.00017124414443969727,-0.003195213619619608,-0.11629578471183777,0.03816358000040054,-0.04251403734087944,-0.15381065011024475,-0.0708809494972229,0.1378847062587738,0.0032849155832082033,0.129570871591568,0.2183896005153656,-0.15236641251832866,0.7453016373528905,-1.3631012922552,0.005410125013440847,-0.004246864467859268,-0.0072023821994662285,0.3316437005996704,0.4545910358428955,0.06694886088371277,-0.18186736106872559,0.5855981707572937,-0.2840319275856018,0.009958896785974503,0.566676914691925,0.6757774353027344,-0.13865825829858255,0.3859717746951671,0.13549213980815505,-0.0038329889066517353,0.0005569644272327423,-0.0015540535096079111,0.017541036009788513,0.10841423273086548,-0.13207390904426575,-0.031136371195316315,-0.13719381392002106,0.191563218832016,0.0041733793914318085,0.17176975309848785,0.23767220973968506,-1.0985008641303688,1.2942724066180076,-1.1391561929591434
-0.0002534764353185892,-0.0016365060582756996,-0.006933374330401421,-0.8216507434844971,0.3245932459831238,-0.09008291363716125,0.5854830145835876,-0.2452758550643921,0.06203588843345642,0.007128399796783924,0.8880234360694885,0.6378080248832703,-1.485883882306075,1.3606888701793438,-1.0500852905939646,-0.0008114988449960947,-5.389994475990534e-05,-0.0032501935493201017,-0.11793339252471924,0.04031454771757126,-0.052813440561294556,-0.10055799037218094,-0.04160583019256592,0.1465127319097519,0.003350401995703578,0.13536176085472107,0.18250736594200134,-0.15236641251832866,0.7453016373528905,-1.3631012922552,0.005257976241409779,-0.004110630601644516,-0.0069097899831831455,0.35388606786727905,0.4680193066596985,0.05918537825345993,-0.18378624320030212,0.5931421518325806,-0.2938259541988373,0.009606705978512764,0.5897290706634521,0.6869706511497498,-0.13865825829858255,0.3859717746951671,0.13549213980815505,-0.003819780657067895,0.0006585456430912018,-0.0015758019872009754,0.015712425112724304,0.12997713685035706,-0.12653818726539612,-0.004619091749191284,-0.13778942823410034,0.20256786048412323,0.0041842032223939896,0.1820792406797409,0.2450326532125473,-1.0985008641303688,1.2942724066180076,-1.1391561929591434
-0.0003307380247861147,-0.0015586037188768387,-0.0069496287032961845,-0.8153321743011475,0.3396005928516388,-0.08573910593986511,0.5888596177101135,-0.23081675171852112,0.05743330717086792,0.00712993461638689,0.8873817324638367,0.6350831389427185,-1.485883882306075,1.3606888701793438,-1.0500852905939646,-0.0008637354476377368,4.744948819279671e-05,-0.003305177204310894,-0.1204424798488617,0.04138415306806564,-0.05471355468034744,-0.03320750966668129,-0.004114363342523575,0.15760962665081024,0.0034165021497756243,0.13860955834388733,0.16112250089645386,-0.15236641251832866,0.7453016373528905,-1.3631012922552,0.00510376924648881,-0.00395750068128109,-0.00664253905415535,0.3710654079914093,0.48231011629104614,0.042888157069683075,-0.18396088480949402,0.5967257618904114,-0.2976924777030945,0.009264642372727394,0.6100425720214844,0.6917687654495239,-0.13865825829858255,0.3859717746951671,0.13549213980815505,-0.0038011246360838413,0.0006506905192509294,-0.0015777898952364922,0.013963732868432999,0.15183955430984497,-0.12044205516576767,0.014726564288139343,-0.1384865939617157,0.2112310528755188,0.00416669761762023,0.19431038200855255,0.2530098259449005,-1.0971746549143062,1.2942505753165314,-1.1371305018605702
-0.00045861536636948586,-0.0015776429791003466,-0.00695532001554966,-0.8082156181335449,0.35650455951690674,-0.08084869384765625,0.5935630798339844,-0.2110026329755783,0.05108082294464111,0.007146731019020081,0.8870425820350647,0.6320193409919739,-1.485883882306075,1.3606888701793438,-1.0500852905939646,-0.0008833394385874271,0.00013136235065758228,-0.003334199544042349,-0.1217593178153038,0.04109979793429375,-0.05042354390025139,0.04514939337968826,0.039795808494091034,0.17068341374397278,0.003451728727668524,0.13804730772972107,0.18098342418670654,-0.15236641251832866,0.7453016373528905,-1.3631012922552,0.004940349608659744,-0.0038133596535772085,-0.006384176667779684,0.3848226070404053,0.49625855684280396,0.02002936601638794,-0.18348842859268188,0.596750795841217,-0.2971869111061096,0.008927848190069199,0.6283010244369507,0.6914474368095398,-0.13865825829858255,0.3859717746951671,0.13549213980815505,-0.0037611322477459908,0.0005272183334454894,-0.001529989647679031,0.012051992118358612,0.17293305695056915,-0.1138700544834137,0.028016798198223114,-0.1391480416059494,0.2178383320569992,0.004094501491636038,0.20740656554698944,0.2600012421607971,-1.0971746549143062,1.2942505753165314,-1.1371305018605702
-0.0006161092314869165,-0.0016729837516322732,-0.006937239319086075,-0.8009060621261597,0.3739541471004486,-0.07548534870147705,0.5995982885360718,-0.18596652150154114,0.04298293590545654,0.007162664085626602,0.8871247172355652,0.6292449235916138,-1.485883882306075,1.3606888701793438,-1.0500852905939646,-0.0008703917264938354,0.0002066229935735464,-0.003304075449705124,-0.12068494409322739,0.03952072188258171,-0.04259009286761284,0.12802796065807343,0.08639547228813171,0.1846805214881897,0.003423037938773632,0.13394273817539215,0.24075347185134888,-0.15236641251832866,0.7453016373528905,-1.3631012922552,0.0047504897229373455,-0.003691743826493621,-0.006111137103289366,0.39597517251968384,0.5083369016647339,-0.0062768906354904175,-0.18345142900943756,0.5930879712104797,-0.29328906536102295,0.008575670421123505,0.6443928480148315,0.6866048574447632,-0.13865825829858255,0.3859717746951671,0.13549213980815505,-0.003692977363243699,0.00031551189022138715,-0.001415593782439828,0.010023564100265503,0.19240911304950714,-0.1055256649851799,0.03618761897087097,-0.13978645205497742,0.2226639986038208,0.003967560362070799,0.219675675034523,0.2653847336769104,-1.0971746549143062,1.2942505753165314,-1.1371305018605702
-0.0007814050186425447,-0.0018150447867810726,-0.006896522827446461,-0.7940889596939087,0.39053040742874146,-0.06928914785385132,0.6067193746566772,-0.1569119244813919,0.03347477316856384,0.007174050901085138,0.8876329064369202,0.6275749802589417,-1.485883882306075,1.3606888701793438,-1.0500852905939646,-0.0008383035892620683,0.00028431869577616453,-0.003193711629137397,-0.11733757704496384,0.036997243762016296,-0.0331883542239666,0.2072882056236267,0.1310172975063324,0.19827568531036377,0.0033141188323497772,0.12742985785007477,0.3153524696826935,-0.15236641251832866,0.7453016373528905,-1.3631012922552,0.004521471448242664,-0.003584563033655286,-0.005814588163048029,0.40361177921295166,0.5170250535011292,-0.03193589299917221,-0.18491680920124054,0.5850760340690613,-0.2864038050174713,0.00819159485399723,0.6566866040229797,0.6771523952484131,-0.13865825829858255,0.3859717746951671,0.13549213980815505,-0.003599440911784768,5.0733855459839106e-05,-0.0012394213117659092,0.007755924016237259,0.20976799726486206,-0.09411381185054779,0.0404580682516098,-0.14035503566265106,0.22595247626304626,0.003807192435488105,0.23004385828971863,0.2690556049346924,-1.0971746549143062,1.2942505753165314,-1.1371305018605702
-0.0009401345159858465,-0.001981292385607958,-0.006845458410680294,-0.7883995771408081,0.4049147069454193,-0.06193748116493225,0.6143791079521179,-0.12631918489933014,0.023290544748306274,0.007188161835074425,0.8884627819061279,0.6276628971099854,-1.485883882306075,1.3606888701793438,-1.0500852905939646,-0.0008036687504500151,0.0003698656801134348,-0.0030102264136075974,-0.11282956600189209,0.03401309251785278,-0.023147862404584885,0.27645841240882874,0.16994354128837585,0.21042278409004211,0.003137538442388177,0.12009673565626144,0.38676583766937256,-0.15236641251832866,0.7453016373528905,-1.3631012922552,0.004261976573616266,-0.003470085794106126,-0.005505042150616646,0.40522703528404236,0.5209270715713501,-0.05274335294961929,-0.1889248490333557,0.5716075301170349,-0.2764390707015991,0.007778909057378769,0.6620844602584839,0.6624547839164734,-0.13865825829858255,0.3859717746951671,0.13549213980815505,-0.0034840195439755917,-0.00023859090288169682,-0.001020002644509077,0.005301322788000107,0.22439180314540863,-0.07979454100131989,0.0419568195939064,-0.14077863097190857,0.2277790606021881,0.0036380933597683907,0.23821619153022766,0.27103927731513977,-1.0971746549143062,1.2942505753165314,-1.1371305018605702
-0.0010845244396477938,-0.002157207578420639,-0.006788544822484255,-0.7844234704971313,0.4158216714859009,-0.05341657996177673,0.6218845844268799,-0.09729255735874176,0.01335763931274414,0.007205142639577389,0.8894274234771729,0.6295909285545349,-1.485883882306075,1.3606888701793438,-1.0500852905939646,-0.0007748231291770935,0.00045692198909819126,-0.0027776937931776047,-0.10809481143951416,0.03092663735151291,-0.012956328690052032,0.33245396614074707,0.20138421654701233,0.22063350677490234,0.0029197107069194317,0.11317601799964905,0.4469456076622009,-0.15236641251832866,0.7453016373528905,-1.3631012922552,0.003999699372798204,-0.0033353068865835667,-0.005201072432100773,0.39939823746681213,0.5188742280006409,-0.06569734960794449,-0.19644758105278015,0.5513091683387756,-0.2629525065422058,0.007360232062637806,0.6580771803855896,0.641620934009552,-0.13865825829858255,0.3859717746951671,0.13549213980815505,-0.0033459998667240143,-0.0005324390949681401,-0.0007684184238314629,0.00300644151866436,0.2349688559770584,-0.06494610756635666,0.04161990433931351,-0.14094270765781403,0.22797977924346924,0.0034741435665637255,0.24379786849021912,0.27124130725860596,-1.0971746549143062,1.2942505753165314,-1.1371305018605702
-0.0012074308469891548,-0.0023256842978298664,-0.006718252785503864,-0.7826739549636841,0.42201128602027893,-0.044157207012176514,0.6286920309066772,-0.0723123550415039,0.004403948783874512,0.007211214397102594,0.8902931809425354,0.6328523755073547,-1.485883882306075,1.3606888701793438,-1.0500852905939646,-0.0007523825624957681,0.0005296471063047647,-0.0025111637078225613,-0.10310590267181396,0.02789757400751114,-0.0033742645755410194,0.37503495812416077,0.22498071193695068,0.22893157601356506,0.002674425020813942,0.10686668008565903,0.49363672733306885,-0.15287851928036714,0.7450713972633087,-1.3631526244747432,0.00375922629609704,-0.003188647562637925,-0.004921512212604284,0.38766542077064514,0.5101768374443054,-0.0694265067577362,-0.20829343795776367,0.5228418111801147,-0.2453671544790268,0.0069656684063375,0.644503653049469,0.6139664053916931,-0.13865825829858255,0.3859717746951671,0.13549213980815505,-0.0031810044310986996,-0.000803306931629777,-0.0004909997805953026,0.0014222953468561172,0.23976512253284454,-0.05351383611559868,0.04014906287193298,-0.1406852751970291,0.22611424326896667,0.003317404305562377,0.24566860496997833,0.2693175673484802,-1.0971746549143062,1.2942505753165314,-1.1371305018605702
-0.0012991128023713827,-0.002464440418407321,-0.0066350288689136505,-0.7836434245109558,0.4222103953361511,-0.034908682107925415,0.634553849697113,-0.052580948919057846,-0.0032387971878051758,0.007196163292974234,0.8908295035362244,0.6367368698120117,-1.485883882306075,1.3606888701793438,-1.0500852905939646,-0.0007399859605357051,0.000567173701710999,-0.0022154205944389105,-0.09725181013345718,0.02482001855969429,0.00445167999714613,0.4054044187068939,0.2417784184217453,0.23537462949752808,0.0024036127142608166,0.1004677340388298,0.5274568796157837,-0.15287851928036714,0.7450713972633087,-1.3631526244747432,0.0035476128105074167,-0.0030494423117488623,-0.004691561684012413,0.37328436970710754,0.4953916072845459,-0.063619464635849,-0.22493970394134521,0.48534420132637024,-0.22326280176639557,0.006625360809266567,0.6235395073890686,0.579657793045044,-0.13865825829858255,0.3859717746951671,0.13549213980815505,-0.0029886357951909304,-0.0010106544941663742,-0.00021159043535590172,0.0010600248351693153,0.2375732660293579,-0.049347177147865295,0.03801150619983673,-0.13979540765285492,0.22146618366241455,0.003161983098834753,0.2426465004682541,0.26464107632637024,-1.0971746549143062,1.2942505753165314,-1.1371305018605702
-0.0013496715109795332,-0.002557364758104086,-0.006557265296578407,-0.7876700162887573,0.41553211212158203,-0.02604040503501892,0.6394471526145935,-0.038254376500844955,-0.009779483079910278,0.007166551426053047,0.8909372091293335,0.6406650543212891,-1.487668856169188,1.3606280067639474,-1.0518705247605653,-0.0007375873392447829,0.0005454675410874188,-0.0019093353766947985,-0.08986622840166092,0.021799487993121147,0.008911419659852982,0.42561236023902893,0.2527881860733032,0.24026130139827728,0.002118285046890378,0.09290085732936859,0.5502483248710632,-0.15287851928036714,0.7450713972633087,-1.3631526244747432,0.0033604681957513094,-0.0029296388383954763,-0.004546002950519323,0.3599192798137665,0.47742024064064026,-0.04932490363717079,-0.24627676606178284,0.43904393911361694,-0.19675250351428986,0.006367234047502279,0.5999207496643066,0.5404843688011169,-0.13865825829858255,0.3859717746951671,0.13549213980815505,-0.002778804861009121,-0.0011211181990802288,2.4787266738712788e-05,0.002152014523744583,0.22836774587631226,-0.0544431209564209,0.035465970635414124,-0.13802078366279602,0.21309049427509308,0.0029965443536639214,0.23477758467197418,0.2563496232032776,-1.0971746549143062,1.2942505753165314,-1.1371305018605702
-0.0013417394366115332,-0.0026025287806987762,-0.006512276828289032,-0.7944062948226929,0.40269821882247925,-0.018093079328536987,0.6434684991836548,-0.02875513583421707,-0.014886081218719482,0.0071402499452233315,0.890828013420105,0.6442826986312866,-1.487668856169188,1.3606280067639474,-1.0518705247605653,-0.0007388741942122579,0.0004466674290597439,-0.0016301413998007774,-0.08085186034440994,0.019048316404223442,0.008494548499584198,0.4376908838748932,0.2592158913612366,0.24374568462371826,0.001844670157879591,0.08349861949682236,0.5640727877616882,-0.15287851928036714,0.7450713972633087,-1.3631526244747432,0.0031968052498996258,-0.002826932119205594,-0.004508317448198795,0.35084083676338196,0.4615779519081116,-0.02966514229774475,-0.2712568938732147,0.3860490024089813,-0.1669491082429886,0.006207739934325218,0.5805372595787048,0.500485897064209,-0.13865825829858255,0.3859717746951671,0.13549213980815505,-0.002566770650446415,-0.0011288626119494438,0.00017305975779891014,0.004530360922217369,0.2134501338005066,-0.06796444207429886,0.0326053723692894,-0.1350892037153244,0.1999216079711914,0.002809375524520874,0.22405500710010529,0.24347659945487976,-1.0971746549143062,1.2942505753165314,-1.1371305018605702
-0.0012702192179858685,-0.0026121477130800486,-0.00651748850941658,-0.8025686144828796,0.3866276144981384,-0.010528236627578735,0.6467039585113525,-0.023235250264406204,-0.0189264714717865,0.007135435007512569,0.8909030556678772,0.6473979353904724,-1.487668856169188,1.3606280067639474,-1.0518705247605653,-0.0007339298026636243,0.00027971825329586864,-0.0014173596864566207,-0.07133006304502487,0.016992488875985146,0.0026868637651205063,0.4432520568370819,0.2620738744735718,0.24579118192195892,0.0016204331768676639,0.07337535172700882,0.5705860257148743,-0.15287851928036714,0.7450713972633087,-1.3631526244747432,0.0030666450038552284,-0.0027306550182402134,-0.004562444053590298,0.3468170166015625,0.4542204737663269,-0.008844360709190369,-0.29772305488586426,0.33074691891670227,-0.13620740175247192,0.006138133350759745,0.5715562105178833,0.46538692712783813,-0.13865825829858255,0.3859717746951671,0.13549213980815505,-0.002364350948482752,-0.0010521074291318655,0.00020833185408264399,0.007682029157876968,0.19562959671020508,-0.08680147677659988,0.029409632086753845,-0.13074903190135956,0.18096186220645905,0.002596244914457202,0.21415986120700836,0.22518309950828552,-1.0971746549143062,1.2942505753165314,-1.1371305018605702
-0.0011370698921382427,-0.0025953303556889296,-0.00657763984054327,-0.8105604648590088,0.3707727789878845,-0.003596574068069458,0.6491581201553345,-0.02068488299846649,-0.02194535732269287,0.0071619837544858456,0.8913437724113464,0.6498582363128662,-1.487668856169188,1.3606280067639474,-1.0518705247605653,-0.0007200404652394354,8.42250301502645e-05,-0.0013008331879973412,-0.06353408098220825,0.0161467045545578,-0.007441801950335503,0.44321534037590027,0.262034147977829,0.24609717726707458,0.0014892008621245623,0.06597481667995453,0.5706711411476135,-0.15287851928036714,0.7450713972633087,-1.3631526244747432,0.002983933314681053,-0.002630367875099182,-0.004652467090636492,0.3456636071205139,0.46040523052215576,0.009392589330673218,-0.32297882437705994,0.27864870429039,-0.10750143975019455,0.006121122278273106,0.5757990479469299,0.43990564346313477,-0.13865825829858255,0.3859717746951671,0.13549213980815505,-0.002179393544793129,-0.0009157521999441087,0.00013035011943429708,0.010953150689601898,0.17909690737724304,-0.10727909207344055,0.02580627053976059,-0.1248338595032692,0.1555708348751068,0.0023675619158893824,0.20905616879463196,0.20112618803977966,-1.0971746549143062,1.2942505753165314,-1.1371305018605702
-0.0009591542184352875,-0.0025480359327048063,-0.006686171051114798,-0.8170579671859741,0.35779231786727905,0.0016800761222839355,0.650682270526886,-0.020084835588932037,-0.023805350065231323,0.007219234481453896,0.8919651508331299,0.6514272689819336,-1.487668856169188,1.3606280067639474,-1.0518705247605653,-0.0007026649545878172,-9.028770728036761e-05,-0.0012940707383677363,-0.059520822018384933,0.01680876314640045,-0.019759109243750572,0.4376802444458008,0.25936102867126465,0.24405914545059204,0.0014752995921298862,0.06492830812931061,0.5642667412757874,-0.15287851928036714,0.7450713972633087,-1.3631526244747432,0.0029565244913101196,-0.002519850619137287,-0.0047121914103627205,0.34511929750442505,0.48143133521080017,0.02233324944972992,-0.34487026929855347,0.23415358364582062,-0.08320100605487823,0.006106998305767775,0.5927750468254089,0.4250715374946594,-0.13865825829858255,0.3859717746951671,0.13549213980815505,-0.0020226221531629562,-0.0007394347339868546,-4.369800444692373e-05,0.01376577839255333,0.16825124621391296,-0.12647715210914612,0.021739047020673752,-0.11735617369413376,0.12387322634458542,0.002153990091755986,0.21093706786632538,0.17201638221740723,-1.0971746549143062,1.2942505753165314,-1.1371305018605702
-0.0007689495105296373,-0.0024568308144807816,-0.006828688085079193,-0.8209738731384277,0.34984415769577026,0.004363566637039185,0.6509242057800293,-0.02047138288617134,-0.02412506937980652,0.007297827396541834,0.8924169540405273,0.6516927480697632,-1.487668856169188,1.3606280067639474,-1.0518705247605653,-0.0006848039338365197,-0.0002085575833916664,-0.0013920398196205497,-0.060066912323236465,0.018915768712759018,-0.03225242719054222,0.42592597007751465,0.2539088726043701,0.23876842856407166,0.0015653203008696437,0.07075350731611252,0.5503571629524231,-0.15287851928036714,0.7450713972633087,-1.3631526244747432,0.0029876758344471455,-0.0023959018290042877,-0.0047006430104374886,0.344885915517807,0.5146231055259705,0.0287465937435627,-0.36235058307647705,0.19937367737293243,-0.064425528049469,0.006063216831535101,0.6201689839363098,0.41856715083122253,-0.13865825829858255,0.3859717746951671,0.13549213980815505,-0.0019119213102385402,-0.0005358035559765995,-0.00028713466599583626,0.015734564512968063,0.16616693139076233,-0.14251495897769928,0.01724458485841751,-0.10863232612609863,0.08729483187198639,0.0020062339026480913,0.21947559714317322,0.14042344689369202,-1.0971746549143062,1.2942505753165314,-1.1371305018605702
-0.0006052311509847641,-0.002310629701241851,-0.006981040351092815,-0.8212816715240479,0.3491993248462677,0.004493802785873413,0.6492997407913208,-0.020959287881851196,-0.02224329113960266,0.00737836305052042,0.8924482464790344,0.6500186324119568,-1.487668856169188,1.3606280067639474,-1.0518705247605653,-0.0006635159370489419,-0.00026311713736504316,-0.001578141818754375,-0.06461269408464432,0.022161832079291344,-0.04385874420404434,0.4065362215042114,0.24518048763275146,0.2290649563074112,0.0017320553306490183,0.08117596060037613,0.5271204113960266,-0.15287851928036714,0.7450713972633087,-1.3631526244747432,0.0030948377680033445,-0.002254038816317916,-0.004606010392308235,0.3447350263595581,0.5564765334129333,0.029754023998975754,-0.37545907497406006,0.17375436425209045,-0.052548639476299286,0.005989494267851114,0.6552813649177551,0.4170389175415039,-0.13696830767180346,0.3827898140751124,0.1350478683303424,-0.0018656546017155051,-0.00031361804576590657,-0.0005647483048960567,0.016669034957885742,0.17400845885276794,-0.1542953997850418,0.012497786432504654,-0.09934589266777039,0.048832327127456665,0.0019743263255804777,0.2331606149673462,0.11140196770429611,-1.0971746549143062,1.2942505753165314,-1.1371305018605702
-0.0005010492168366909,-0.0021106379572302103,-0.007108661346137524,-0.8172862529754639,0.35768628120422363,0.003256678581237793,0.6449934244155884,-0.02074267715215683,-0.017219632863998413,0.007432288024574518,0.8921361565589905,0.6455565690994263,-1.487668856169188,1.3606280067639474,-1.0518705247605653,-0.0006401277496479452,-0.0002723567304201424,-0.0018268837593495846,-0.07194419205188751,0.02621406503021717,-0.05451489984989166,0.37766286730766296,0.23244765400886536,0.2136615663766861,0.0019548519048839808,0.09399478137493134,0.492252379655838,-0.15287851928036714,0.7450713972633087,-1.3631526244747432,0.0032199257984757423,-0.0020965805742889643,-0.0044711921364068985,0.34753909707069397,0.6019209027290344,0.025645259767770767,-0.38429784774780273,0.15776194632053375,-0.04437222331762314,0.0058953482657670975,0.6955212950706482,0.41778290271759033,-0.13696830767180346,0.3827898140751124,0.1350478683303424,-0.0018885789904743433,-8.206914208130911e-05,-0.0008300108020193875,0.016499917954206467,0.19127735495567322,-0.16098439693450928,0.007743556518107653,-0.09035929292440414,0.012252618558704853,0.0020645540207624435,0.25054991245269775,0.09151442348957062,-1.0971746549143062,1.2942505753165314,-1.1371305018605702
-0.00047662784345448017,-0.0018735755002126098,-0.007177023682743311,-0.8091597557067871,0.3753893971443176,0.002492666244506836,0.6370019316673279,-0.019093625247478485,-0.007883965969085693,0.00743284123018384,0.891999363899231,0.637336790561676,-1.487668856169188,1.3606280067639474,-1.0518705247605653,-0.0006309853633865714,-0.00025835895212367177,-0.0020971447229385376,-0.08112350106239319,0.030887749046087265,-0.06449174880981445,0.33745574951171875,0.2149433195590973,0.19136285781860352,0.0022052000276744366,0.1081400066614151,0.44350507855415344,-0.15287851928036714,0.7450713972633087,-1.3631526244747432,0.0033299161586910486,-0.0019272055942565203,-0.004289166536182165,0.35199272632598877,0.6480085253715515,0.018432678654789925,-0.38974347710609436,0.14900748431682587,-0.04022000730037689,0.0057618930004537106,0.7376677393913269,0.41919073462486267,-0.13696830767180346,0.3827898140751124,0.1350478683303424,-0.0019634822383522987,0.00014471614849753678,-0.0010308886412531137,0.015207938849925995,0.2158278226852417,-0.16140243411064148,0.003152446821331978,-0.08235210180282593,-0.019447676837444305,0.0022223719861358404,0.26993271708488464,0.08467596024274826,-1.0971746549143062,1.2942505753165314,-1.1371305018605702
-0.0005342559888958931,-0.001628115656785667,-0.007168375886976719,-0.7981123924255371,0.4000853896141052,0.003958344459533691,0.6242353916168213,-0.015374131500720978,0.00704464316368103,0.007370332721620798,0.8927863240242004,0.6244644522666931,-1.487668856169188,1.3606280067639474,-1.0518705247605653,-0.0006626322283409536,-0.00022073008585721254,-0.0023319381289184093,-0.09183712303638458,0.036088164895772934,-0.0733901858329773,0.28469324111938477,0.19213947653770447,0.1614038050174713,0.002434283960610628,0.12297371029853821,0.37949836254119873,-0.15287851928036714,0.7450713972633087,-1.3631526244747432,0.003357425332069397,-0.0017594697419553995,-0.004034670069813728,0.3568164110183716,0.6904789209365845,0.008934644982218742,-0.3925861716270447,0.14553073048591614,-0.03893614560365677,0.005535936914384365,0.7772765755653381,0.42049866914749146,-0.13696830767180346,0.3827898140751124,0.1350478683303424,-0.0020563737489283085,0.0003476002311799675,-0.0011286699445918202,0.012853827327489853,0.24362146854400635,-0.15416830778121948,-0.0012420453131198883,-0.07563839107751846,-0.044842883944511414,0.0023713698610663414,0.28859055042266846,0.08794084936380386,-1.0971746549143062,1.2942505753165314,-1.1371305018605702
-0.0006554541178047657,-0.001408145297318697,-0.007089616265147924,-0.7860989570617676,0.4277227520942688,0.008660554885864258,0.6056985259056091,-0.009077884256839752,0.02874705195426941,0.0072577646933496,0.8949711322784424,0.606448233127594,-1.487668856169188,1.3606280067639474,-1.0518705247605653,-0.0007523042149841785,-0.00013644620776176453,-0.002475473564118147,-0.10379384458065033,0.04153149202466011,-0.07958267629146576,0.21964584290981293,0.16412276029586792,0.12392956763505936,0.0025908586103469133,0.13722765445709229,0.30089718103408813,-0.15287851928036714,0.7450713972633087,-1.3631526244747432,0.0032563924323767424,-0.0016109489370137453,-0.0036786305718123913,0.3601672053337097,0.7248823046684265,-0.0024630664847791195,-0.3935748338699341,0.14527833461761475,-0.03927525132894516,0.005170258227735758,0.8094323873519897,0.42136621475219727,-0.13696830767180346,0.3827898140751124,0.1350478683303424,-0.0021285421680659056,0.0005106917233206332,-0.001118407933972776,0.010198082774877548,0.26914894580841064,-0.1390548050403595,-0.005464375019073486,-0.0702303946018219,-0.06382212042808533,0.002458116039633751,0.3031194508075714,0.09505487978458405,-1.0934315222552837,1.293642811036587,-1.132174734577512
-0.0008081160485744476,-0.001244639279320836,-0.006964489817619324,-0.7754127979278564,0.4531804323196411,0.016315072774887085,0.5807708501815796,8.56444239616394e-05,0.057975515723228455,0.007120835594832897,0.8982781767845154,0.5836573839187622,-1.487668856169188,1.3606280067639474,-1.0518705247605653,-0.0008945370209403336,1.340196467936039e-05,-0.002497911686077714,-0.11608274281024933,0.046590182930231094,-0.08053790032863617,0.1451897770166397,0.13207635283470154,0.08062802255153656,0.0026532884221524,0.14876896142959595,0.21219120919704437,-0.15287851928036714,0.7450713972633087,-1.3631526244747432,0.003023609984666109,-0.0014957643579691648,-0.003225775435566902,0.3600109815597534,0.7479731440544128,-0.01568453200161457,-0.3933485746383667,0.1461990624666214,-0.03994278609752655,0.004667457193136215,0.8302515745162964,0.4215361177921295,-0.13696830767180346,0.3827898140751124,0.1350478683303424,-0.002158711664378643,0.0006170084234327078,-0.0010159286903217435,0.006836041808128357,0.2868508994579315,-0.1184530258178711,-0.009570319205522537,-0.06601808220148087,-0.07700413465499878,0.002464314689859748,0.3104211390018463,0.10188039392232895,-1.0934315222552837,1.293642811036587,-1.132174734577512
-0.0009607614483684301,-0.0011578992707654834,-0.006821638438850641,-0.76816725730896,0.47136229276657104,0.02516534924507141,0.5496057868003845,0.012055005878210068,0.09458652138710022,0.00698559544980526,0.9016078114509583,0.5578157901763916,-1.487668856169188,1.3606280067639474,-1.0518705247605653,-0.0010659345425665379,0.00022203940898180008,-0.002406239742413163,-0.1272832751274109,0.050474416464567184,-0.07385693490505219,0.0673728883266449,0.09852690994739532,0.03504776954650879,0.002641118597239256,0.15557488799095154,0.12439857423305511,-0.15287851928036714,0.7450713972633087,-1.3631526244747432,0.0026893371250480413,-0.0014186495682224631,-0.0027217105962336063,0.3544476628303528,0.7583513259887695,-0.03068600594997406,-0.39240923523902893,0.14627090096473694,-0.039601489901542664,0.004080785438418388,0.8376583456993103,0.4206524193286896,-0.13696830767180346,0.3827898140751124,0.1350478683303424,-0.0021358798258006573,0.0006609876872971654,-0.0008614079561084509,0.003971053287386894,0.29296183586120605,-0.09679421782493591,-0.013500448316335678,-0.06283669918775558,-0.08539403975009918,0.0023960198741406202,0.3085636496543884,0.10687775909900665,-1.0934315222552837,1.293642811036587,-1.132174734577512
-0.0010881854686886072,-0.0011550672352313995,-0.0066888462752103806,-0.7656608819961548,0.4786869287490845,0.03234168887138367,0.5136561393737793,0.026223383843898773,0.13692417740821838,0.006874517537653446,0.9035617113113403,0.5322391390800476,-1.487668856169188,1.3606280067639474,-1.0518705247605653,-0.0012376393424347043,0.00046259688679128885,-0.0022341732401400805,-0.1358923763036728,0.052539899945259094,-0.05854153260588646,-0.0061939796432852745,0.06666348874568939,-0.008351089432835579,0.0025956265162676573,0.1570168435573578,0.06746944785118103,-0.15287851928036714,0.7450713972633087,-1.3631526244747432,0.002297580474987626,-0.00137493503279984,-0.0022235445212572813,0.34227436780929565,0.7558509111404419,-0.046882059425115585,-0.39112094044685364,0.1435028612613678,-0.03687158226966858,0.003480441402643919,0.8310596942901611,0.4182441532611847,-0.13696830767180346,0.3827898140751124,0.1350478683303424,-0.002063943538814783,0.0006390124908648431,-0.0006924157496541739,0.0022386256605386734,0.2868204414844513,-0.07920002192258835,-0.016994640231132507,-0.06058358773589134,-0.09005646407604218,0.0022688410244882107,0.2975628077983856,0.1098606213927269,-1.0934315222552837,1.293642811036587,-1.132174734577512
-0.0011674098204821348,-0.0012310543097555637,-0.0065891677513718605,-0.768019437789917,0.4739992022514343,0.03435254096984863,0.4759373962879181,0.04134600982069969,0.18150989711284637,0.006804077420383692,0.9031662344932556,0.5110496878623962,-1.487668856169188,1.3606280067639474,-1.0518705247605653,-0.0013828477822244167,0.0007079071365296841,-0.0020241907332092524,-0.14046424627304077,0.05236900597810745,-0.035439565777778625,-0.06945095956325531,0.03901475667953491,-0.046021416783332825,0.002551616868004203,0.15404115617275238,0.09199759364128113,-0.15287851928036714,0.7450713972633087,-1.3631526244747432,0.0018945579649880528,-0.0013568666763603687,-0.0017680376768112183,0.32329434156417847,0.7410596609115601,-0.06295448541641235,-0.3897259831428528,0.13595467805862427,-0.030352354049682617,0.002925131469964981,0.8109574317932129,0.41387349367141724,-0.13696830767180346,0.3827898140751124,0.1350478683303424,-0.0019511734135448933,0.0005567306652665138,-0.0005377858760766685,0.0020409589633345604,0.2709040939807892,-0.07023589313030243,-0.019522614777088165,-0.05928175896406174,-0.09193453937768936,0.002099104691296816,0.27986833453178406,0.11111894249916077,-1.0934315222552837,1.293642811036587,-1.132174734577512
-0.0011795219033956528,-0.0013665470760315657,-0.006535903550684452,-0.7743269801139832,0.4584183394908905,0.027630627155303955,0.4402309060096741,0.055869925767183304,0.22397270798683167,0.006780616473406553,0.9002739191055298,0.4970799386501312,-1.487668856169188,1.3606280067639474,-1.0518705247605653,-0.0014802576042711735,0.0009403258445672691,-0.0018131171818822622,-0.13976021111011505,0.04961210489273071,-0.006214099004864693,-0.1195167824625969,0.016763940453529358,-0.07627624273300171,0.0025224529672414064,0.1484348028898239,0.14277029037475586,-0.15287851928036714,0.7450713972633087,-1.3631526244747432,0.0015212222933769226,-0.0013579135993495584,-0.0013651158660650253,0.29794830083847046,0.7157012224197388,-0.07753482460975647,-0.38836929202079773,0.12181580811738968,-0.018694929778575897,0.0024538924917578697,0.7791104316711426,0.4074546694755554,-0.13696830767180346,0.3827898140751124,0.1350478683303424,-0.0018074591644108295,0.00043423124589025974,-0.0004132952308282256,0.003539714962244034,0.24974137544631958,-0.07335218042135239,-0.020215649157762527,-0.05912725627422333,-0.09174130111932755,0.0019042788771912456,0.26031485199928284,0.11100076884031296,-1.0934315222552837,1.293642811036587,-1.132174734577512
-0.0011194534599781036,-0.0015278401551768184,-0.006530447863042355,-0.7831112146377563,0.4345024824142456,0.00945669412612915,0.4095553159713745,0.06855499744415283,0.2608359158039093,0.006799574941396713,0.8956254720687866,0.49037814140319824,-1.487668856169188,1.3606280067639474,-1.0518705247605653,-0.001519712619483471,0.0011492702178657055,-0.001624023774638772,-0.13323698937892914,0.04390765354037285,0.027912763878703117,-0.1561138927936554,2.0898878574371338e-05,-0.09904025495052338,0.0025035578291863203,0.14303530752658844,0.18487975001335144,-0.15301299515779604,0.7446049034679382,-1.3630465284882678,0.001202842453494668,-0.001370552578009665,-0.0010113657917827368,0.26683151721954346,0.6829043030738831,-0.08995477110147476,-0.38712698221206665,0.09958423674106598,-0.0007543563842773438,0.0020852109882980585,0.7386807203292847,0.39973101019859314,-0.13696830767180346,0.3827898140751124,0.1350478683303424,-0.0016451895935460925,0.0003038003924302757,-0.0003236316842958331,0.0066907815635204315,0.22842368483543396,-0.09050017595291138,-0.01782223954796791,-0.0605146698653698,-0.08991246670484543,0.0017040190286934376,0.24578939378261566,0.10983582586050034,-1.0934315222552837,1.293642811036587,-1.132174734577512
-0.0010013084392994642,-0.001676888088695705,-0.00656488910317421,-0.7929173707962036,0.4052199125289917,-0.021103113889694214,0.3853648900985718,0.07879619300365448,0.29044413566589355,0.0068492586724460125,0.89071124792099,0.48895063996315,-1.487668856169188,1.3606280067639474,-1.0518705247605653,-0.001511468319222331,0.001327813253737986,-0.0014620826113969088,-0.12139685451984406,0.0348157063126564,0.06653466820716858,-0.1806938797235489,-0.011833779513835907,-0.11492767930030823,0.0024870282504707575,0.14274519681930542,0.21447303891181946,-0.15301299515779604,0.7446049034679382,-1.3630465284882678,0.0009443652234040201,-0.0013850589748471975,-0.0007008873508311808,0.2309260070323944,0.646299421787262,-0.10020090639591217,-0.386033833026886,0.06838170439004898,0.024151522666215897,0.001816991250962019,0.6935920715332031,0.39278680086135864,-0.13696830767180346,0.3827898140751124,0.1350478683303424,-0.0014758727047592402,0.00020187970949336886,-0.00026843161322176456,0.011265583336353302,0.2111824005842209,-0.12166345119476318,-0.010706726461648941,-0.06403622776269913,-0.08660583198070526,0.001513608731329441,0.24398137629032135,0.10823974758386612,-1.0934315222552837,1.293642811036587,-1.132174734577512
-0.0008534854277968407,-0.0017845060210675001,-0.006626684218645096,-0.802364706993103,0.3738786280155182,-0.06297865509986877,0.36782369017601013,0.08628905564546585,0.31268560886383057,0.00691562332212925,0.8874348998069763,0.4904206097126007,-1.4878345024233361,1.3604806349369403,-1.0512910927250685,-0.0014709861716255546,0.0014739863108843565,-0.0013264073058962822,-0.10556907951831818,0.02199784480035305,0.10907468944787979,-0.195383682847023,-0.019608840346336365,-0.12515737116336823,0.0024689659476280212,0.15338195860385895,0.23285973072052002,-0.15301299515779604,0.7446049034679382,-1.3630465284882678,0.0007396400324068964,-0.001395881175994873,-0.0004279188287910074,0.1919730007648468,0.6087362170219421,-0.10867246985435486,-0.3851093351840973,0.028433246538043022,0.055855296552181244,0.0016366631025448442,0.6474744081497192,0.3901761770248413,-0.13696830767180346,0.3827898140751124,0.1350478683303424,-0.0013086055405437946,0.00016011926345527172,-0.0002461859257891774,0.01685868576169014,0.20038846135139465,-0.16446587443351746,0.0030828118324279785,-0.07044616341590881,-0.08173834532499313,0.0013411539839580655,0.2597860097885132,0.10795055329799652,-1.0934315222552837,1.293642811036587,-1.132174734577512
-0.0007047809194773436,-0.0018315429333597422,-0.006704001221805811,-0.8112516403198242,0.34187495708465576,-0.11254391074180603,0.3562306761741638,0.09173108637332916,0.32821646332740784,0.006985334679484367,0.8875098824501038,0.4929918348789215,-1.4878345024233361,1.3604806349369403,-1.0512910927250685,-0.0014064682181924582,0.0015818020328879356,-0.0012175723677501082,-0.0875302329659462,0.00497860461473465,0.1549910008907318,-0.2026105523109436,-0.024153485894203186,-0.13095492124557495,0.0024418707471340895,0.17806892096996307,0.24245333671569824,-0.15301299515779604,0.7446049034679382,-1.3630465284882678,0.0005819707876071334,-0.001409238437190652,-0.00019262175192125142,0.15155324339866638,0.5720804929733276,-0.11648574471473694,-0.38438042998313904,-0.018274908885359764,0.09281481057405472,0.0015367973828688264,0.6031694412231445,0.3958495855331421,-0.13696830767180346,0.3827898140751124,0.1350478683303424,-0.001153152552433312,0.00019663042621687055,-0.00025407635257579386,0.02287374436855316,0.19644244015216827,-0.21400052309036255,0.02564331144094467,-0.08057823032140732,-0.07505694031715393,0.0011970710474997759,0.29139161109924316,0.11306624114513397,-1.0934315222552837,1.293642811036587,-1.132174734577512
-0.0005765946116298437,-0.001806793618015945,-0.006790655665099621,-0.8185971975326538,0.3126142621040344,-0.16467148065567017,0.34952303767204285,0.0952596664428711,0.33821335434913635,0.007050529588013887,0.8915972709655762,0.49560976028442383,-1.4878345024233361,1.3604806349369403,-1.0512910927250685,-0.0013129496946930885,0.0016313297674059868,-0.0011417489731684327,-0.0691777914762497,-0.01691591739654541,0.20390944182872772,-0.20472602546215057,-0.02615886926651001,-0.13337969779968262,0.0023850922007113695,0.2159879058599472,0.24573802947998047,-0.15301299515779604,0.7446049034679382,-1.3630465284882678,0.00046570607810281217,-0.0014403953682631254,-1.1057869414798915e-05,0.10985586792230606,0.537706732749939,-0.1258835792541504,-0.3838958442211151,-0.0676746815443039,0.13185499608516693,0.0015138505259528756,0.5630661845207214,0.4115113615989685,-0.13696830767180346,0.3827898140751124,0.1350478683303424,-0.0010190695757046342,0.0003076014982070774,-0.0002869928430300206,0.028506338596343994,0.1984861046075821,-0.26300936937332153,0.0589027963578701,-0.09520123898983002,-0.0662442222237587,0.0011024909326806664,0.33073142170906067,0.1300811767578125,-1.0934315222552837,1.293642811036587,-1.132174734577512
-0.00048054358921945095,-0.001711283577606082,-0.00689039658755064,-0.8237894773483276,0.28920140862464905,-0.2123679518699646,0.34645235538482666,0.09728159010410309,0.34387555718421936,0.0071159666404128075,0.8985359072685242,0.49773821234703064,-1.4878345024233361,1.3604806349369403,-1.0512910927250685,-0.0011800643987953663,0.0015889150090515614,-0.001106472103856504,-0.052204206585884094,-0.04444832354784012,0.2549595534801483,-0.2038280963897705,-0.026054605841636658,-0.13319091498851776,0.0022674838546663523,0.26401764154434204,0.24487660825252533,-0.15301299515779604,0.7446049034679382,-1.3630465284882678,0.0003865167673211545,-0.001500704325735569,8.224829798564315e-05,0.06697125732898712,0.5066825747489929,-0.1400650441646576,-0.3837190568447113,-0.11468526721000671,0.16900530457496643,0.001551861292682588,0.5299345254898071,0.4346904754638672,-0.13696830767180346,0.3827898140751124,0.1350478683303424,-0.0009118037996813655,0.00046467166976071894,-0.00034014147240668535,0.03284098953008652,0.20519647002220154,-0.30307379364967346,0.1041225790977478,-0.11479657143354416,-0.055063143372535706,0.0010784257901832461,0.3674749433994293,0.16447405517101288,-1.0934315222552837,1.293642811036587,-1.132174734577512
-0.0004235964734107256,-0.0015662556979805231,-0.00701206736266613,-0.8264366388320923,0.2743857204914093,-0.248125821352005,0.34575939178466797,0.09815123677253723,0.3462413549423218,0.007197338156402111,0.9054564833641052,0.49906542897224426,-1.4878345024233361,1.3604806349369403,-1.0512910927250685,-0.0009994016727432609,0.001421496388502419,-0.0011185859329998493,-0.03773007169365883,-0.0781627967953682,0.3053763508796692,-0.20169426500797272,-0.023961752653121948,-0.13078837096691132,0.0020665647462010384,0.3174707889556885,0.2415788471698761,-0.15301299515779604,0.7446049034679382,-1.3630465284882678,0.0003450948861427605,-0.0015870609786361456,4.816094588022679e-05,0.026127535849809647,0.47961729764938354,-0.16226337850093842,-0.38390570878982544,-0.15524324774742126,0.2010941207408905,0.0016248606843873858,0.5069958567619324,0.4603508710861206,-0.13696830767180346,0.3827898140751124,0.1350478683303424,-0.0008342983201146126,0.0006254403851926327,-0.0004127918800804764,0.035119593143463135,0.2151445895433426,-0.327070027589798,0.16118022799491882,-0.13924364745616913,-0.0415460467338562,0.0011214395053684711,0.39305901527404785,0.21701136231422424,-1.0934315222552837,1.293642811036587,-1.132174734577512
-0.00040973187424242496,-0.0014086990850046277,-0.0071579166688025,-0.8263450860977173,0.2700864374637604,-0.26601266860961914,0.34625205397605896,0.09812439978122711,0.3460572063922882,0.007306715007871389,0.909151017665863,0.4992739260196686,-1.4878345024233361,1.3604806349369403,-1.0512910927250685,-0.0007669728947803378,0.0011148776393383741,-0.0011872698087245226,-0.026240427047014236,-0.11797800660133362,0.34980088472366333,-0.19978170096874237,-0.01969379186630249,-0.12621210515499115,0.0018002247670665383,0.37009191513061523,0.23712879419326782,-0.15301299515779604,0.7446049034679382,-1.3630465284882678,0.000347390043316409,-0.0016837014118209481,-0.00013279601989779621,-0.005177192389965057,0.4563966989517212,-0.19446426630020142,-0.38448548316955566,-0.18736524879932404,0.22658224403858185,0.001724286819808185,0.49612608551979065,0.4840189218521118,-0.13696830767180346,0.3827898140751124,0.1350478683303424,-0.0007906515966169536,0.0007504535024054348,-0.0005041161202825606,0.034990549087524414,0.2269197404384613,-0.3313523530960083,0.22761397063732147,-0.16740654408931732,-0.02623087167739868,0.0012010176433250308,0.40312689542770386,0.28376245498657227,-1.0934315222552837,1.293642811036587,-1.132174734577512
-0.00043809530325233936,-0.0012766625732183456,-0.0073165204375982285,-0.8233124017715454,0.27731311321258545,-0.2637815773487091,0.3468329608440399,0.09733681380748749,0.34371963143348694,0.007439977489411831,0.9079243540763855,0.497906357049942,-1.4878345024233361,1.3604806349369403,-1.0512910927250685,-0.0004865186056122184,0.0006825714372098446,-0.0013219858519732952,-0.018051836639642715,-0.16278573870658875,0.38152462244033813,-0.19925709068775177,-0.012802816927433014,-0.11919286847114563,0.0015653276350349188,0.4151940643787384,0.23253868520259857,-0.15301299515779604,0.7446049034679382,-1.3630465284882678,0.0004035086603835225,-0.0017721535405144095,-0.00043480252497829497,-0.0184965617954731,0.4353559911251068,-0.2382083535194397,-0.3857036828994751,-0.21115009486675262,0.24461135268211365,0.001868796651251614,0.4966086745262146,0.5031763315200806,-0.13505603838639946,0.37864373780846067,0.13183144355864715,-0.000782666786108166,0.0008108257316052914,-0.0006026806076988578,0.03254912048578262,0.23944123089313507,-0.31623953580856323,0.29814058542251587,-0.19692721962928772,-0.010284319519996643,0.0012779786484315991,0.39799371361732483,0.357454776763916,-1.0934315222552837,1.293642811036587,-1.132174734577512
-0.0005001330282539129,-0.0011967497412115335,-0.007464401889592409,-0.8171417713165283,0.2958722710609436,-0.24392226338386536,0.3465001583099365,0.09580358862876892,0.3392751216888428,0.00757625512778759,0.9026401042938232,0.4943159818649292,-1.4878345024233361,1.3604806349369403,-1.0512910927250685,-0.0001751789532136172,0.00016406341455876827,-0.0015226344112306833,-0.013809338212013245,-0.21010231971740723,0.39511412382125854,-0.2010246217250824,-0.0026746615767478943,-0.10925184935331345,0.001541434321552515,0.447715163230896,0.22881001234054565,-0.15301299515779604,0.7446049034679382,-1.3630465284882678,0.000492767954710871,-0.0018368783639743924,-0.0008162573212757707,-0.006650388240814209,0.4176420271396637,-0.2879908084869385,-0.38700148463249207,-0.22671818733215332,0.25725674629211426,0.002069593872874975,0.5073537230491638,0.5170612335205078,-0.13505603838639946,0.37864373780846067,0.13183144355864715,-0.000803279981482774,0.0007895281305536628,-0.0006818241672590375,0.02821648120880127,0.2524051070213318,-0.28518739342689514,0.3661009669303894,-0.22484759986400604,0.004814594984054565,0.001316623529419303,0.38188526034355164,0.42966213822364807,-1.0934315222552837,1.293642811036587,-1.132174734577512
-0.000578656792640686,-0.0011778841726481915,-0.007570186629891396,-0.8079637289047241,0.323917031288147,-0.21263298392295837,0.34434598684310913,0.09343555569648743,0.33246904611587524,0.007683097384870052,0.8960694074630737,0.48768845200538635,-1.4878345024233361,1.3604806349369403,-1.0512910927250685,0.00013533991295844316,-0.00038274176768027246,-0.0017710428219288588,-0.014072638005018234,-0.25572469830513,0.38830119371414185,-0.20572762191295624,0.01131882518529892,-0.09585419297218323,0.001816975767724216,0.4651569426059723,0.22724434733390808,-0.15301299515779604,0.7446049034679382,-1.3630465284882678,0.0006011717487126589,-0.0018647746182978153,-0.0011915742652490735,0.030518367886543274,0.40317288041114807,-0.34109315276145935,-0.3885112404823303,-0.23586085438728333,0.2648408114910126,0.0022931727580726147,0.5289841890335083,0.5260341763496399,-0.13505603838639946,0.37864373780846067,0.13183144355864715,-0.0008349026902578771,0.0006890001823194325,-0.0007066819816827774,0.022535257041454315,0.2664344012737274,-0.2431122362613678,0.4262322783470154,-0.24880634248256683,0.017895907163619995,0.0012927425559610128,0.36138442158699036,0.4938611388206482,-1.0934315222552837,1.293642811036587,-1.132174734577512
-0.0006554708816111088,-0.0012124668573960662,-0.007602866273373365,-0.7964562177658081,0.35817357897758484,-0.17700472474098206,0.3395734131336212,0.0900726467370987,0.3228422999382019,0.0077267903834581375,0.8910451531410217,0.47712716460227966,-1.4878345024233361,1.3604806349369403,-1.0512910927250685,0.0004046776448376477,-0.0008954376680776477,-0.002029367722570896,-0.018639668822288513,-0.29371926188468933,0.36245250701904297,-0.21370422840118408,0.029598936438560486,-0.07862494885921478,0.0022547519765794277,0.466894268989563,0.2296246439218521,-0.15301299515779604,0.7446049034679382,-1.3630465284882678,0.0006973044946789742,-0.0018489689100533724,-0.0014844632241874933,0.08916756510734558,0.39280444383621216,-0.39115336537361145,-0.3900165855884552,-0.2401890754699707,0.2685987055301666,0.0024715482722967863,0.5614687204360962,0.5309886932373047,-0.13505603838639946,0.37864373780846067,0.13183144355864715,-0.0008525744779035449,0.0005338420160114765,-0.000650395464617759,0.015959590673446655,0.28262460231781006,-0.19439062476158142,0.4760810136795044,-0.26766616106033325,0.028419390320777893,0.001197866746224463,0.343393474817276,0.5469058156013489,-1.0934315222552837,1.293642811036587,-1.132174734577512
-0.0007224294822663069,-0.0012865567114204168,-0.007548339664936066,-0.7837526798248291,0.3948702812194824,-0.14212554693222046,0.3315500020980835,0.08553577214479446,0.30988025665283203,0.007691200356930494,0.8890390396118164,0.461808979511261,-1.4878345024233361,1.3604806349369403,-1.0512910927250685,0.0005920625408180058,-0.0013207546435296535,-0.0022489249240607023,-0.026915475726127625,-0.31773167848587036,0.3223091959953308,-0.22488445043563843,0.052079323679208755,-0.05763668939471245,0.0026744334027171135,0.45338842272758484,0.237922802567482,-0.15301299515779604,0.7446049034679382,-1.3630465284882678,0.0007402485352940857,-0.001786568434908986,-0.0016393298283219337,0.16142576932907104,0.38617587089538574,-0.43074312806129456,-0.39117711782455444,-0.24132177233695984,0.2697407007217407,0.0025351918302476406,0.6006078124046326,0.5329313278198242,-0.13505603838639946,0.37864373780846067,0.13183144355864715,-0.0008293401333503425,0.000355886819306761,-0.0005084807053208351,0.009187199175357819,0.30144184827804565,-0.14192919433116913,0.5152950882911682,-0.28148728609085083,0.03730913996696472,0.001035863533616066,0.33330991864204407,0.5883502960205078,-1.087353908791165,1.2929200706309898,-1.1255275496991612
-0.0007801030296832323,-0.001388717326335609,-0.007419023662805557,-0.771336555480957,0.4303097128868103,-0.10973235964775085,0.3199157416820526,0.07969982922077179,0.29322195053100586,0.007588083390146494,0.8900380730628967,0.4412224590778351,-1.4878345024233361,1.3604806349369403,-1.0512910927250685,0.0006653309683315456,-0.0016174322227016091,-0.0023887192364782095,-0.038412533700466156,-0.32329943776130676,0.2748066484928131,-0.23862209916114807,0.07778039574623108,-0.03377314656972885,0.0029605289455503225,0.42604780197143555,0.2532408535480499,-0.15301299515779604,0.7446049034679382,-1.3630465284882678,0.0006936441641300917,-0.0016740149585530162,-0.001624868018552661,0.23620399832725525,0.38205111026763916,-0.452942430973053,-0.391500324010849,-0.2407771646976471,0.2693602740764618,0.0024338578805327415,0.637896716594696,0.5327298641204834,-0.13505603838639946,0.37864373780846067,0.13183144355864715,-0.0007498246850445867,0.0001784856867743656,-0.00029059514054097235,0.001732243224978447,0.3213270604610443,-0.08824633061885834,0.5451997518539429,-0.29046064615249634,0.04299497604370117,0.0008237352594733238,0.3332288861274719,0.6192404627799988,-1.087353908791165,1.2929200706309898,-1.1255275496991612
-0.0008259390015155077,-0.0015052130911499262,-0.007243250031024218,-0.7609190940856934,0.46093547344207764,-0.07901230454444885,0.3047564923763275,0.07259099185466766,0.27293798327445984,0.007443958427757025,0.8931418061256409,0.41550102829933167,-1.4878345024233361,1.3604806349369403,-1.0512910927250685,0.0006119878380559385,-0.0017554364167153835,-0.0024254226591438055,-0.05247671902179718,-0.3090541660785675,0.2272617518901825,-0.2536187469959259,0.1046324074268341,-0.008916808292269707,0.003055938519537449,0.3871901035308838,0.27449941635131836,-0.15301299515779604,0.7446049034679382,-1.3630465284882678,0.0005373393651098013,-0.0015114997513592243,-0.0014247918734326959,0.30195367336273193,0.37968578934669495,-0.4526021480560303,-0.39032238721847534,-0.23993276059627533,0.26839786767959595,0.002145553007721901,0.663465142250061,0.5309959650039673,-0.13505603838639946,0.37864373780846067,0.13183144355864715,-0.000608194968663156,2.4742814275668934e-05,-2.3233355022966862e-05,-0.005413924343883991,0.33866944909095764,-0.036018915474414825,0.5670363306999207,-0.2955978512763977,0.04674592614173889,0.0006091413088142872,0.3406224846839905,0.6411657333374023,-1.087353908791165,1.2929200706309898,-1.1255275496991612
-0.0008481319528073072,-0.0016119828214868903,-0.007048599421977997,-0.7539808750152588,0.4838329255580902,-0.04861527681350708,0.28684934973716736,0.06451001018285751,0.24988245964050293,0.007280149031430483,0.8971872329711914,0.38585662841796875,-1.4878345024233361,1.3604806349369403,-1.0512910927250685,0.0004504155949689448,-0.0017257329309359193,-0.0023462253157049417,-0.0679815411567688,-0.27643513679504395,0.18596361577510834,-0.26826250553131104,0.13002783060073853,0.01455499418079853,0.0029471684247255325,0.34002992510795593,0.2984691858291626,-0.15301299515779604,0.7446049034679382,-1.3630465284882678,0.00026982754934579134,-0.001312126754783094,-0.0010400996543467045,0.34969842433929443,0.3790770471096039,-0.42723289132118225,-0.3868080973625183,-0.2400221973657608,0.2676393985748291,0.0016959630884230137,0.6697136759757996,0.5280738472938538,-0.13505603838639946,0.37864373780846067,0.13183144355864715,-0.00041281385347247124,-7.426118827424943e-05,0.00026059383526444435,-0.01162572018802166,0.3488992750644684,0.011544669046998024,0.5819048881530762,-0.2978912889957428,0.0489557683467865,0.0004938007332384586,0.34928375482559204,0.6555525660514832,-1.087353908791165,1.2929200706309898,-1.1255275496991612
-0.0008287744130939245,-0.0016818800941109657,-0.006855280138552189,-0.7513167262077332,0.4973544776439667,-0.018147677183151245,0.2677804231643677,0.056095581501722336,0.22587452828884125,0.00710707064718008,0.901203453540802,0.3547849655151367,-1.4878345024233361,1.3604806349369403,-1.0512910927250685,0.0002276560408063233,-0.001554272137582302,-0.002150747925043106,-0.08338775485754013,-0.2295520156621933,0.15512531995773315,-0.28125059604644775,0.15189224481582642,0.03475252166390419,0.002663325984030962,0.2893294095993042,0.32152897119522095,-0.15301299515779604,0.7446049034679382,-1.3630465284882678,-8.923641144065186e-05,-0.0010986769339069724,-0.0005118196131661534,0.3743300139904022,0.38028886914253235,-0.37841495871543884,-0.3799847364425659,-0.24214015901088715,0.26772820949554443,0.0012153243878856301,0.6541715860366821,0.5241169929504395,-0.13505603838639946,0.37864373780846067,0.13183144355864715,-0.00017896658391691744,-9.198433690471575e-05,0.0005265340441837907,-0.01636621728539467,0.34796297550201416,0.05174931138753891,0.5901491641998291,-0.2983505427837372,0.04993364214897156,0.0005636739078909159,0.35217052698135376,0.6631609797477722,-1.087353908791165,1.2929200706309898,-1.1255275496991612
-0.0007507472764700651,-0.0017013952601701021,-0.006678885314613581,-0.7530479431152344,0.5010729432106018,0.011752516031265259,0.2495272010564804,0.04815390706062317,0.20321282744407654,0.006932956166565418,0.9045957326889038,0.3253891170024872,-1.4878345024233361,1.3604806349369403,-1.0512910927250685,-6.61361264064908e-06,-0.001299389754422009,-0.001868640654720366,-0.0972413644194603,-0.17514291405677795,0.1360168755054474,-0.29190880060195923,0.16924318671226501,0.05078596994280815,0.0022760217543691397,0.24213945865631104,0.3412231206893921,-0.15301299515779604,0.7446049034679382,-1.3630465284882678,-0.0005059210816398263,-0.0008893326739780605,7.372625987045467e-05,0.37556928396224976,0.38277992606163025,-0.3129953145980835,-0.36882689595222473,-0.24722890555858612,0.26917412877082825,0.0010258188704028726,0.6209177374839783,0.5192399621009827,-0.13505603838639946,0.37864373780846067,0.13183144355864715,7.796261343173683e-05,-3.158913386869244e-05,0.0007442472269758582,-0.01932603493332863,0.3334013521671295,0.08309729397296906,0.5910389423370361,-0.2979435622692108,0.04985421895980835,0.0007489859708584845,0.3441440463066101,0.6637641191482544,-1.087353908791165,1.2929200706309898,-1.1255275496991612
-0.0006051533855497837,-0.0016781670274212956,-0.0065352641977369785,-0.7587370276451111,0.495730459690094,0.04021289944648743,0.23367270827293396,0.041325800120830536,0.1837284415960312,0.006774373352527618,0.9072197079658508,0.30011147260665894,-1.4878345024233361,1.3604806349369403,-1.0512910927250685,-0.00022258466924540699,-0.0010262081632390618,-0.0015572378179058433,-0.10895148664712906,-0.12095458805561066,0.12720298767089844,-0.29984697699546814,0.18222913146018982,0.06305131316184998,0.0018782003317028284,0.20659390091896057,0.35649845004081726,-0.1533697444770818,0.7457690803303979,-1.3622427901095349,-0.0009458113927394152,-0.0006904748152010143,0.0006221206858754158,0.35788100957870483,0.38530433177948,-0.24142354726791382,-0.35241129994392395,-0.2560233473777771,0.2723464369773865,0.001326027442701161,0.5786394476890564,0.5137258768081665,-0.13505603838639946,0.37864373780846067,0.13183144355864715,0.0003477191203273833,7.470699347322807e-05,0.0008874921477399766,-0.020438455045223236,0.30543094873428345,0.1049320250749588,0.5826029777526855,-0.2975761294364929,0.04873460531234741,0.0009561025071889162,0.32359933853149414,0.6560128331184387,-1.087353908791165,1.2929200706309898,-1.1255275496991612
-0.00039503746666014194,-0.0016345068579539657,-0.006441335193812847,-0.7674406170845032,0.4832102954387665,0.06647872924804688,0.2209949791431427,0.03591320663690567,0.1682906150817871,0.006657211575657129,0.9093276262283325,0.28008976578712463,-1.4878345024233361,1.3604806349369403,-1.0512910927250685,-0.00039232528069987893,-0.0007834223797544837,-0.0012740049278363585,-0.11909643560647964,-0.07299672067165375,0.12609608471393585,-0.30564191937446594,0.19087150692939758,0.0710776299238205,0.0015462076989933848,0.18818263709545135,0.36728864908218384,-0.1533697444770818,0.7457690803303979,-1.3622427901095349,-0.0013738068519160151,-0.000502795388456434,0.0010782063473016024,0.32743924856185913,0.3870527148246765,-0.17348110675811768,-0.3301631510257721,-0.2689357399940491,0.2774392068386078,0.0018173271091654897,0.5358375906944275,0.5082387924194336,-0.13505603838639946,0.37864373780846067,0.13183144355864715,0.0006255875341594219,0.0001949041907209903,0.000935305142775178,-0.019860506057739258,0.26740676164627075,0.11707194894552231,0.5616308450698853,-0.2980915904045105,0.046436607837677,0.001141990884207189,0.29258614778518677,0.637529730796814,-1.087353908791165,1.2929200706309898,-1.1255275496991612
-0.00013266457244753838,-0.001593780005350709,-0.006411377340555191,-0.7781519889831543,0.46555182337760925,0.0893414318561554,0.21156425774097443,0.03198530524969101,0.15700982511043549,0.0066078356467187405,0.9111756086349487,0.2653951346874237,-1.4867823474103241,1.3604186891810983,-1.050414740919761,-0.0005042130942456424,-0.0005812810850329697,-0.0010703152511268854,-0.12883874773979187,-0.034163396805524826,0.13062475621700287,-0.3093336820602417,0.1961289644241333,0.07597006857395172,0.0013182159746065736,0.18662633001804352,0.37406599521636963,-0.1533697444770818,0.7457690803303979,-1.3622427901095349,-0.0017478985246270895,-0.00032546703005209565,0.001440495834685862,0.28892281651496887,0.38869956135749817,-0.11527160555124283,-0.3022092282772064,-0.28586524724960327,0.2844022512435913,0.002288253977894783,0.4978466331958771,0.5039186477661133,-0.13505603838639946,0.37864373780846067,0.13183144355864715,0.0009045507176779211,0.0003202972002327442,0.0008763417135924101,-0.017980456352233887,0.22479629516601562,0.12033288180828094,0.5238860249519348,-0.3002689480781555,0.04269140958786011,0.0012995295692235231,0.2556104063987732,0.6053433418273926,-1.087353908791165,1.2929200706309898,-1.1255275496991612
0.00015557697042822838,-0.0015660694334656,-0.006452352739870548,-0.7896456718444824,0.4448850750923157,0.10761088132858276,0.20515456795692444,0.02929678186774254,0.14940963685512543,0.00664150808006525,0.9127119183540344,0.2554798126220703,-1.4867823474103241,1.3604186891810983,-1.050414740919761,-0.0005598630523309112,-0.0004074196331202984,-0.0009903095196932554,-0.1392151266336441,-0.004810787737369537,0.13989010453224182,-0.31115996837615967,0.19881212711334229,0.0784548819065094,0.0012083668261766434,0.19741639494895935,0.37749430537223816,-0.1533697444770818,0.7457690803303979,-1.3622427901095349,-0.002023753011599183,-0.00015040513244457543,0.0017368450062349439,0.24505136907100677,0.39141735434532166,-0.06941725313663483,-0.2698472738265991,-0.30592572689056396,0.2928338050842285,0.002671109978109598,0.46698659658432007,0.502155065536499,-0.13505603838639946,0.37864373780846067,0.13183144355864715,0.0011634553084149957,0.00046178948832675815,0.0007143745315261185,-0.015369042754173279,0.18342623114585876,0.11690153181552887,0.4645937979221344,-0.3048044443130493,0.03715090453624725,0.0014412525342777371,0.21805356442928314,0.5568961501121521,-1.087353908791165,1.2929200706309898,-1.1255275496991612
0.0004381027538329363,-0.0015451735816895962,-0.006560086272656918,-0.8009246587753296,0.42308393120765686,0.11950996518135071,0.20122496783733368,0.02767065353691578,0.1449032574892044,0.0067538307048380375,0.9136536717414856,0.24950772523880005,-1.4867823474103241,1.3604186891810983,-1.050414740919761,-0.0005728224641643465,-0.0002505007723812014,-0.0010642374400049448,-0.15063968300819397,0.01596427708864212,0.15360461175441742,-0.311269074678421,0.1996879130601883,0.07920679450035095,0.001234292285516858,0.21573489904403687,0.3782028555870056,-0.1533697444770818,0.7457690803303979,-1.3622427901095349,-0.0021647741086781025,4.0658989746589214e-05,0.001988484524190426,0.19770032167434692,0.3951590955257416,-0.036623936146497726,-0.23578095436096191,-0.32731765508651733,0.301932692527771,0.002939722966402769,0.4433705508708954,0.5038778185844421,-0.13505603838639946,0.37864373780846067,0.13183144355864715,0.0013658148236572742,0.0006303603295236826,0.00047295301919803023,-0.012618035078048706,0.14823105931282043,0.10953918099403381,0.37929093837738037,-0.3122576177120209,0.02947111427783966,0.001576860435307026,0.18474440276622772,0.4921737313270569,-1.087353908791165,1.2929200706309898,-1.1255275496991612
0.0006758794188499451,-0.0015121535398066044,-0.006717381067574024,-0.8106110095977783,0.40289944410324097,0.12393322587013245,0.19921094179153442,0.02685687690973282,0.1428041309118271,0.006918571423739195,0.9136616587638855,0.24657516181468964,-1.4867823474103241,1.3604186891810983,-1.050414740919761,-0.00055659469217062,-0.00011850270675495267,-0.001292135682888329,-0.16276578605175018,0.02952285297214985,0.17100322246551514,-0.30967894196510315,0.19941478967666626,0.07878909260034561,0.0014118977123871446,0.23792099952697754,0.3766630291938782,-0.1533697444770818,0.7457690803303979,-1.3622427901095349,-0.002152340952306986,0.000267256167717278,0.002191197359934449,0.14905494451522827,0.39844536781311035,-0.016416337341070175,-0.20340406894683838,-0.3478059768676758,0.3107103407382965,0.003083073766902089,0.4257294833660126,0.5088055729866028,-0.13505603838639946,0.37864373780846067,0.13183144355864715,0.001477222191169858,0.000824816757813096,0.0001928725396282971,-0.010177195072174072,0.12255165725946426,0.10052818059921265,0.2651270925998688,-0.3229495882987976,0.019432663917541504,0.0017028528964146972,0.15883450210094452,0.4182898998260498,-1.087353908791165,1.2929200706309898,-1.1255275496991612
0.000832944642752409,-0.0014471516478806734,-0.006896129809319973,-0.8174203634262085,0.38714587688446045,0.1208408772945404,0.19857479631900787,0.026620380580425262,0.1424681544303894,0.007095396518707275,0.9125023484230042,0.24584093689918518,-1.4867823474103241,1.3604186891810983,-1.050414740919761,-0.0005211306852288544,-3.43772117048502e-05,-0.0016343628522008657,-0.17495086789131165,0.03742761164903641,0.19013336300849915,-0.30627569556236267,0.19851720333099365,0.07763183116912842,0.0017157800029963255,0.26107341051101685,0.3731495440006256,-0.1533697444770818,0.7457690803303979,-1.3622427901095349,-0.0019992669112980366,0.0005336799658834934,0.002323796972632408,0.10226340591907501,0.3992483615875244,-0.007004385814070702,-0.17542776465415955,-0.36561593413352966,0.3183806538581848,0.003111577592790127,0.41219669580459595,0.5155736207962036,-0.13505603838639946,0.37864373780846067,0.13183144355864715,0.0014844308607280254,0.0010328664211556315,-7.914623711258173e-05,-0.008310988545417786,0.10761351883411407,0.09154029190540314,0.12270012497901917,-0.3368019163608551,0.007105819880962372,0.001810141489841044,0.14152514934539795,0.35852664709091187,-1.087353908791165,1.2929200706309898,-1.1255275496991612
0.0008851583115756512,-0.0013390446547418833,-0.007065702695399523,-0.8207919597625732,0.3773805797100067,0.11151677370071411,0.19885416328907013,0.02676066942512989,0.14334507286548615,0.007245736662298441,0.9102480411529541,0.24659059941768646,-1.4867823474103241,1.3604186891810983,-1.050414740919761,-0.0004728373605757952,-1.6981910448521376e-05,-0.0020202703308314085,-0.18665902316570282,0.04122338816523552,0.2082223892211914,-0.30084753036499023,0.19738590717315674,0.0760362297296524,0.002074935007840395,0.282661497592926,0.3677661418914795,-0.1533697444770818,0.7457690803303979,-1.3622427901095349,-0.0017561290878802538,0.0008175112889148295,0.0023738034069538116,0.06102852523326874,0.39542028307914734,-0.005460664629936218,-0.15316511690616608,-0.37990131974220276,0.3245640993118286,0.003063863143324852,0.40013936161994934,0.5226150155067444,-0.13505603838639946,0.37864373780846067,0.13183144355864715,0.0013949271524325013,0.0012335270876064897,-0.0003029045183211565,-0.0071294791996479034,0.10227575153112411,0.08400921523571014,-0.0415346622467041,-0.3531113266944885,-0.006938040256500244,0.0018865740858018398,0.13254700601100922,0.3556133508682251,-1.087353908791165,1.2929200706309898,-1.1255275496991612
0.0008244791533797979,-0.0011900628451257944,-0.0072022126987576485,-0.8210837841033936,0.37340396642684937,0.09829279780387878,0.1996801495552063,0.027119118720293045,0.14499127864837646,0.00734628364443779,0.9073426127433777,0.24825406074523926,-1.4867823474103241,1.3604186891810983,-1.050414740919761,-0.00041247668559663,-7.025001104921103e-05,-0.0023719677701592445,-0.1972646415233612,0.04202563315629959,0.22282521426677704,-0.29315951466560364,0.1962926834821701,0.07419571280479431,0.002408589469268918,0.3005504608154297,0.36052507162094116,-0.1533697444770818,0.7457690803303979,-1.3622427901095349,-0.0015014935052022338,0.0010760354343801737,0.0023482879623770714,0.027322465553879738,0.38468030095100403,-0.009217912331223488,-0.13654084503650665,-0.3903557360172272,0.32960477471351624,0.00298777362331748,0.38575953245162964,0.5288292169570923,-0.13310584673242867,0.3761136130951013,0.13026444873048293,0.0012260416988283396,0.0013987141428515315,-0.00045326651888899505,-0.0065976716578006744,0.10337855666875839,0.07905303686857224,-0.21405267715454102,-0.37044087052345276,-0.02151946723461151,0.0019144268007948995,0.13030746579170227,0.4283784031867981,-1.087353908791165,1.2929200706309898,-1.1255275496991612
0.0006597351748496294,-0.001015908783301711,-0.007292368449270725,-0.819211483001709,0.373890221118927,0.08389446139335632,0.20077545940876007,0.027577539905905724,0.14705602824687958,0.007392290513962507,0.9044001698493958,0.250393271446228,-1.4867823474103241,1.3604186891810983,-1.050414740919761,-0.00033522440935485065,-0.00018680794164538383,-0.00263049453496933,-0.2057778537273407,0.0402831956744194,0.2328355312347412,-0.28307080268859863,0.19541148841381073,0.07222796976566315,0.0026583406142890453,0.3133363127708435,0.3514706492424011,-0.1533697444770818,0.7457690803303979,-1.3622427901095349,-0.0012785186991095543,0.001265307771973312,0.0022846581414341927,0.003995488863438368,0.3651871085166931,-0.01457493007183075,-0.12545032799243927,-0.3978441059589386,0.3329600393772125,0.0029077958315610886,0.36549967527389526,0.5337415933609009,-0.13310584673242867,0.3761136130951013,0.13026444873048293,0.0010031077545136213,0.0015006077010184526,-0.0005245211068540812,-0.0065222494304180145,0.10678793489933014,0.07689661532640457,-0.3778614103794098,-0.38699811697006226,-0.03515845537185669,0.001879673101939261,0.13175466656684875,0.5420174598693848,-1.087353908791165,1.2929200706309898,-1.1255275496991612
0.0004158637020736933,-0.000840976310428232,-0.007333766203373671,-0.8162399530410767,0.37708762288093567,0.0706636905670166,0.20193976163864136,0.028051916509866714,0.14925028383731842,0.007393531501293182,0.9019069075584412,0.25267019867897034,-1.4867823474103241,1.3604186891810983,-1.050414740919761,-0.00023604807211086154,-0.00035289605148136616,-0.0027737882919609547,-0.2109471559524536,0.036125048995018005,0.238620787858963,-0.2706986665725708,0.19483979046344757,0.07021228969097137,0.0028060926124453545,0.32053643465042114,0.3408373296260834,-0.1533697444770818,0.7457690803303979,-1.3622427901095349,-0.00112606817856431,0.0013629747554659843,0.002197960391640663,-0.011182651855051517,0.33768758177757263,-0.020703041926026344,-0.11879917979240417,-0.40283632278442383,0.33524632453918457,0.0028207728173583746,0.3385063707828522,0.537382960319519,-0.13310584673242867,0.3761136130951013,0.13026444873048293,0.0007624763529747725,0.001521261758171022,-0.0005305344238877296,-0.006574612110853195,0.10870512574911118,0.0764794573187828,-0.5194301605224609,-0.40134936571121216,-0.0466693639755249,0.0017824348760768771,0.13307568430900574,0.6580783128738403,-1.087353908791165,1.2929200706309898,-1.1255275496991612
0.000130427535623312,-0.0006944459746591747,-0.007334689609706402,-0.8131587505340576,0.3811604976654053,0.05994716286659241,0.20302879810333252,0.028483573347330093,0.1513061225414276,0.007368645630776882,0.9000579118728638,0.25480490922927856,-1.4867823474103241,1.3604186891810983,-1.050414740919761,-0.00011647003702819347,-0.0005504235159605742,-0.002818102715536952,-0.21174822747707367,0.030116163194179535,0.2412235289812088,-0.2566309869289398,0.19461603462696075,0.06823063641786575,0.0028737143147736788,0.3223865330219269,0.3292267918586731,-0.1533697444770818,0.7457690803303979,-1.3622427901095349,-0.0010495202150195837,0.0013812711695209146,0.002097687916830182,-0.020261188969016075,0.3050880432128906,-0.026787113398313522,-0.11560477316379547,-0.40607714653015137,0.336797297000885,0.0027220759075134993,0.3069312274456024,0.5400884747505188,-0.13310584673242867,0.3761136130951013,0.13026444873048293,0.0005457075894810259,0.001456877333112061,-0.0004991397727280855,-0.006389304995536804,0.1067095696926117,0.07581587135791779,-0.6323004961013794,-0.412792444229126,-0.05547723174095154,0.0016338387504220009,0.13105648756027222,0.7571520805358887,-1.087353908791165,1.2929200706309898,-1.1255275496991612
-0.0001524409744888544,-0.0006082245381549001,-0.007311790715903044,-0.8106870651245117,0.3845575749874115,0.05186516046524048,0.20393100380897522,0.02882976271212101,0.1529330611228943,0.007338627707213163,0.8987703323364258,0.2565298080444336,-1.4867823474103241,1.3604186891810983,-1.050414740919761,1.5529454685747623e-05,-0.0007609563763253391,-0.0027995675336569548,-0.20786547660827637,0.023682594299316406,0.24119435250759125,-0.24203582108020782,0.19473551213741302,0.0663948804140091,0.0029011850710958242,0.31928613781929016,0.3176657557487488,-0.1533697444770818,0.7457690803303979,-1.3622427901095349,-0.001035649562254548,0.0013568727299571037,0.001986927352845669,-0.024573564529418945,0.2706104516983032,-0.03173374384641647,-0.11493837833404541,-0.4082803428173065,0.33793482184410095,0.002619456732645631,0.2735706567764282,0.5423132181167603,-0.13310584673242867,0.3761136130951013,0.13026444873048293,0.0003893928660545498,0.0013154142070561647,-0.0004592793411575258,-0.005677405744791031,0.10031697154045105,0.07294763624668121,-0.7163822054862976,-0.42024531960487366,-0.06260454654693604,0.0014466786524280906,0.12416555732488632,0.8329038619995117,-1.084084867649151,1.292249444530041,-1.1206895073315524
-0.00038987467996776104,-0.0006089039379730821,-0.007282971404492855,-0.8090906143188477,0.3864265978336334,0.04535648226737976,0.20454591512680054,0.02905501052737236,0.15377774834632874,0.007318773306906223,0.8977807760238647,0.2575477063655853,-1.4867823474103241,1.3604186891810983,-1.050414740919761,0.00015330553287640214,-0.0009704449912533164,-0.002746833022683859,-0.19943355023860931,0.01877421885728836,0.23767799139022827,-0.2283644825220108,0.19517143070697784,0.0648299902677536,0.002917251782491803,0.31083282828330994,0.3073192834854126,-0.1533697444770818,0.7457690803303979,-1.3622427901095349,-0.0010616701329126954,0.0013199745444580913,0.0018671068828552961,-0.024296049028635025,0.2359110713005066,-0.033929117023944855,-0.11600282788276672,-0.4100530743598938,0.33893242478370667,0.00252102455124259,0.2395736128091812,0.5444955229759216,-0.13310584673242867,0.3761136130951013,0.13026444873048293,0.00030721526127308607,0.0011147204786539078,-0.0004317732818890363,-0.004444945603609085,0.09094355255365372,0.0667615756392479,-0.7736155986785889,-0.42589420080184937,-0.0662645697593689,0.001234265393577516,0.11290524899959564,0.8855834007263184,-1.084084867649151,1.292249444530041,-1.1206895073315524
-0.0005500048864632845,-0.0007059586932882667,-0.007259973790496588,-0.8081644177436829,0.38671135902404785,0.03840923309326172,0.2047659456729889,0.029124099761247635,0.15339314937591553,0.007314923219382763,0.8967444896697998,0.2575010061264038,-1.4867823474103241,1.3604186891810983,-1.050414740919761,0.00029585539596155286,-0.00116932753007859,-0.00266706058755517,-0.18632391095161438,0.017066460102796555,0.22835399210453033,-0.21677082777023315,0.1958969086408615,0.0636250302195549,0.002927126595750451,0.2952175438404083,0.2990206182003021,-0.1533697444770818,0.7457690803303979,-1.3622427901095349,-0.001107414485886693,0.0012732126051560044,0.0017434497131034732,-0.01888393424451351,0.20106014609336853,-0.031794436275959015,-0.11815467476844788,-0.41184234619140625,0.3399885594844818,0.0024263253435492516,0.20443256199359894,0.5469614863395691,-0.13310584673242867,0.3761136130951013,0.13026444873048293,0.00030621749465353787,0.0008771191351115704,-0.0004222269053570926,-0.00276368111371994,0.08130385726690292,0.05697011575102806,-0.8091011047363281,-0.4293270707130432,-0.06790155172348022,0.001020481577143073,0.09931540489196777,0.9184644818305969,-1.084084867649151,1.292249444530041,-1.1206895073315524
-0.0006204936653375626,-0.0008850913727656007,-0.0072477879002690315,-0.807446300983429,0.38583898544311523,0.02868860960006714,0.2044646441936493,0.028997749090194702,0.1512254774570465,0.007327948231250048,0.895357072353363,0.2559605538845062,-1.4867823474103241,1.3604186891810983,-1.050414740919761,0.0004414981813170016,-0.0013473188737407327,-0.002554662059992552,-0.16816070675849915,0.019322305917739868,0.2105441391468048,-0.20780587196350098,0.19689245522022247,0.06280779838562012,0.0029217267874628305,0.27014848589897156,0.2930780351161957,-0.1533697444770818,0.7457690803303979,-1.3622427901095349,-0.0011644568294286728,0.0012034616665914655,0.0016287979669868946,-0.007612390909343958,0.16603808104991913,-0.024462275207042694,-0.1208888441324234,-0.41389307379722595,0.34120333194732666,0.0023360783234238625,0.16800296306610107,0.5498557090759277,-0.13310584673242867,0.3761136130951013,0.13026444873048293,0.00037799947313033044,0.0006328808376565576,-0.0004265191382728517,-0.0007946137338876724,0.07416582107543945,0.043717917054891586,-0.8278894424438477,-0.43107083439826965,-0.06813183426856995,0.0008516691159456968,0.08609562367200851,0.9358765482902527,-1.084084867649151,1.292249444530041,-1.1206895073315524
-0.0006110623944550753,-0.001109941629692912,-0.007247129455208778,-0.8064614534378052,0.3844476640224457,0.014584213495254517,0.20349328219890594,0.028631513938307762,0.1466282457113266,0.007357054390013218,0.8935282826423645,0.2524462640285492,-1.4867823474103241,1.3604186891810983,-1.050414740919761,0.0005768288974650204,-0.0014917261432856321,-0.0024069107603281736,-0.14519216120243073,0.02559087797999382,0.18278992176055908,-0.20126236975193024,0.19838464260101318,0.062365882098674774,0.0028898438904434443,0.23483571410179138,0.28940024971961975,-0.15466854406464,0.74587595045956,-1.3623592595905194,-0.0012353783240541816,0.0011080102995038033,0.0015409191837534308,0.010023938491940498,0.13170331716537476,-0.011945649981498718,-0.12379813194274902,-0.4162077009677887,0.3425552546977997,0.0022645702119916677,0.13262329995632172,0.5530813336372375,-0.13310584673242867,0.3761136130951013,0.13026444873048293,0.0005022025434300303,0.00041809905087575316,-0.00043269945308566093,0.0013309381902217865,0.07118361443281174,0.027382422238588333,-0.834663987159729,-0.4316369295120239,-0.06765472888946533,0.0007837365847080946,0.07628024369478226,0.9420995712280273,-1.084084867649151,1.292249444530041,-1.1206895073315524
-0.0005473988130688667,-0.0013312543742358685,-0.0072546303272247314,-0.8048563599586487,0.3833179175853729,-0.0038917958736419678,0.20168893039226532,0.027978969737887383,0.13891488313674927,0.007396049331873655,0.8914827704429626,0.24649257957935333,-1.4867823474103241,1.3604186891810983,-1.050414740919761,0.0006862404989078641,-0.0015895261894911528,-0.002230279613286257,-0.11928683519363403,0.03483165055513382,0.14573313295841217,-0.19735924899578094,0.19982105493545532,0.06222217530012131,0.002823414048179984,0.19152216613292694,0.2876642644405365,-0.15466854406464,0.74587595045956,-1.3623592595905194,-0.0013269992778077722,0.0010016559390351176,0.001495150732807815,0.03380723297595978,0.09919387102127075,0.005160696804523468,-0.12651987373828888,-0.41850242018699646,0.34387528896331787,0.002236004685983062,0.10492371767759323,0.5562389492988586,-0.13310584673242867,0.3761136130951013,0.13026444873048293,0.0006492078537121415,0.00026839596102945507,-0.0004273168451618403,0.00353112630546093,0.07254253327846527,0.008562328293919563,-0.8332937359809875,-0.431478887796402,-0.06724005937576294,0.0008222571923397481,0.07313139736652374,0.9407835602760315,-1.084084867649151,1.292249444530041,-1.1206895073315524
-0.0004599152598530054,-0.001500209211371839,-0.007264366839081049,-0.8024859428405762,0.38318362832069397,-0.025092631578445435,0.19889655709266663,0.026999929919838905,0.1274631917476654,0.007431902457028627,0.8896307945251465,0.2377723604440689,-1.4867823474103241,1.3604186891810983,-1.050414740919761,0.0007496938342228532,-0.0016381838358938694,-0.002037914702668786,-0.09336470812559128,0.04623729735612869,0.10224739462137222,-0.19538739323616028,0.20136046409606934,0.062309280037879944,0.002720070304349065,0.14597734808921814,0.28741034865379333,-0.15466854406464,0.74587595045956,-1.3623592595905194,-0.001443564658984542,0.0009021635050885379,0.0014995605451986194,0.06194263696670532,0.06934117525815964,0.02596430480480194,-0.12867817282676697,-0.4201616048812866,0.34482064843177795,0.0022685809526592493,0.09653618186712265,0.5585652589797974,-0.13310584673242867,0.3761136130951013,0.13026444873048293,0.0007900558994151652,0.00021049338101875037,-0.0004029886331409216,0.005752398166805506,0.07735197246074677,-0.011915645562112331,-0.8266490697860718,-0.43097561597824097,-0.06773051619529724,0.0009115347638726234,0.0784754753112793,0.9347063899040222,-1.084084867649151,1.292249444530041,-1.1206895073315524
-0.0003747579175978899,-0.0015818257816135883,-0.007271956652402878,-0.7994271516799927,0.38447946310043335,-0.046626150608062744,0.19500894844532013,0.02567467838525772,0.11188535392284393,0.0074514406733214855,0.8883029818534851,0.22628745436668396,-1.4867823474103241,1.3604186891810983,-1.050414740919761,0.0007563359686173499,-0.0016400982858613133,-0.001845182734541595,-0.07036459445953369,0.058082450181245804,0.05655667930841446,-0.19478929042816162,0.2028241753578186,0.0625295415520668,0.0025819886941462755,0.10734712332487106,0.2880806624889374,-0.15466854406464,0.74587595045956,-1.3623592595905194,-0.001583780045621097,0.0008186213090084493,0.0015556988073512912,0.09069821238517761,0.04319910705089569,0.04928474500775337,-0.12983021140098572,-0.4201955199241638,0.3448501229286194,0.002366157015785575,0.11189868301153183,0.5588754415512085,-0.13310584673242867,0.3761136130951013,0.13026444873048293,0.0009091063984669745,0.0002552717342041433,-0.0003609185805544257,0.007932737469673157,0.08413391560316086,-0.032902203500270844,-0.8166006803512573,-0.4304307699203491,-0.07004117965698242,0.0010108908172696829,0.09068626910448074,0.9257500171661377,-1.084084867649151,1.292249444530041,-1.1206895073315524
-0.00030963425524532795,-0.001565428450703621,-0.007276797201484442,-0.7959677577018738,0.38710856437683105,-0.06636542081832886,0.19002699851989746,0.02402488887310028,0.09227420389652252,0.0074497126042842865,0.8875933885574341,0.21260759234428406,-1.4867823474103241,1.3604186891810983,-1.050414740919761,0.0007022598874755204,-0.0015953786205500364,-0.0016658902168273926,-0.05195827782154083,0.0679640918970108,0.012923646718263626,-0.19495892524719238,0.20392274856567383,0.06276551634073257,0.0024111391976475716,0.08652052283287048,0.28902071714401245,-0.15466854406464,0.74587595045956,-1.3623592595905194,-0.0017435442423447967,0.000753797241486609,0.0016633578343316913,0.11566808074712753,0.02212200127542019,0.07358096539974213,-0.1294252872467041,-0.4172157943248749,0.343209832906723,0.002524859504774213,0.13886196911334991,0.5555294156074524,-0.13310584673242867,0.3761136130951013,0.13026444873048293,0.0010065737878903747,0.00039402820402756333,-0.0003094561106991023,0.009979886934161186,0.09099047631025314,-0.052816905081272125,-0.8041398525238037,-0.4300801455974579,-0.07513949275016785,0.0011243718909099698,0.10568108409643173,0.9150168299674988,-1.084084867649151,1.292249444530041,-1.1206895073315524
-0.0002729592379182577,-0.0014670122181996703,-0.007281016558408737,-0.7926859259605408,0.39014312624931335,-0.08294850587844849,0.18414181470870972,0.022141454741358757,0.0695318877696991,0.0074323504231870174,0.8873798847198486,0.19807355105876923,-1.4867823474103241,1.3604186891810983,-1.050414740919761,0.0005930705810897052,-0.00149912154302001,-0.00151186587754637,-0.03826132044196129,0.07349343597888947,-0.025267232209444046,-0.19526085257530212,0.20422834157943726,0.06287656724452972,0.002210166770964861,0.08662359416484833,0.2894641160964966,-0.15466854406464,0.74587595045956,-1.3623592595905194,-0.0019177405629307032,0.0007088081911206245,0.00182457291521132,0.1337330937385559,0.006533256731927395,0.09703084826469421,-0.12678636610507965,-0.4094493091106415,0.3389406204223633,0.0027402928099036217,0.16535478830337524,0.5464469194412231,-0.13310584673242867,0.3761136130951013,0.13026444873048293,0.001088771503418684,0.0005985667812637985,-0.0002606034395284951,0.011771487072110176,0.0956951305270195,-0.06968852877616882,-0.7895809412002563,-0.43010058999061584,-0.08398613333702087,0.0012694958131760359,0.1189647689461708,0.9030383229255676,-1.084084867649151,1.292249444530041,-1.1206895073315524
-0.00026544067077338696,-0.0013199226232245564,-0.007287321612238884,-0.7904415726661682,0.3918379545211792,-0.09579819440841675,0.17777769267559052,0.020198315382003784,0.045535020530223846,0.0074106487445533276,0.887418806552887,0.1846248060464859,-1.4867823474103241,1.3604186891810983,-1.050414740919761,0.0004468741244636476,-0.0013487725518643856,-0.0013954788446426392,-0.02860254980623722,0.07330360263586044,-0.055466387420892715,-0.19503328204154968,0.2031557857990265,0.06269537657499313,0.0019915434531867504,0.09627068042755127,0.2885150909423828,-0.15466854406464,0.74587595045956,-1.3623592595905194,-0.0020951624028384686,0.0006830955389887094,0.0020389717537909746,0.1435851752758026,-0.004794890061020851,0.11757063865661621,-0.12112581729888916,-0.39482009410858154,0.33092302083969116,0.0030022875871509314,0.18564091622829437,0.5292111039161682,-0.13310584673242867,0.3761136130951013,0.13026444873048293,0.0011569594498723745,0.0008264861535280943,-0.0002259350731037557,0.013188332319259644,0.09625418484210968,-0.08167220652103424,-0.772821307182312,-0.43061596155166626,-0.09741708636283875,0.0014396810438483953,0.12692183256149292,0.8900409936904907,-1.084084867649151,1.292249444530041,-1.1206895073315524
-0.00028248713351786137,-0.001160758314654231,-0.007298220880329609,-0.7900928258895874,0.39028337597846985,-0.10500270128250122,0.17147022485733032,0.018409885466098785,0.022635281085968018,0.0073953489772975445,0.8874645233154297,0.17393480241298676,-1.4867823474103241,1.3604186891810983,-1.050414740919761,0.0002917215460911393,-0.0011578029952943325,-0.0013299831189215183,-0.0223518256098032,0.06769499182701111,-0.07563261687755585,-0.19358868896961212,0.19996240735054016,0.06202727556228638,0.001787306391634047,0.1039351224899292,0.28514719009399414,-0.15466854406464,0.74587595045956,-1.3623592595905194,-0.0022515770979225636,0.0006759723764844239,0.002290621865540743,0.14458207786083221,-0.013648854568600655,0.13285383582115173,-0.11160929501056671,-0.37113550305366516,0.3179793059825897,0.003282299032434821,0.19682584702968597,0.5013073086738586,-0.13310584673242867,0.3761136130951013,0.13026444873048293,0.0012057570274919271,0.0010330660734325647,-0.0002145941834896803,0.014167262241244316,0.09178479015827179,-0.08786480873823166,-0.7536512017250061,-0.43169477581977844,-0.1159476637840271,0.0016022254712879658,0.12784907221794128,0.8762387633323669,-1.084084867649151,1.292249444530041,-1.1206895073315524
-0.00031476584263145924,-0.0010199821554124355,-0.00731574185192585,-0.7920559644699097,0.3843918740749359,-0.11124733090400696,0.16563239693641663,0.01694914884865284,0.0027010366320610046,0.007393207401037216,0.8874039053916931,0.16651925444602966,-1.4867823474103241,1.3604186891810983,-1.050414740919761,0.00016027307719923556,-0.000961960235144943,-0.0013224652502685785,-0.018964452669024467,0.05831208452582359,-0.08457230776548386,-0.19022603332996368,0.19377858936786652,0.060656189918518066,0.0016431582625955343,0.10446254909038544,0.2782359719276428,-0.15466854406464,0.74587595045956,-1.3623592595905194,-0.002353615825995803,0.0006877073319628835,0.0025393469259142876,0.13600946962833405,-0.02071375586092472,0.14066040515899658,-0.0974847674369812,-0.33641910552978516,0.2990554869174957,0.0035299763549119234,0.19675615429878235,0.46055975556373596,-0.13310584673242867,0.3761136130951013,0.13026444873048293,0.001231072237715125,0.001184440916404128,-0.0002302363864146173,0.014700118452310562,0.08305922150611877,-0.08853080123662949,-0.7321099638938904,-0.43333905935287476,-0.13948273658752441,0.0017237887950614095,0.12228094786405563,0.8621039390563965,-1.084084867649151,1.292249444530041,-1.1206895073315524
-0.00034872163087129593,-0.0009195321472361684,-0.007338292896747589,-0.7960007190704346,0.37460312247276306,-0.11566498875617981,0.16044172644615173,0.01590314321219921,-0.013378754258155823,0.007403896655887365,0.8873122930526733,0.16178210079669952,-1.4867823474103241,1.3604186891810983,-1.050414740919761,8.141403668560088e-05,-0.0008046225411817431,-0.001363030867651105,-0.017652258276939392,0.04712124168872833,-0.08285944163799286,-0.1842685043811798,0.18368446826934814,0.058361127972602844,0.0015848971670493484,0.096941739320755,0.26664748787879944,-0.15466854406464,0.74587595045956,-1.3623592595905194,-0.0023786723613739014,0.0007122587412595749,0.0027329621370881796,0.11813151091337204,-0.02529752627015114,0.13970300555229187,-0.07829149067401886,-0.2894327640533447,0.2735065519809723,0.0036924893502146006,0.18469420075416565,0.40584075450897217,-0.13310584673242867,0.3761136130951013,0.13026444873048293,0.0012358254753053188,0.0012623280053958297,-0.00026428885757923126,0.014778265729546547,0.07235711067914963,-0.08457839488983154,-0.7088912725448608,-0.4354613125324249,-0.1669253706932068,0.0017862209351733327,0.11228291690349579,0.8485384583473206,-1.084084867649151,1.292249444530041,-1.1206895073315524
-0.00037323753349483013,-0.0008725671796128154,-0.007356789894402027,-0.8007762432098389,0.36322417855262756,-0.11920788884162903,0.1559053212404251,0.015200471505522728,-0.025547906756401062,0.0074177514761686325,0.8873471021652222,0.15871426463127136,-1.48810665019476,1.3605643045130806,-1.0512067435585812,6.922063766978681e-05,-0.0007143791881389916,-0.001422433415427804,-0.017419571056962013,0.03571983426809311,-0.07316172868013382,-0.1751420944929123,0.1688506007194519,0.05494742467999458,0.0015932500828057528,0.08325855433940887,0.2494083046913147,-0.15466854406464,0.74587595045956,-1.3623592595905194,-0.0023328782990574837,0.0007309966022148728,0.0028374860994517803,0.09358351677656174,-0.026537828147411346,0.129900723695755,-0.05416393652558327,-0.23042383790016174,0.2415037304162979,0.003745397785678506,0.162284716963768,0.33816108107566833,-0.13310584673242867,0.3761136130951013,0.13026444873048293,0.001226419466547668,0.0012615250889211893,-0.000293484830763191,0.014362871646881104,0.06261032819747925,-0.07694593816995621,-0.6855682730674744,-0.4378761053085327,-0.19598501920700073,0.0017837274353951216,0.10023483633995056,0.8367493748664856,-1.084084867649151,1.292249444530041,-1.1206895073315524
-0.00037855375558137894,-0.000885680434294045,-0.007355141453444958,-0.8055736422538757,0.35175666213035583,-0.1229228675365448,0.15195253491401672,0.014965949580073357,-0.034140631556510925,0.007417940068989992,0.8875762820243835,0.15645809471607208,-1.48810665019476,1.3605643045130806,-1.0512067435585812,0.00011885145795531571,-0.0006988952518440783,-0.0014629692304879427,-0.01751345954835415,0.025279322639107704,-0.0593353807926178,-0.16250748932361603,0.14876024425029755,0.05029737204313278,0.001625687233172357,0.06683152168989182,0.22598256170749664,-0.15466854406464,0.74587595045956,-1.3623592595905194,-0.0022483463399112225,0.0007202478009276092,0.0028541875071823597,0.06708864122629166,-0.02436583675444126,0.11182251572608948,-0.026236388832330704,-0.16211752593517303,0.20457294583320618,0.0037040794268250465,0.1326606720685959,0.2623366713523865,-0.13310584673242867,0.3761136130951013,0.13026444873048293,0.0012060115113854408,0.00118789984844625,-0.00029116327641531825,0.013399574905633926,0.0563679076731205,-0.0662786215543747,-0.6641745567321777,-0.4403582215309143,-0.22379568219184875,0.001717657083645463,0.08803264051675797,0.8277244567871094,-1.084084867649151,1.292249444530041,-1.1206895073315524
-0.00036839302629232407,-0.0009464271133765578,-0.007319837808609009,-0.8092519044876099,0.3427394926548004,-0.12666553258895874,0.1485605090856552,0.015029596164822578,-0.03977613151073456,0.007389956619590521,0.8879206776618958,0.15452590584754944,-1.48810665019476,1.3605643045130806,-1.0512067435585812,0.0002111986104864627,-0.000750439299736172,-0.001457693288102746,-0.017869863659143448,0.016672756522893906,-0.04513397812843323,-0.14645692706108093,0.12352871149778366,0.04444378614425659,0.0016530680004507303,0.05132629722356796,0.19668304920196533,-0.15466854406464,0.74587595045956,-1.3623592595905194,-0.002165457233786583,0.0006694042822346091,0.0028068539686501026,0.043729979544878006,-0.01925942674279213,0.08635015785694122,0.003154166042804718,-0.09021035581827164,0.16586516797542572,0.003607732942327857,0.09868934005498886,0.1888362020254135,-0.13310584673242867,0.3761136130951013,0.13026444873048293,0.0011717339511960745,0.0010574172483757138,-0.0002463504788465798,0.011844303458929062,0.05519377812743187,-0.05288328230381012,-0.6463343501091003,-0.44274643063545227,-0.24809420108795166,0.0015974292764440179,0.07735167443752289,0.8217805624008179,-1.084084867649151,1.292249444530041,-1.1206895073315524
-0.00035128253512084484,-0.001028490369208157,-0.007254616357386112,-0.8112866878509521,0.33746206760406494,-0.12988623976707458,0.1458161622285843,0.015273211523890495,-0.043065961450338364,0.0073355743661522865,0.8882213234901428,0.1528080552816391,-1.48810665019476,1.3605643045130806,-1.0512067435585812,0.0003196233883500099,-0.0008487091399729252,-0.0014066657749935985,-0.019018571823835373,0.010502866469323635,-0.033498380333185196,-0.12778054177761078,0.09432733803987503,0.037667978554964066,0.0016736710676923394,0.03992690518498421,0.16323108971118927,-0.15466854406464,0.74587595045956,-1.3623592595905194,-0.0021142195910215378,0.0005948706530034542,0.0027220111805945635,0.027285374701023102,-0.011585887521505356,0.05529558286070824,0.0310845784842968,-0.021853255107998848,0.1293400675058365,0.0034975905437022448,0.06274014711380005,0.1348060518503189,-0.13310584673242867,0.3761136130951013,0.13026444873048293,0.001117174862883985,0.0008950281189754605,-0.00016852468252182007,0.009693946689367294,0.05931355059146881,-0.036831166595220566,-0.6328047513961792,-0.4449934959411621,-0.2678314745426178,0.0014413727913051844,0.0704883262515068,0.8186542391777039,-1.084084867649151,1.292249444530041,-1.1206895073315524
-0.0003403909504413605,-0.0011010058224201202,-0.0071814535185694695,-0.8116141557693481,0.33636239171028137,-0.1314011812210083,0.1439933329820633,0.015543838031589985,-0.044514767825603485,0.0072733317501842976,0.8883261680603027,0.15151651203632355,-1.48810665019476,1.3605643045130806,-1.0512067435585812,0.0004201093688607216,-0.0009651230648159981,-0.0013274549273774028,-0.02123178169131279,0.006944363005459309,-0.02634948119521141,-0.1080978587269783,0.06359492242336273,0.03054867312312126,0.0016941343201324344,0.034544289112091064,0.1290840059518814,-0.15466854406464,0.74587595045956,-1.3623592595905194,-0.002110337605699897,0.0005361846997402608,0.0026229266077280045,0.019643941894173622,-0.0014930577017366886,0.02199484035372734,0.05506221204996109,0.037713926285505295,0.09811579436063766,0.003408923977985978,0.029527727514505386,0.11866295337677002,-0.13275989155310924,0.3746003001859423,0.12648064681683052,0.0010411080438643694,0.0007291681249625981,-6.970635149627924e-05,0.007080232724547386,0.0672263652086258,-0.018202809616923332,-0.6236725449562073,-0.44679775834083557,-0.2833945155143738,0.001272969413548708,0.0700061172246933,0.8178680539131165,-1.0825212146540757,1.2921324091050916,-1.1185691272154787
-0.00035003037191927433,-0.0011422837851569057,-0.007119497284293175,-0.8105180263519287,0.33926063776016235,-0.12944555282592773,0.14360803365707397,0.015650270506739616,-0.0444452129304409,0.007219042629003525,0.8881403803825378,0.15114089846611023,-1.48810665019476,1.3605643045130806,-1.0512067435585812,0.0005038874223828316,-0.001073703751899302,-0.001222645048983395,-0.023717084899544716,0.00554831326007843,-0.024282686412334442,-0.08943737298250198,0.03439052775502205,0.023811496794223785,0.001703409245237708,0.0343937873840332,0.09873570501804352,-0.15466854406464,0.74587595045956,-1.3623592595905194,-0.002152003813534975,0.0004972659517079592,0.002554940525442362,0.021355245262384415,0.009972812607884407,-0.009298983961343765,0.0742502361536026,0.08479156345129013,0.07381495833396912,0.0033772939350456,0.0253372173756361,0.13472697138786316,-0.13275989155310924,0.3746003001859423,0.12648064681683052,0.0009538382291793823,0.0005831642774865031,4.646263550966978e-05,0.004153192508965731,0.07582774013280869,0.002296322025358677,-0.618430495262146,-0.4489325284957886,-0.2944602966308594,0.0011189489159733057,0.07597610354423523,0.8189648985862732,-1.0825212146540757,1.2921324091050916,-1.1185691272154787
-0.0003897834103554487,-0.0011468788143247366,-0.0070696547627449036,-0.8085422515869141,0.34540992975234985,-0.1222413182258606,0.14545145630836487,0.015359291806817055,-0.04296397045254707,0.007172675803303719,0.8876888751983643,0.1524399369955063,-1.48810665019476,1.3605643045130806,-1.0512067435585812,0.0005770245916210115,-0.0011618336429819465,-0.0010736952535808086,-0.02488815039396286,0.005336593836545944,-0.026213742792606354,-0.07343347370624542,0.009152115322649479,0.018040180206298828,0.0016839347081258893,0.036538466811180115,0.07616879045963287,-0.15466854406464,0.74587595045956,-1.3623592595905194,-0.0022535587195307016,0.000461505725979805,0.002548633376136422,0.03161993995308876,0.02204301208257675,-0.03433535248041153,0.08844932913780212,0.11965696513652802,0.05682946741580963,0.003433226840570569,0.05162006989121437,0.15928170084953308,-0.13275989155310924,0.3746003001859423,0.12648064681683052,0.0008758337935432792,0.0004684596206061542,0.00018136575818061829,0.0013438854366540909,0.08153018355369568,0.02305261604487896,-0.6165001392364502,-0.4511314034461975,-0.30226922035217285,0.0010096696205437183,0.08473724126815796,0.8215586543083191,-1.0825212146540757,1.2921324091050916,-1.1185691272154787
-0.0004564882256090641,-0.0011224648915231228,-0.007023004349321127,-0.8064866662025452,0.3531911075115204,-0.1092405617237091,0.15058988332748413,0.014395933598279953,-0.039962057024240494,0.007126773241907358,0.8871855139732361,0.15646572411060333,-1.48810665019476,1.3605643045130806,-1.0512067435585812,0.0006414194358512759,-0.001232893904671073,-0.0008765022503212094,-0.02339322119951248,0.005227352492511272,-0.029804319143295288,-0.06090555340051651,-0.010950678959488869,0.013525155372917652,0.001643077121116221,0.038247425109148026,0.06334298104047775,-0.15466854406464,0.74587595045956,-1.3623592595905194,-0.002420612145215273,0.0003916349378414452,0.0026050300803035498,0.047777991741895676,0.03415761515498161,-0.05059874802827835,0.09815847128629684,0.1435329020023346,0.046608008444309235,0.0035775580909103155,0.07752233743667603,0.18002523481845856,-0.13275989155310924,0.3746003001859423,0.12648064681683052,0.0008256009314209223,0.00038889117422513664,0.00032343421480618417,-0.0009576939046382904,0.08159992098808289,0.0420074425637722,-0.6171246767044067,-0.45342308282852173,-0.30764374136924744,0.0009682266972959042,0.0917828381061554,0.825275719165802,-1.0825212146540757,1.2921324091050916,-1.1185691272154787
-0.0005316394381225109,-0.0010833790292963386,-0.006978129036724567,-0.8052273392677307,0.36032864451408386,-0.09184497594833374,0.16031429171562195,0.012452512979507446,-0.03514733910560608,0.007081711199134588,0.8869404196739197,0.1645936667919159,-1.48810665019476,1.3605643045130806,-1.0512067435585812,0.0006829058984294534,-0.001299202674999833,-0.0006659970968030393,-0.018874049186706543,0.0045007020235061646,-0.03282735496759415,-0.051988448947668076,-0.025803912431001663,0.010311344638466835,0.0016117816558107734,0.038132939487695694,0.058948829770088196,-0.15484498042022748,0.7457324856192749,-1.362665439863368,-0.0026422212831676006,0.00028646562714129686,0.0026841505896300077,0.06547238677740097,0.046160340309143066,-0.05824188143014908,0.1041729524731636,0.1583680361509323,0.04213302955031395,0.0037773086223751307,0.09904305636882782,0.1941845417022705,-0.13275989155310924,0.3746003001859423,0.12648064681683052,0.0008182236924767494,0.00033404273563064635,0.00044514762703329325,-0.002483028918504715,0.07479079067707062,0.057474005967378616,-0.6194770336151123,-0.45573902130126953,-0.3112514913082123,0.0009895609691739082,0.09435617923736572,0.8296549916267395,-1.0825212146540757,1.2921324091050916,-1.1185691272154787
-0.0005901989061385393,-0.0010491758584976196,-0.006949437316507101,-0.8053297996520996,0.36498209834098816,-0.07243642210960388,0.17601799964904785,0.009212304838001728,-0.028111092746257782,0.007052927277982235,0.8871387243270874,0.17848651111125946,-1.48810665019476,1.3605643045130806,-1.0512067435585812,0.0006862238515168428,-0.0013684701407328248,-0.0005016762879677117,-0.012142190709710121,0.003082357347011566,-0.034347403794527054,-0.04639449715614319,-0.035929031670093536,0.008293399587273598,0.0016109911957755685,0.036560606211423874,0.059263184666633606,-0.15484498042022748,0.7457324856192749,-1.362665439863368,-0.0028907752130180597,0.00019367862842045724,0.0027390983887016773,0.08061928302049637,0.057446349412202835,-0.05955814570188522,0.10737047344446182,0.16631141304969788,0.04214775562286377,0.003987072966992855,0.11552802473306656,0.2023964822292328,-0.13275989155310924,0.3746003001859423,0.12648064681683052,0.0008659770828671753,0.000279194675385952,0.0005145012401044369,-0.0030704624950885773,0.06141461804509163,0.06798679381608963,-0.6226547360420227,-0.4578653872013092,-0.31348365545272827,0.0010452643036842346,0.09166999161243439,0.8340333700180054,-1.0825212146540757,1.2921324091050916,-1.1185691272154787
-0.0006112740375101566,-0.00104337593074888,-0.006957752164453268,-0.8068592548370361,0.3664679527282715,-0.053164392709732056,0.19897621870040894,0.004393977113068104,-0.018434256315231323,0.007062053773552179,0.8877764344215393,0.19987662136554718,-1.48810665019476,1.3605643045130806,-1.0512067435585812,0.0006559578469023108,-0.0014357164036482573,-0.0004343845648691058,-0.00496199494227767,0.0014476291835308075,-0.0348493792116642,-0.04360879585146904,-0.0421566367149353,0.007278779521584511,0.001637147506698966,0.0352306142449379,0.06108919531106949,-0.15484498042022748,0.7457324856192749,-1.362665439863368,-0.003123646602034569,0.00017058182856999338,0.002749557374045253,0.09118609130382538,0.06712456792593002,-0.0571434423327446,0.10857465863227844,0.1693754494190216,0.045264191925525665,0.004164892714470625,0.12683053314685822,0.2062167525291443,-0.13275989155310924,0.3746003001859423,0.12648064681683052,0.0009722009999677539,0.00020680685702245682,0.000513009203132242,-0.0025986358523368835,0.04318886250257492,0.07181710004806519,-0.6256402730941772,-0.45939603447914124,-0.3143754005432129,0.001118535757996142,0.08384346961975098,0.8374379873275757,-1.0825212146540757,1.2921324091050916,-1.1185691272154787
-0.0005835234187543392,-0.0010839251335710287,-0.007011309266090393,-0.8094847798347473,0.3650037944316864,-0.03605428338050842,0.23000016808509827,-0.0021768324077129364,-0.0058407261967659,0.007118556648492813,0.8887031674385071,0.2300846129655838,-1.48810665019476,1.3605643045130806,-1.0512067435585812,0.0006121256155893207,-0.001484895241446793,-0.000488834164571017,0.0003165649250149727,0.00043191760778427124,-0.03560660034418106,-0.04300973191857338,-0.04540830850601196,0.007041538134217262,0.0016788598150014877,0.0356106273829937,0.0629391297698021,-0.15484498042022748,0.7457324856192749,-1.362665439863368,-0.003294354537501931,0.00024572896654717624,0.0027264945674687624,0.09700197726488113,0.07500255107879639,-0.052430614829063416,0.10847867280244827,0.1692468523979187,0.04997750371694565,0.004283331334590912,0.13335567712783813,0.20714698731899261,-0.13275989155310924,0.3746003001859423,0.12648064681683052,0.0011258090380579233,0.0001247128238901496,0.00044195842929184437,-0.0010634735226631165,0.022915946319699287,0.06774390488862991,-0.6272441148757935,-0.45969244837760925,-0.31355735659599304,0.001215864554978907,0.0715227872133255,0.8384929895401001,-1.0825212146540757,1.2921324091050916,-1.1185691272154787
-0.0005082215648144484,-0.0011699923779815435,-0.007100226823240519,-0.8125886917114258,0.3614053726196289,-0.023256033658981323,0.2689429223537445,-0.010463766753673553,0.009594976902008057,0.007213902659714222,0.8896375894546509,0.2693173885345459,-1.48810665019476,1.3605643045130806,-1.0512067435585812,0.0005722875357605517,-0.001499564852565527,-0.0006607383256778121,0.0016231909394264221,0.0008409628644585609,-0.03800966590642929,-0.0439356192946434,-0.04655368998646736,0.00734243169426918,0.001735737081617117,0.03805360198020935,0.06443210691213608,-0.15484498042022748,0.7457324856192749,-1.362665439863368,-0.0033734331373125315,0.00041425327071920037,0.0027002585120499134,0.09890521317720413,0.08168070018291473,-0.04587216675281525,0.10761235654354095,0.16720378398895264,0.05461595952510834,0.004340858664363623,0.13622860610485077,0.2062048316001892,-0.13275989155310924,0.3746003001859423,0.12648064681683052,0.0013032503193244338,6.0009035223629326e-05,0.00031388143543154,0.0012571420520544052,0.004078392405062914,0.056583769619464874,-0.6260547041893005,-0.4578574299812317,-0.3102414608001709,0.0013418584130704403,0.05674448609352112,0.8353608250617981,-1.0825212146540757,1.2921324091050916,-1.1185691272154787
-0.00039920839481055737,-0.0012766437139362097,-0.007208596915006638,-0.8153029084205627,0.35716700553894043,-0.016407549381256104,0.3140442371368408,-0.020081065595149994,0.027182012796401978,0.007331647910177708,0.8902563452720642,0.3158573806285858,-1.48810665019476,1.3605643045130806,-1.0512067435585812,0.000542435678653419,-0.0014726740773767233,-0.0009264134569093585,-0.001665075309574604,0.0029638539999723434,-0.04282053932547569,-0.045704349875450134,-0.04633250832557678,0.007936371490359306,0.001822429010644555,0.042955271899700165,0.06556351482868195,-0.15484498042022748,0.7457324856192749,-1.362665439863368,-0.0033560828305780888,0.0006499176379293203,0.0027030152268707752,0.09855997562408447,0.08791336417198181,-0.03788987919688225,0.1063387542963028,0.16410523653030396,0.05725892633199692,0.004357978235930204,0.13739894330501556,0.20375731587409973,-0.13275989155310924,0.3746003001859423,0.12648064681683052,0.0014726539375260472,3.9948550693225116e-05,0.0001477017067372799,0.0038049817085266113,-0.009804561734199524,0.041450221091508865,-0.6204188466072083,-0.45273908972740173,-0.30324599146842957,0.001480581471696496,0.04276363179087639,0.8257423043251038,-1.0825212146540757,1.2921324091050916,-1.1185691272154787
-0.0002791981678456068,-0.0013637200463563204,-0.007322622463107109,-0.8166048526763916,0.35442039370536804,-0.015961766242980957,0.36160433292388916,-0.030224774032831192,0.045477017760276794,0.007453756406903267,0.8903437852859497,0.3657039403915405,-1.48810665019476,1.3605643045130806,-1.0512067435585812,0.0005171838565729558,-0.0014095382066443563,-0.0012531302636489272,-0.008559959009289742,0.006431242451071739,-0.04965628311038017,-0.047601018100976944,-0.04532245546579361,0.00856870412826538,0.001955661689862609,0.050797440111637115,0.06628276407718658,-0.15484498042022748,0.7457324856192749,-1.362665439863368,-0.0032541004475206137,0.0009205266833305359,0.0027500183787196875,0.09787191450595856,0.09415701031684875,-0.029132239520549774,0.10486847162246704,0.16042496263980865,0.055659037083387375,0.00435880059376359,0.1388997584581375,0.19957828521728516,-0.13275989155310924,0.3746003001859423,0.12648064681683052,0.001598908449523151,7.86917153163813e-05,-2.674752613529563e-05,0.00596719142049551,-0.016223648563027382,0.026335112750530243,-0.6084847450256348,-0.44298097491264343,-0.29107871651649475,0.0016010671388357878,0.03150162473320961,0.8069774508476257,-1.0825212146540757,1.2921324091050916,-1.1185691272154787
-0.00017600692808628082,-0.0013929128181189299,-0.00742705911397934,-0.8155816793441772,0.3553910553455353,-0.021037638187408447,0.40698373317718506,-0.03988741710782051,0.06265915930271149,0.0075585972517728806,0.8898981809616089,0.41370636224746704,-1.48810665019476,1.3605643045130806,-1.0512067435585812,0.00048156612319871783,-0.0013221800327301025,-0.0015995282446965575,-0.01756780780851841,0.010609215125441551,-0.05737785995006561,-0.04884811118245125,-0.04393783584237099,0.008965341374278069,0.002130388980731368,0.06093769147992134,0.06631024926900864,-0.15484498042022748,0.7457324856192749,-1.362665439863368,-0.0030929024796932936,0.0012008993653580546,0.0028343333397060633,0.0976807177066803,0.10027312487363815,-0.020098185166716576,0.10328447073698044,0.15631209313869476,0.04721001163125038,0.004363673739135265,0.14142191410064697,0.19320957362651825,-0.13275989155310924,0.3746003001859423,0.12648064681683052,0.0016545304097235203,0.0001788888475857675,-0.00017221481539309025,0.0073242937214672565,-0.014644787646830082,0.01447219867259264,-0.5883409380912781,-0.427145391702652,-0.2721003592014313,0.0016730601200833917,0.021853137761354446,0.7762969136238098,-1.0825212146540757,1.2921324091050916,-1.1185691272154787
-0.00011723185889422894,-0.0013422616757452488,-0.00750484736636281,-0.8118854761123657,0.3613475263118744,-0.029628843069076538,0.44651883840560913,-0.04826859384775162,0.07726061344146729,0.007624837104231119,0.8891613483428955,0.45571714639663696,-1.48810665019476,1.3605643045130806,-1.0512067435585812,0.0004183222772553563,-0.0012192288413643837,-0.001913722837343812,-0.02747385948896408,0.01496216095983982,-0.06488846242427826,-0.04857352375984192,-0.042446479201316833,0.00882224552333355,0.002307346323505044,0.07203604280948639,0.06510701030492783,-0.15484498042022748,0.7457324856192749,-1.362665439863368,-0.002916480414569378,0.0014714292483404279,0.002942134393379092,0.09732803702354431,0.10542531311511993,-0.010887009091675282,0.10157237201929092,0.1516675502061844,0.02900812402367592,0.0043962616473436356,0.1438950002193451,0.18482820689678192,-0.13275989155310924,0.3746003001859423,0.12648064681683052,0.0016312638763338327,0.00033718926715664566,-0.0002597217680886388,0.007745781913399696,-0.006711811758577824,0.007634452078491449,-0.5582883358001709,-0.40393489599227905,-0.24479949474334717,0.0016858747694641352,0.012780078686773777,0.7312838435173035,-1.0825212146540757,1.2921324091050916,-1.1185691272154787
-0.00012057111598551273,-0.0012143190251663327,-0.0075425258837640285,-0.8060526847839355,0.3717553913593292,-0.03917476534843445,0.4785161018371582,-0.05498884245753288,0.08855053782463074,0.00764060253277421,0.8885142803192139,0.48973730206489563,-1.48810665019476,1.3605643045130806,-1.0512067435585812,0.00032101955730468035,-0.0011016476200893521,-0.0021437318064272404,-0.03703100234270096,0.018982958048582077,-0.071316659450531,-0.045793477445840836,-0.04099626839160919,0.007800271734595299,0.00243151537142694,0.08256944268941879,0.06195628270506859,-0.15484498042022748,0.7457324856192749,-1.362665439863368,-0.002777520567178726,0.0017091096378862858,0.003070042235776782,0.09539049863815308,0.10824543237686157,-0.0014283382333815098,0.09965396672487259,0.14623203873634338,-0.0019383220933377743,0.004478932358324528,0.14428603649139404,0.17697028815746307,-0.13275989155310924,0.3746003001859423,0.12648064681683052,0.0015420106938108802,0.000539011845830828,-0.0002783458330668509,0.007351619191467762,0.004284532740712166,0.00622661504894495,-0.5172854661941528,-0.3725408911705017,-0.20821014046669006,0.001657047774642706,0.01054392009973526,0.6706135272979736,-1.0825212146540757,1.2921324091050916,-1.1185691272154787
-0.00018658186309039593,-0.0010360543383285403,-0.00753288296982646,-0.7992874383926392,0.3845450282096863,-0.04739055037498474,0.5029117465019226,-0.06001851335167885,0.0964168906211853,0.007606086321175098,0.8882461190223694,0.5155760645866394,-1.48810665019476,1.3605643045130806,-1.0512067435585812,0.00019968824926763773,-0.0009693457395769656,-0.0022553452290594578,-0.04466264322400093,0.022056754678487778,-0.07575070858001709,-0.03942866250872612,-0.03964507579803467,0.005531810224056244,0.002462943084537983,0.09066102653741837,0.05618676170706749,-0.15484498042022748,0.7457324856192749,-1.362665439863368,-0.0027115847915410995,0.0018877587281167507,0.0032217679545283318,0.09025347977876663,0.10717037320137024,0.008023489266633987,0.09742438793182373,0.1396869271993637,-0.04829220473766327,0.004614771343767643,0.1403408646583557,0.17702001333236694,-0.13275989155310924,0.3746003001859423,0.12648064681683052,0.0014133937656879425,0.0007511021685786545,-0.0002334572491236031,0.006441290024667978,0.01428966037929058,0.009496304206550121,-0.4655945897102356,-0.33314353227615356,-0.16249968111515045,0.0016175101045519114,0.01832660287618637,0.5951210260391235,-1.0825212146540757,1.2921324091050916,-1.1185691272154787
-0.000300633255392313,-0.000850612879730761,-0.007477890700101852,-0.7929786443710327,0.39699530601501465,-0.052969127893447876,0.5205959677696228,-0.06353617459535599,0.10112863779067993,0.007532116025686264,0.8883839845657349,0.5341198444366455,-1.48810665019476,1.3605643045130806,-1.0512067435585812,7.447623647749424e-05,-0.0008298041066154838,-0.002243270631879568,-0.04902304708957672,0.023650646209716797,-0.0773603618144989,-0.028374549001455307,-0.038390882313251495,0.0016462430357933044,0.0023929865565150976,0.09458984434604645,0.04776698723435402,-0.15484498042022748,0.7457324856192749,-1.362665439863368,-0.0027234177105128765,0.0019883255008608103,0.003390689380466938,0.08016625791788101,0.1008029580116272,0.01676885038614273,0.09479374438524246,0.1317729353904724,-0.11170464754104614,0.004781967960298061,0.12988093495368958,0.19704793393611908,-0.13275989155310924,0.3746003001859423,0.12648064681683052,0.0012771537294611335,0.0009277159697376192,-0.00014331360580399632,0.005412600934505463,0.01958511769771576,0.015737716108560562,-0.40564680099487305,-0.28757408261299133,-0.10974112153053284,0.0015850291820243,0.025701144710183144,0.5092065334320068,-1.0825212146540757,1.2921324091050916,-1.1185691272154787
-0.0004410301335155964,-0.0007051444263197482,-0.007392121944576502,-0.7884650230407715,0.4062137305736542,-0.05566573143005371,0.5329201817512512,-0.06577903032302856,0.1030198484659195,0.00743876351043582,0.8886986970901489,0.5467575788497925,-1.4892088921412463,1.3606791537273557,-1.0524308669239921,-3.282376565039158e-05,-0.000698205316439271,-0.0021330444142222404,-0.049738675355911255,0.02361234650015831,-0.0758465826511383,-0.01164768636226654,-0.03720033913850784,-0.004178076982498169,0.0022446485236287117,0.09372396767139435,0.039204467087984085,-0.15484498042022748,0.7457324856192749,-1.362665439863368,-0.002791640581563115,0.0020111585035920143,0.003553764894604683,0.06361433863639832,0.08805632591247559,0.02427290380001068,0.09173531830310822,0.12243099510669708,-0.19181665778160095,0.004946439061313868,0.11130981892347336,0.24535351991653442,-0.13275989155310924,0.3746003001859423,0.12648064681683052,0.0011640230659395456,0.0010296679101884365,-3.4403696190565825e-05,0.004639915190637112,0.017925815656781197,0.022814206779003143,-0.3424729108810425,-0.2396455854177475,-0.05429951846599579,0.001554461196064949,0.029382847249507904,0.42150458693504333,-1.0825212146540757,1.2921324091050916,-1.1185691272154787
-0.0005757252220064402,-0.000640633050352335,-0.007298019714653492,-0.786566972732544,0.4099857211112976,-0.05724656581878662,0.5411757230758667,-0.06712889671325684,0.10296966135501862,0.007348670624196529,0.8888493180274963,0.5549596548080444,-1.4892088921412463,1.3606791537273557,-1.0524308669239921,-0.00010626524453982711,-0.0005902660777792335,-0.0019718415569514036,-0.047420620918273926,0.0221874937415123,-0.07152669131755829,0.011369955725967884,-0.036035723984241486,-0.012128258123993874,0.002061035018414259,0.08864010125398636,0.03968556225299835,-0.15484498042022748,0.7457324856192749,-1.362665439863368,-0.00288047781214118,0.001979560125619173,0.0036836627405136824,0.04026264324784279,0.0682225450873375,0.030929764732718468,0.08834142982959747,0.11197066307067871,-0.2849212884902954,0.005077911075204611,0.08504144102334976,0.3186248242855072,-0.13275989155310924,0.3746003001859423,0.12648064681683052,0.001097341300919652,0.0010411801049485803,6.713386392220855e-05,0.0043470598757267,0.009175358340144157,0.028937287628650665,-0.2823706865310669,-0.19414326548576355,-0.001666337251663208,0.0015141733456403017,0.030666770413517952,0.3426770865917206,-1.0825212146540757,1.2921324091050916,-1.1185691272154787
-0.0006769692990928888,-0.000674689537845552,-0.00721456203609705,-0.7875239849090576,0.40733659267425537,-0.059430092573165894,0.5465189218521118,-0.06781715899705887,0.10147993266582489,0.0072775958105921745,0.888621985912323,0.5599823594093323,-1.4892088921412463,1.3606791537273557,-1.0524308669239921,-0.00014208679203875363,-0.0005149979260750115,-0.001805899664759636,-0.04311492294073105,0.019817329943180084,-0.06512127816677094,0.04057053476572037,-0.034880463033914566,-0.02213161811232567,0.001883264514617622,0.08057545870542526,0.057900119572877884,-0.15484498042022748,0.7457324856192749,-1.362665439863368,-0.0029572308994829655,0.0019266130402684212,0.003764478489756584,0.011391454376280308,0.041036393493413925,0.03817848116159439,0.08485224097967148,0.10115566104650497,-0.3832990825176239,0.005160266533493996,0.057195693254470825,0.40540173649787903,-0.13275989155310924,0.3746003001859423,0.12648064681683052,0.0010872541461139917,0.0009714073967188597,0.00014253269182518125,0.004558030515909195,-0.004989101551473141,0.03319850564002991,-0.23035277426242828,-0.1548876315355301,0.043779246509075165,0.0014649468939751387,0.03387930989265442,0.2810145914554596,-1.0825212146540757,1.2921324091050916,-1.1185691272154787
-0.0007198040839284658,-0.0007967694546096027,-0.007151628844439983,-0.7906715869903564,0.3993510603904724,-0.06370773911476135,0.5496525168418884,-0.06805483996868134,0.09924778342247009,0.007231787778437138,0.8880887031555176,0.5626717209815979,-1.4892088921412463,1.3606791537273557,-1.0524308669239921,-0.00014568830374628305,-0.0004728695494122803,-0.0016591115854680538,-0.037921398878097534,0.016997577622532845,-0.05759966000914574,0.07463447004556656,-0.033763986080884933,-0.0336882546544075,0.0017313237767666578,0.07102584838867188,0.08857318758964539,-0.15484498042022748,0.7457324856192749,-1.362665439863368,-0.003007783554494381,0.0018732798052951694,0.003797053126618266,-0.020865144208073616,0.006790815852582455,0.04796462878584862,0.08158474415540695,0.09098245203495026,-0.4772956073284149,0.005193606950342655,0.052745379507541656,0.4926915764808655,-0.13275989155310924,0.3746003001859423,0.12648064681683052,0.001130574382841587,0.0008444222621619701,0.00018344970885664225,0.005144445225596428,-0.02196452021598816,0.03555382415652275,-0.1888170689344406,-0.12372322380542755,0.0799388736486435,0.0014229902299121022,0.04210676997900009,0.23947764933109283,-1.0825212146540757,1.2921324091050916,-1.1185691272154787
-0.0006931684911251068,-0.0009721052483655512,-0.007112087681889534,-0.7948685884475708,0.38849422335624695,-0.07024368643760681,0.5507376790046692,-0.06797543168067932,0.09704644978046417,0.00721160601824522,0.8875122666358948,0.5633388757705688,-1.4892088921412463,1.3606791537273557,-1.0524308669239921,-0.00012108849477954209,-0.00046009273501113057,-0.0015293244505301118,-0.03298886492848396,0.014242686331272125,-0.04996373504400253,0.11078651249408722,-0.032774120569229126,-0.045788250863552094,0.0016016182489693165,0.06154262274503708,0.1242753341794014,-0.15484498042022748,0.7457324856192749,-1.362665439863368,-0.003036394016817212,0.0018167379312217236,0.0037910721730440855,-0.05465572327375412,-0.03329218551516533,0.06203363835811615,0.07879316806793213,0.0822465717792511,-0.55929034948349,0.005185793619602919,0.08912794291973114,0.5707701444625854,-0.13275989155310924,0.3746003001859423,0.12648064681683052,0.001214539515785873,0.00069019990041852,0.00019231060286983848,0.005866984836757183,-0.0390336811542511,0.03642862290143967,-0.15811249613761902,-0.10071900486946106,0.10654623061418533,0.001410129596479237,0.05371307581663132,0.21562926471233368,-1.0820994709385634,1.2920535455640223,-1.1172192237491005
-0.0006051270756870508,-0.0011563869193196297,-0.007095028646290302,-0.7990137338638306,0.37740421295166016,-0.07816526293754578,0.5493260622024536,-0.06762881577014923,0.09576444327831268,0.007214072626084089,0.887111485004425,0.5616970658302307,-1.4892088921412463,1.3606791537273557,-1.0524308669239921,-6.732606561854482e-05,-0.00047188549069687724,-0.001401000889018178,-0.02958713099360466,0.01206853985786438,-0.04300040006637573,0.14554451406002045,-0.03203278407454491,-0.057172223925590515,0.0014798690099269152,0.05357315018773079,0.15961819887161255,-0.15484498042022748,0.7457324856192749,-1.362665439863368,-0.003053473774343729,0.001737515558488667,0.0037541049532592297,-0.08915463835000992,-0.076887346804142,0.08142799139022827,0.07659529894590378,0.07531477510929108,-0.6257544159889221,0.005141591653227806,0.1431458443403244,0.6349076628684998,-0.13275989155310924,0.3746003001859423,0.12648064681683052,0.0013171847676858306,0.0005449482123367488,0.0001759256119839847,0.0066307466477155685,-0.053918249905109406,0.03632644936442375,-0.13689953088760376,-0.08535542339086533,0.12468646466732025,0.0014362778747454286,0.06535101681947708,0.2038964033126831,-1.0820994709385634,1.2920535455640223,-1.1172192237491005
-0.0004786520730704069,-0.001311429892666638,-0.007097908295691013,-0.8023583292961121,0.36798331141471863,-0.08644190430641174,0.5443413257598877,-0.06698218733072281,0.0964425802230835,0.007233896292746067,0.8869401216506958,0.5568619966506958,-1.4892088921412463,1.3606791537273557,-1.0524308669239921,1.6788195353001356e-05,-0.000501988164614886,-0.001262523466721177,-0.028895888477563858,0.010896945372223854,-0.03708694875240326,0.17615142464637756,-0.031645189970731735,-0.06683015823364258,0.0013587638968601823,0.04826134815812111,0.19104191660881042,-0.15484498042022748,0.7457324856192749,-1.362665439863368,-0.0030659674666821957,0.001615587156265974,0.0036910937633365393,-0.12479600310325623,-0.12097932398319244,0.10620871186256409,0.07499514520168304,0.07019729912281036,-0.6765440106391907,0.005063047632575035,0.2036917507648468,0.6842979788780212,-0.13275989155310924,0.3746003001859423,0.12648064681683052,0.001414548372849822,0.0004370627866592258,0.00014339591143652797,0.007287224754691124,-0.0654313936829567,0.035707082599401474,-0.12360085546970367,-0.07618395239114761,0.13578060269355774,0.0014874585904181004,0.0748957023024559,0.19879017770290375,-1.0820994709385634,1.2920535455640223,-1.1172192237491005
-0.0003440433647483587,-0.0014135462697595358,-0.0071169668808579445,-0.8045517206192017,0.3611755073070526,-0.09438022971153259,0.5341209173202515,-0.06592787057161331,0.10029008984565735,0.0072641377337276936,0.8869379162788391,0.5474392771720886,-1.4892088921412463,1.3606791537273557,-1.0524308669239921,0.00012841590796597302,-0.0005435082712210715,-0.0011141325812786818,-0.03136873617768288,0.01085362583398819,-0.032144222408533096,0.20130911469459534,-0.031667448580265045,-0.07426559925079346,0.001246267813257873,0.046206600964069366,0.21689528226852417,-0.15484498042022748,0.7457324856192749,-1.362665439863368,-0.0030753680039197206,0.0014394897734746337,0.0036101643927395344,-0.16267216205596924,-0.16253961622714996,0.13523678481578827,0.0739295557141304,0.06669443100690842,-0.7134962677955627,0.0049561383202672005,0.2667776942253113,0.7204101085662842,-0.13275989155310924,0.3746003001859423,0.12648064681683052,0.0014823514502495527,0.0003814201336354017,0.00010285945609211922,0.007788073271512985,-0.07386478036642075,0.035089075565338135,-0.11633235216140747,-0.07175399363040924,0.14149518311023712,0.0015340883983299136,0.08214562386274338,0.1967301219701767,-1.0820994709385634,1.2920535455640223,-1.1172192237491005
-0.00023347977548837662,-0.0014552287757396698,-0.0071447161026299,-0.805537223815918,0.35719382762908936,-0.10162824392318726,0.5165387392044067,-0.06429795920848846,0.10865750908851624,0.0072951470501720905,0.8870208263397217,0.531745195388794,-1.4892088921412463,1.3606791537273557,-1.0524308669239921,0.00025827137869782746,-0.0005879197269678116,-0.0009622829384170473,-0.03616940975189209,0.01165794488042593,-0.028094936162233353,0.2209363877773285,-0.03203848749399185,-0.0793570801615715,0.0011568673653528094,0.04725949093699455,0.23693227767944336,-0.1545249883074385,0.7454500744746236,-1.3626293542189625,-0.0030857999809086323,0.0012107233051210642,0.0035165096633136272,-0.2031908631324768,-0.19902057945728302,0.16652455925941467,0.07377822697162628,0.06272193044424057,-0.73944091796875,0.004832582548260689,0.3295848071575165,0.7457547187805176,-0.13235705033139475,0.3735101827802919,0.12387423032063485,0.0015018620761111379,0.0003750576579477638,6.215594476088881e-05,0.008141053840517998,-0.08082827180624008,0.03507691249251366,-0.11334194242954254,-0.07066532969474792,0.14340785145759583,0.001549232518300414,0.08848658949136734,0.1959739774465561,-1.0820994709385634,1.2920535455640223,-1.1172192237491005
-0.00017337175086140633,-0.0014465302228927612,-0.0071700518019497395,-0.8055045008659363,0.3556455671787262,-0.108090341091156,0.4892439842224121,-0.06188865378499031,0.1229410171508789,0.007316566538065672,0.8871328830718994,0.5082365274429321,-1.4892088921412463,1.3606791537273557,-1.0524308669239921,0.0003883648896589875,-0.0006208983832038939,-0.0008138637058436871,-0.04139091074466705,0.01280912384390831,-0.02533155493438244,0.23551149666309357,-0.032831013202667236,-0.08244959264993668,0.0010948589770123363,0.05018932744860649,0.25167733430862427,-0.1545249883074385,0.7454500744746236,-1.3626293542189625,-0.0030910808127373457,0.0009254873730242252,0.0034320219419896603,-0.245919868350029,-0.2294294685125351,0.1963723599910736,0.07349976897239685,0.06148326396942139,-0.7569614052772522,0.004710634704679251,0.38945674896240234,0.7630026340484619,-0.13235705033139475,0.3735101827802919,0.12387423032063485,0.0014656538842245936,0.0004015922313556075,2.5604211259633303e-05,0.008390214294195175,-0.08858557790517807,0.03624797612428665,-0.11318182200193405,-0.07167655229568481,0.1428697109222412,0.0015198924811556935,0.09608182311058044,0.19585557281970978,-1.0820994709385634,1.2920535455640223,-1.1172192237491005
-0.0001751217059791088,-0.001413401449099183,-0.007184495218098164,-0.8048616647720337,0.3555530607700348,-0.11409035325050354,0.4500579237937927,-0.05849669501185417,0.14439071714878082,0.00732429837808013,0.8872637152671814,0.4762590527534485,-1.4892088921412463,1.3606791537273557,-1.0524308669239921,0.0005011376924812794,-0.0006240818765945733,-0.0006786913727410138,-0.04484705626964569,0.01372098084539175,-0.024430569261312485,0.24583923816680908,-0.03387327864766121,-0.08387821912765503,0.0010493993759155273,0.052880775183439255,0.2619539797306061,-0.1545249883074385,0.7454500744746236,-1.3626293542189625,-0.003099546069279313,0.0006073898985050619,0.0033613035921007395,-0.28914639353752136,-0.2537723481655121,0.22219356894493103,0.07344953715801239,0.06096002832055092,-0.768467128276825,0.004612425807863474,0.44427022337913513,0.7743724584579468,-0.13235705033139475,0.3735101827802919,0.12387423032063485,0.0013787734787911177,0.0004386387299746275,-9.528303053230047e-06,0.008595828898251057,-0.0992577075958252,0.03898708522319794,-0.11478724330663681,-0.07374126464128494,0.14095067977905273,0.001446896931156516,0.10698585957288742,0.19616569578647614,-1.0820994709385634,1.2920535455640223,-1.1172192237491005
-0.00023298244923353195,-0.001385602867230773,-0.00718829408288002,-0.8040532469749451,0.35567140579223633,-0.1206991970539093,0.39757484197616577,-0.053972575813531876,0.1737949401140213,0.007324325852096081,0.8874525427818298,0.43724533915519714,-1.4892088921412463,1.3606791537273557,-1.0524308669239921,0.000586572801694274,-0.0005849572480656207,-0.0005742862122133374,-0.044885825365781784,0.013880490325391293,-0.02534722536802292,0.25261127948760986,-0.03497369959950447,-0.08413592725992203,0.0010079917265102267,0.05338433384895325,0.2685413956642151,-0.1545249883074385,0.7454500744746236,-1.3626293542189625,-0.0031062779016792774,0.0002844168047886342,0.0033104801550507545,-0.3315731883049011,-0.27354180812835693,0.2420313060283661,0.07354158163070679,0.06091023609042168,-0.775360643863678,0.004548531025648117,0.4933001697063446,0.7812186479568481,-0.13235705033139475,0.3735101827802919,0.12387423032063485,0.0012550794053822756,0.00046305390424095094,-5.1467271987348795e-05,0.008828260935842991,-0.11410905420780182,0.04324041306972504,-0.11749100685119629,-0.07599779963493347,0.13843952119350433,0.0013387651415541768,0.12234601378440857,0.19683825969696045,-1.0820994709385634,1.2920535455640223,-1.1172192237491005
-0.00032923673279583454,-0.0013825222849845886,-0.007189249154180288,-0.8033297061920166,0.355004221200943,-0.12969854474067688,0.3320055305957794,-0.04829391464591026,0.21101811528205872,0.007328374311327934,0.8877997398376465,0.39634406566619873,-1.4892088921412463,1.3606791537273557,-1.0524308669239921,0.0006464213947765529,-0.000505298376083374,-0.0005225958884693682,-0.04071303457021713,0.012934711761772633,-0.027399256825447083,0.25621044635772705,-0.035842642188072205,-0.083780437707901,0.0009727762080729008,0.05075014382600784,0.2719331681728363,-0.1545249883074385,0.7454500744746236,-1.3626293542189625,-0.0030915108509361744,-1.4170131180435419e-05,0.003270490560680628,-0.3732832670211792,-0.290979266166687,0.25524818897247314,0.0737035870552063,0.061163634061813354,-0.7778902053833008,0.004500416573137045,0.5377368927001953,0.7837642431259155,-0.13235705033139475,0.3735101827802919,0.12387423032063485,0.0011116708628833294,0.00045263246283866465,-0.00010913959704339504,0.009189585223793983,-0.1331324726343155,0.048165611922740936,-0.12099659442901611,-0.07773452997207642,0.1358761042356491,0.0012052383972331882,0.14187540113925934,0.19785133004188538,-1.0820994709385634,1.2920535455640223,-1.1172192237491005
-0.0004416038282215595,-0.0014109814073890448,-0.007195122539997101,-0.8025983572006226,0.3532698452472687,-0.14302197098731995,0.25628605484962463,-0.04166135936975479,0.2543802261352539,0.007345452439039946,0.8884925842285156,0.36349350214004517,-1.4892088921412463,1.3606791537273557,-1.0524308669239921,0.0006915676640346646,-0.0004035077290609479,-0.0005408859578892589,-0.032233402132987976,0.010766440071165562,-0.03004041686654091,0.2565635144710541,-0.03607217222452164,-0.08342297375202179,0.0009662514785304666,0.04535785689949989,0.27218639850616455,-0.1545249883074385,0.7454500744746236,-1.3626293542189625,-0.003026067279279232,-0.00026598660042509437,0.0032132514752447605,-0.4155614376068115,-0.30797162652015686,0.26250264048576355,0.07387596368789673,0.061624523252248764,-0.7750022411346436,0.0044218567200005054,0.5800392031669617,0.7809505462646484,-0.13235705033139475,0.3735101827802919,0.12387423032063485,0.0009625767124816775,0.00038831596611998975,-0.00018611838459037244,0.009824085049331188,-0.15506738424301147,0.05205296352505684,-0.12532413005828857,-0.07834981381893158,0.13359874486923218,0.0010545061668381095,0.16386555135250092,0.19923216104507446,-1.0820994709385634,1.2920535455640223,-1.1172192237491005
-0.0005502412095665932,-0.0014701647451147437,-0.0072072409093379974,-0.8014154434204102,0.3511078655719757,-0.16200649738311768,0.17663252353668213,-0.0345480814576149,0.3003450632095337,0.007376209832727909,0.8898255825042725,0.3501425087451935,-1.4892088921412463,1.3606791537273557,-1.0524308669239921,0.0007339169387705624,-0.00030851230258122087,-0.0006335731595754623,-0.019588008522987366,0.007480122148990631,-0.03365341201424599,0.2530654966831207,-0.03512196987867355,-0.08372925966978073,0.001017461996525526,0.03965090960264206,0.2688610851764679,-0.1545249883074385,0.7454500744746236,-1.3626293542189625,-0.0028895719442516565,-0.0004609999596141279,0.0031029218807816505,-0.45905259251594543,-0.3254046142101288,0.2653334438800812,0.07400858402252197,0.06226745992898941,-0.764298141002655,0.004265005700290203,0.6221087574958801,0.7703934907913208,-0.13235705033139475,0.3735101827802919,0.12387423032063485,0.0008167553460225463,0.00026114715728908777,-0.00027479417622089386,0.010854348540306091,-0.17781107127666473,0.05302153900265694,-0.13073591887950897,-0.07732149958610535,0.13179495930671692,0.0009004437597468495,0.18586520850658417,0.2010979950428009,-1.0820994709385634,1.2920535455640223,-1.1172192237491005
-0.000640316866338253,-0.001551458379253745,-0.007218990474939346,-0.7992144227027893,0.3497128188610077,-0.1868513524532318,0.10087291896343231,-0.02756066806614399,0.3444734215736389,0.0074115353636443615,0.8921637535095215,0.35999566316604614,-1.4892088921412463,1.3606791537273557,-1.0524308669239921,0.0007767535280436277,-0.0002444896090310067,-0.000786264194175601,-0.0025873412378132343,0.003296865150332451,-0.03997591882944107,0.24457910656929016,-0.032320261001586914,-0.08542008697986603,0.0011319596087560058,0.04019499570131302,0.2610749304294586,-0.1545249883074385,0.7454500744746236,-1.3626293542189625,-0.0026894353795796633,-0.0006022608722560108,0.002917152363806963,-0.5013142228126526,-0.3437666594982147,0.2655866742134094,0.0740581750869751,0.06312773376703262,-0.7421213984489441,0.004013173282146454,0.6633458733558655,0.7484744191169739,-0.13235705033139475,0.3735101827802919,0.12387423032063485,0.0006823410512879491,8.019726374186575e-05,-0.00035630323691293597,0.012268845923244953,-0.19914843142032623,0.050246670842170715,-0.1376422643661499,-0.07419946789741516,0.1305476874113083,0.0007739334250800312,0.2057555466890335,0.20369991660118103,-1.0820994709385634,1.2920535455640223,-1.1172192237491005
-0.0007016805466264486,-0.00163530302233994,-0.0072174351662397385,-0.7956367135047913,0.35012286901474,-0.2165549397468567,0.03524225950241089,-0.02117166854441166,0.38324683904647827,0.0074335685931146145,0.895834743976593,0.3854457139968872,-1.4892088921412463,1.3606791537273557,-1.0524308669239921,0.0008137550321407616,-0.00021710303553845733,-0.0009646425023674965,0.019513322040438652,-0.0015228651463985443,-0.05204731971025467,0.22952032089233398,-0.02689090184867382,-0.08925718814134598,0.001280572614632547,0.05560586601495743,0.24772876501083374,-0.1545249883074385,0.7454500744746236,-1.3626293542189625,-0.002462476957589388,-0.0007032218854874372,0.0026603988371789455,-0.536107063293457,-0.3644059896469116,0.2647550106048584,0.07398553192615509,0.06428737938404083,-0.7038221955299377,0.003692700294777751,0.7002126574516296,0.7106140851974487,-0.13235705033139475,0.3735101827802919,0.12387423032063485,0.0005680459435097873,-0.00012689891445916146,-0.0004067971894983202,0.013872445560991764,-0.21744641661643982,0.044655151665210724,-0.14648237824440002,-0.0686320886015892,0.12987247109413147,0.0007101151277311146,0.22241733968257904,0.2074471265077591,-1.0820994709385634,1.2920535455640223,-1.1172192237491005
-0.0007310251239687204,-0.0016934836748987436,-0.007189230527728796,-0.7907073497772217,0.3528011739253998,-0.24905285239219666,-0.017284870147705078,-0.015588056296110153,0.4150046706199646,0.007422083057463169,0.9009518027305603,0.4156568646430969,-1.4892088921412463,1.3606791537273557,-1.0524308669239921,0.0008370632422156632,-0.0002156309928977862,-0.001123370137065649,0.04754658043384552,-0.006662275642156601,-0.07342453300952911,0.20605507493019104,-0.018021024763584137,-0.09599940478801727,0.0014174384996294975,0.08772813528776169,0.2280336320400238,-0.1545249883074385,0.7454500744746236,-1.3626293542189625,-0.0022584539838135242,-0.0007815203280188143,0.002356543205678463,-0.5552874803543091,-0.39013907313346863,0.26338231563568115,0.07375515252351761,0.06585617363452911,-0.6442763805389404,0.0033562902826815844,0.727958083152771,0.6518197059631348,-0.13235705033139475,0.3735101827802919,0.12387423032063485,0.00047708515194244683,-0.0003202335210517049,-0.000407054292736575,0.015351015143096447,-0.23184563219547272,0.0384734570980072,-0.15757378935813904,-0.06043614447116852,0.1297437697649002,0.0007041682838462293,0.2355169951915741,0.21287430822849274,-1.0820994709385634,1.2920535455640223,-1.1172192237491005
-0.0007329578511416912,-0.0016989998985081911,-0.0071319714188575745,-0.7849644422531128,0.3574163317680359,-0.2811260521411896,-0.056402236223220825,-0.01086705643683672,0.4396025836467743,0.007368096616119146,0.907164454460144,0.4433393180370331,-1.4891148420164255,1.3607500368365737,-1.0527532893709866,0.0008424603147432208,-0.00022497799363918602,-0.0012219115160405636,0.08153916150331497,-0.01171962358057499,-0.10665889084339142,0.17243696749210358,-0.004984418861567974,-0.10631343722343445,0.0015011403011158109,0.1347668468952179,0.20263735949993134,-0.1545249883074385,0.7454500744746236,-1.3626293542189625,-0.0021203886717557907,-0.000848928582854569,0.002032306045293808,-0.5522014498710632,-0.42499348521232605,0.2613140344619751,0.07333715260028839,0.06794584542512894,-0.5587496161460876,0.00305728567764163,0.744198203086853,0.5676231980323792,-0.13235705033139475,0.3735101827802919,0.12387423032063485,0.0004024110094178468,-0.00045534950913861394,-0.0003547525848262012,0.01636434532701969,-0.2420392483472824,0.03437182307243347,-0.17092189192771912,-0.049716413021087646,0.13010947406291962,0.0007036527385935187,0.2450147271156311,0.22048693895339966,-1.0820994709385634,1.2920535455640223,-1.1172192237491005
-0.0007172354962676764,-0.0016400618478655815,-0.007059607654809952,-0.7786445617675781,0.3643530309200287,-0.30887964367866516,-0.08350898325443268,-0.006840638816356659,0.4577309489250183,0.00728301377967,0.9134807586669922,0.4653366208076477,-1.4891148420164255,1.3607500368365737,-1.0527532893709866,0.0008282235357910395,-0.0002298144536325708,-0.001239238539710641,0.12030430138111115,-0.016351990401744843,-0.15162526071071625,0.12752240896224976,0.012663101777434349,-0.12062417715787888,0.0015081382589414716,0.19424399733543396,0.17599008977413177,-0.1545249883074385,0.7454500744746236,-1.3626293542189625,-0.0020681037567555904,-0.000903676322195679,0.0017112130299210548,-0.5254688262939453,-0.4727794826030731,0.2589738965034485,0.07271230965852737,0.07063576579093933,-0.44420748949050903,0.0028323018923401833,0.7527983784675598,0.4556279182434082,-0.13235705033139475,0.3735101827802919,0.12387423032063485,0.0003313232446089387,-0.0004955741460435092,-0.0002683610946405679,0.016612250357866287,-0.24814780056476593,0.03486885130405426,-0.18598519265651703,-0.03703809157013893,0.1308942586183548,0.000653748051263392,0.2511356770992279,0.23042486608028412,-1.0820994709385634,1.2920535455640223,-1.1172192237491005
-0.0006921428721398115,-0.0015263461973518133,-0.006990061607211828,-0.7725292444229126,0.3730270564556122,-0.32791030406951904,-0.10064806044101715,-0.00348493829369545,0.4703998565673828,0.00718816788867116,0.9184094071388245,0.4810594618320465,-1.4891148420164255,1.3607500368365737,-1.0527532893709866,0.0007909034029580653,-0.00021251582074910402,-0.0011767204850912094,0.16226781904697418,-0.020630020648241043,-0.20488686859607697,0.07149416953325272,0.0348031111061573,-0.13889196515083313,0.001433653524145484,0.26217374205589294,0.1600426584482193,-0.1545249883074385,0.7454500744746236,-1.3626293542189625,-0.002091958187520504,-0.0009360279655084014,0.0014198895078152418,-0.4804288148880005,-0.534656822681427,0.25804033875465393,0.07188108563423157,0.07392790168523788,-0.30115774273872375,0.0026960198301821947,0.7637110352516174,0.3183209300041199,-0.13235705033139475,0.3735101827802919,0.12387423032063485,0.0002580641012173146,-0.0004294422979000956,-0.00017055661010090262,0.015960875898599625,-0.25122618675231934,0.04150310158729553,-0.20155727863311768,-0.023511821404099464,0.13200154900550842,0.0005292516434565187,0.2551310658454895,0.24207964539527893,-1.0820994709385634,1.2920535455640223,-1.1172192237491005
-0.0006599335465580225,-0.0013838766608387232,-0.006928781513124704,-0.7672848701477051,0.3828139901161194,-0.3348652720451355,-0.11005698144435883,-0.0008470248430967331,0.47854000329971313,0.007096381857991219,0.9205473065376282,0.4910334050655365,-1.4891148420164255,1.3607500368365737,-1.0527532893709866,0.0007199991378001869,-0.00015767627337481827,-0.001045519718900323,0.20615360140800476,-0.02512044832110405,-0.2604864239692688,0.006809521466493607,0.060382481664419174,-0.16031017899513245,0.0012792075285688043,0.33314189314842224,0.1714402735233307,-0.1545249883074385,0.7454500744746236,-1.3626293542189625,-0.0021659296471625566,-0.0009503053734079003,0.0011904260609298944,-0.4261535704135895,-0.6086875200271606,0.2603376507759094,0.0708770677447319,0.07768978178501129,-0.1360677033662796,0.0026479135267436504,0.7873265147209167,0.17196999490261078,-0.13235705033139475,0.3735101827802919,0.12387423032063485,0.00019139971118420362,-0.00027596295694820583,-7.098252535797656e-05,0.014608842320740223,-0.25412023067474365,0.05382256954908371,-0.21609549224376678,-0.01050732284784317,0.1333342045545578,0.0003432607336435467,0.2601679861545563,0.2541370987892151,-1.0820994709385634,1.2920535455640223,-1.1172192237491005
-0.0006134051363915205,-0.0012427199399098754,-0.006871828809380531,-0.7636436820030212,0.39227160811424255,-0.3290748596191406,-0.11374492943286896,0.0008507128804922104,0.48272478580474854,0.007010181900113821,0.9194123148918152,0.49594542384147644,-1.4891148420164255,1.3607500368365737,-1.0527532893709866,0.0006016287952661514,-6.182889046613127e-05,-0.0008593997335992754,0.25010615587234497,-0.030434876680374146,-0.3110848665237427,-0.06131961569190025,0.08722826838493347,-0.1831541806459427,0.0010508795967325568,0.4003163278102875,0.21192999184131622,-0.1545249883074385,0.7454500744746236,-1.3626293542189625,-0.0022617026697844267,-0.000980467302724719,0.0010427432134747505,-0.37145084142684937,-0.6910610198974609,0.26635873317718506,0.06977298855781555,0.0816260352730751,0.0374256856739521,0.0026765516959130764,0.8285457491874695,0.11371789872646332,-0.13235705033139475,0.3735101827802919,0.12387423032063485,0.00014752049173694104,-6.763653072994202e-05,2.8791331715183333e-05,0.013052692636847496,-0.2610587775707245,0.0694994181394577,-0.22835996747016907,0.0008893096819519997,0.13482604920864105,0.0001648209145059809,0.270466685295105,0.2651926279067993,-1.0820994709385634,1.2920535455640223,-1.1172192237491005
-0.0005373903550207615,-0.0011309366673231125,-0.006817201152443886,-0.7621510028839111,0.399496465921402,-0.3133484721183777,-0.11327220499515533,0.0011570323258638382,0.4829919934272766,0.0069312360137701035,0.9157832264900208,0.49609798192977905,-1.4891148420164255,1.3607500368365737,-1.0527532893709866,0.0004293948586564511,6.261127418838441e-05,-0.000646526925265789,0.29112234711647034,-0.03684372454881668,-0.3492811322212219,-0.12633126974105835,0.11261863261461258,-0.20525354146957397,0.0007786508649587631,0.4561874568462372,0.2660292387008667,-0.1545249883074385,0.7454500744746236,-1.3626293542189625,-0.002347697503864765,-0.0010669175535440445,0.0009591458947397768,-0.32375186681747437,-0.775230348110199,0.2747221887111664,0.06865692138671875,0.08536041527986526,0.20216360688209534,0.0027513555251061916,0.8838945627212524,0.229935422539711,-0.13235705033139475,0.3735101827802919,0.12387423032063485,0.0001396195002598688,0.0001642988354433328,0.00012302296818234026,0.01178961805999279,-0.27551424503326416,0.08588645607233047,-0.23775377869606018,0.010154863819479942,0.13645094633102417,0.0002482385316397995,0.2888314127922058,0.27431520819664,-1.0820994709385634,1.2920535455640223,-1.1172192237491005
-0.00041586323641240597,-0.0010748268105089664,-0.006768026389181614,-0.7628591060638428,0.40320494771003723,-0.2923480272293091,-0.10965587198734283,-0.0006392132490873337,0.47875499725341797,0.006865447852760553,0.9110409617424011,0.49115291237831116,-1.4891148420164255,1.3607500368365737,-1.0527532893709866,0.00020460769883356988,0.0001934707397595048,-0.00045501289423555136,0.32602545619010925,-0.04421660304069519,-0.36983925104141235,-0.18301847577095032,0.1343771070241928,-0.22489282488822937,0.0005350999417714775,0.4950037896633148,0.3195774555206299,-0.1545249883074385,0.7454500744746236,-1.3626293542189625,-0.002391208428889513,-0.0012115759309381247,0.0008885505376383662,-0.2892632484436035,-0.852013349533081,0.28234902024269104,0.06758847832679749,0.08859455585479736,0.34447017312049866,0.0028240601532161236,0.9430381655693054,0.36204543709754944,-0.13235705033139475,0.3735101827802919,0.12387423032063485,0.00017393035523127764,0.0003851376532111317,0.000197683519218117,0.011047912761569023,-0.298068642616272,0.10118307173252106,-0.2440958321094513,0.01731846109032631,0.1384226381778717,0.0004665421147365123,0.3149682283401489,0.2811468243598938,-1.085271919763787,1.2924873474333216,-1.1201332178517585
-0.00024099904112517834,-0.0010945805115625262,-0.00673383753746748,-0.7653716802597046,0.4032524526119232,-0.27012550830841064,-0.10336899757385254,-0.005508074536919594,0.46880313754081726,0.006826474796980619,0.9062969088554382,0.48009568452835083,-1.4891148420164255,1.3607500368365737,-1.0527532893709866,-6.425680476240814e-05,0.00031057000160217285,-0.00033254106529057026,0.3523106575012207,-0.051947012543678284,-0.3717653751373291,-0.22892701625823975,0.1514478325843811,-0.2412695586681366,0.0004595282662194222,0.5148113965988159,0.3654518127441406,-0.1545249883074385,0.7454500744746236,-1.3626293542189625,-0.00237036170437932,-0.001373566105030477,0.0007828559610061347,-0.27156296372413635,-0.9139390587806702,0.28565436601638794,0.06657743453979492,0.0911906361579895,0.4578075706958771,0.0028492389246821404,0.9953036904335022,0.47152525186538696,-0.13235705033139475,0.3735101827802919,0.12387423032063485,0.0002441142569296062,0.0005570126813836396,0.0002315229212399572,0.010876566171646118,-0.3256131708621979,0.11403793096542358,-0.24794894456863403,0.02241024188697338,0.14027397334575653,0.0006507363286800683,0.3451766073703766,0.2857580780982971,-1.085271919763787,1.2924873474333216,-1.1201332178517585
-1.9154278561472893e-05,-0.001192947500385344,-0.006730122957378626,-0.76905357837677,0.40031111240386963,-0.24956870079040527,-0.09441232681274414,-0.014630185440182686,0.4514044523239136,0.006835059728473425,0.9022067189216614,0.46140405535697937,-1.4891148420164255,1.3607500368365737,-1.0527532893709866,-0.0003506715293042362,0.00040361593710258603,-0.0003053561958950013,0.36851710081100464,-0.05863923579454422,-0.35830360651016235,-0.26394984126091003,0.16343392431735992,-0.25440454483032227,0.0006157262250781059,0.5173247456550598,0.4013749361038208,-0.1535101757245169,0.7451359471414349,-1.3626406376762574,-0.0022759309504181147,-0.001508756773546338,0.0006343295099213719,-0.2699008584022522,-0.9566632509231567,0.2878004312515259,0.06726209074258804,0.09570599347352982,0.5409318804740906,0.0028033163398504257,1.0348334312438965,0.553435742855072,-0.13497314382873857,0.3758202526940407,0.1183305153362725,0.00032894796459004283,0.0006563420174643397,0.00020033417968079448,0.01115945354104042,-0.35228201746940613,0.12276527285575867,-0.24969638884067535,0.02584044821560383,0.14214304089546204,0.0007610028842464089,0.3732270896434784,0.28847992420196533,-1.085271919763787,1.2924873474333216,-1.1201332178517585
0.00022820290178060532,-0.0013496149331331253,-0.0067691197618842125,-0.7731516361236572,0.3954540193080902,-0.2330043613910675,-0.08244676887989044,-0.02928140014410019,0.42453426122665405,0.0069061219692230225,0.8991320133209229,0.4334561228752136,-1.4891148420164255,1.3607500368365737,-1.0527532893709866,-0.0006096073193475604,0.00047313113464042544,-0.0003812498471233994,0.3738008141517639,-0.06390425562858582,-0.3355516791343689,-0.28900855779647827,0.1713484227657318,-0.2644413113594055,0.0008607122581452131,0.5063652396202087,0.4275692105293274,-0.1535101757245169,0.7451359471414349,-1.3626406376762574,-0.0021036206744611263,-0.001616489258594811,0.0004142659017816186,-0.2811850309371948,-0.9837671518325806,0.2778876721858978,0.06643469631671906,0.09736599028110504,0.5981024503707886,0.0026851207949221134,1.0602284669876099,0.6096066236495972,-0.13497314382873857,0.3758202526940407,0.1183305153362725,0.0003959323512390256,0.0006886714254505932,8.832546882331371e-05,0.0117409098893404,-0.3717641532421112,0.12603501975536346,-0.24997267127037048,0.027937011793255806,0.14385953545570374,0.0007992697064764798,0.39272287487983704,0.28976261615753174,-1.085271919763787,1.2924873474333216,-1.1201332178517585
0.00046839797869324684,-0.001527013722807169,-0.006848527118563652,-0.7768735885620117,0.3900700509548187,-0.22184008359909058,-0.06698711216449738,-0.05062607675790787,0.386264830827713,0.007032318040728569,0.8971622586250305,0.3952856957912445,-1.4891148420164255,1.3607500368365737,-1.0527532893709866,-0.000800355221144855,0.0005254775751382113,-0.0005593665409833193,0.3691507577896118,-0.06668385863304138,-0.3094295859336853,-0.3058163523674011,0.17573148012161255,-0.27188414335250854,0.0011088669998571277,0.48627737164497375,0.44533827900886536,-0.1535101757245169,0.7451359471414349,-1.3626406376762574,-0.0018383098067715764,-0.001698480686172843,0.0001496458426117897,-0.2994323670864105,-0.996121883392334,0.2618744969367981,0.06548500061035156,0.09846226871013641,0.6333857774734497,0.0025073119904845953,1.0726120471954346,0.6443296074867249,-0.13497314382873857,0.3758202526940407,0.1183305153362725,0.00041067838901653886,0.0006867399206385016,-0.0001001989294309169,0.01236625388264656,-0.3798382878303528,0.1242050901055336,-0.2494916021823883,0.028956439346075058,0.1451238989830017,0.0008064169087447226,0.3998211622238159,0.29007840156555176,-1.085271919763787,1.2924873474333216,-1.1201332178517585
0.0006642253138124943,-0.0016798002179712057,-0.006947863847017288,-0.7794984579086304,0.3858126103878021,-0.2158012092113495,-0.04765993356704712,-0.07939490675926208,0.33535441756248474,0.007178839761763811,0.8961246609687805,0.34790459275245667,-1.4891148420164255,1.3607500368365737,-1.0527532893709866,-0.0009040067670866847,0.0005688906530849636,-0.000825778697617352,0.35665756464004517,-0.06687919795513153,-0.2845178246498108,-0.31599777936935425,0.17751353979110718,-0.27704888582229614,0.0013501018984243274,0.46111583709716797,0.4562036097049713,-0.1535101757245169,0.7451359471414349,-1.3626406376762574,-0.0014714188873767853,-0.0017647851491346955,-0.00013689373736269772,-0.3179580569267273,-0.9976382255554199,0.24056294560432434,0.06441409885883331,0.09913568198680878,0.6519814729690552,0.002301799366250634,1.0743602514266968,0.6626136898994446,-0.13497314382873857,0.3758202526940407,0.1183305153362725,0.0003430461511015892,0.0006937611033208668,-0.00033634231658652425,0.012715702876448631,-0.37574443221092224,0.11960988491773605,-0.24903300404548645,0.029036756604909897,0.1454739272594452,0.0008438668446615338,0.39452770352363586,0.2898676097393036,-1.085271919763787,1.2924873474333216,-1.1201332178517585
0.0007810064125806093,-0.00176618539262563,-0.00703451968729496,-0.7805446982383728,0.3841778635978699,-0.21314668655395508,-0.02453482896089554,-0.11542549729347229,0.27207010984420776,0.007294782437384129,0.8956975340843201,0.29655882716178894,-1.4891148420164255,1.3607500368365737,-1.0527532893709866,-0.0009288799483329058,0.0006081589963287115,-0.001151124481111765,0.3392898142337799,-0.06499937176704407,-0.263278067111969,-0.3207959532737732,0.17766492068767548,-0.2799813747406006,0.0015993007691577077,0.43434759974479675,0.46137234568595886,-0.1535101757245169,0.7451359471414349,-1.3626406376762574,-0.0010146015556529164,-0.0018272420857101679,-0.0004246243042871356,-0.33132827281951904,-0.9920838475227356,0.21476072072982788,0.06327089667320251,0.09951067715883255,0.6587775945663452,0.002132729860022664,1.067769169807434,0.6692484617233276,-0.13497314382873857,0.3758202526940407,0.1183305153362725,0.00017254278645850718,0.0007381421746686101,-0.0005751842982135713,0.012524433434009552,-0.36204126477241516,0.11550596356391907,-0.24944442510604858,0.028174472972750664,0.14426293969154358,0.0009515575948171318,0.380226731300354,0.289530873298645,-1.085271919763787,1.2924873474333216,-1.1201332178517585
0.0007929285056889057,-0.0017620195867493749,-0.007077164016664028,-0.7799428701400757,0.38589373230934143,-0.21158069372177124,0.001467376947402954,-0.1570553481578827,0.1992621123790741,0.007336190901696682,0.8955396413803101,0.25372016429901123,-1.4891148420164255,1.3607500368365737,-1.0527532893709866,-0.0009057511342689395,0.0006438968703150749,-0.0015002094442024827,0.32011324167251587,-0.06191059947013855,-0.2461327165365219,-0.32084396481513977,0.17714762687683105,-0.28034767508506775,0.001866980572231114,0.4085177183151245,0.461429238319397,-0.1535101757245169,0.7451359471414349,-1.3626406376762574,-0.0005010536406189203,-0.001896222704090178,-0.0007023918442428112,-0.33757704496383667,-0.9817193150520325,0.1856871098279953,0.06217411160469055,0.09967955946922302,0.6579051613807678,0.002083283383399248,1.0546140670776367,0.6683119535446167,-0.13497314382873857,0.3758202526940407,0.1183305153362725,-0.00010253119398839772,0.0008178367279469967,-0.0007739268476143479,0.011675002053380013,-0.34349438548088074,0.11484503746032715,-0.2516421675682068,0.026222914457321167,0.140659362077713,0.001130633638240397,0.36237284541130066,0.289476215839386,-1.085271919763787,1.2924873474333216,-1.1201332178517585
0.0006902574095875025,-0.0016714901430532336,-0.007060404866933823,-0.778139591217041,0.39050954580307007,-0.2089845836162567,0.02836139127612114,-0.2008189558982849,0.12290585041046143,0.007288323249667883,0.8953621983528137,0.2371465116739273,-1.4891148420164255,1.3607500368365737,-1.0527532893709866,-0.0008734838338568807,0.0006727874861098826,-0.0018404455622658134,0.3015953302383423,-0.05853886157274246,-0.23199820518493652,-0.31605687737464905,0.17690244317054749,-0.27737554907798767,0.002145427046343684,0.38498014211654663,0.45620569586753845,-0.1535101757245169,0.7451359471414349,-1.3626406376762574,2.2869076929055154e-05,-0.0019766148179769516,-0.0009659331408329308,-0.33741459250450134,-0.9685070514678955,0.1550201177597046,0.06133522465825081,0.09969357401132584,0.6525506973266602,0.002200126415118575,1.0372490882873535,0.6629654765129089,-0.13497314382873857,0.3758202526940407,0.1183305153362725,-0.00045935463276691735,0.0009090223466046154,-0.0009086927166208625,0.010238802060484886,-0.32557737827301025,0.11930787563323975,-0.25659263134002686,0.022912006825208664,0.13368099927902222,0.0013649362372234464,0.3469003140926361,0.2902332544326782,-1.085271919763787,1.2924873474333216,-1.1201332178517585
0.00048697018064558506,-0.0015277424827218056,-0.006990551948547363,-0.7760626673698425,0.39633551239967346,-0.20396068692207336,0.0536331832408905,-0.24237102270126343,0.050511885434389114,0.007172095589339733,0.8949609398841858,0.2533212900161743,-1.4891148420164255,1.3607500368365737,-1.0527532893709866,-0.0008598095155321062,0.0006851107464171946,-0.002143104327842593,0.2853478491306305,-0.055691782385110855,-0.21890422701835632,-0.30563127994537354,0.17784957587718964,-0.26985499262809753,0.0024086395278573036,0.36392858624458313,0.44481754302978516,-0.1535101757245169,0.7451359471414349,-1.3626406376762574,0.0005117200780659914,-0.0020719030871987343,-0.0012135962024331093,-0.3321179449558258,-0.9559741020202637,0.12463320791721344,0.061079639941453934,0.09955881536006927,0.6449411511421204,0.002455087611451745,1.0196677446365356,0.6554324626922607,-0.13497314382873857,0.3758202526940407,0.1183305153362725,-0.0008583706221543252,0.0009854658273980021,-0.000978986150585115,0.008489646017551422,-0.313067764043808,0.1286088228225708,-0.2652558386325836,0.017892461270093918,0.1222817674279213,0.001632898347452283,0.3385612666606903,0.29263225197792053,-1.085271919763787,1.2924873474333216,-1.1201332178517585
0.00022053765133023262,-0.0013813086552545428,-0.00688791461288929,-0.7748350501060486,0.40092340111732483,-0.1964278221130371,0.07529504597187042,-0.27825745940208435,-0.011939261108636856,0.007028514984995127,0.8942553997039795,0.28851187229156494,-1.4891148420164255,1.3607500368365737,-1.0527532893709866,-0.0008716588490642607,0.0006671600276604295,-0.0023875837214291096,0.27230849862098694,-0.05400727689266205,-0.20465858280658722,-0.28815531730651855,0.1808840036392212,-0.2562136650085449,0.002627821872010827,0.3448968529701233,0.4259083867073059,-0.1535101757245169,0.7451359471414349,-1.3626406376762574,0.0009380781557410955,-0.002189317950978875,-0.0014480861136689782,-0.3232695460319519,-0.9483271241188049,0.09637243300676346,0.061860591173172,0.09923598170280457,0.6364333629608154,0.002787482226267457,1.0065362453460693,0.6470872759819031,-0.13497314382873857,0.3758202526940407,0.1183305153362725,-0.0012586648808792233,0.0010273598600178957,-0.0009994960855692625,0.006827414035797119,-0.30912473797798157,0.14074580371379852,-0.2784702777862549,0.01080950815230608,0.105510413646698,0.0019075371092185378,0.3397265076637268,0.29798489809036255,-1.085271919763787,1.2924873474333216,-1.1201332178517585
-5.910615436732769e-05,-0.0012812179047614336,-0.0067766522988677025,-0.7752602100372314,0.4021308422088623,-0.18788352608680725,0.09243685007095337,-0.306840181350708,-0.061595965176820755,0.0068969582207500935,0.8933296203613281,0.3263273239135742,-1.4891148420164255,1.3607500368365737,-1.0527532893709866,-0.0009011205984279513,0.0006095390999689698,-0.0025705709122121334,0.26300692558288574,-0.05389532446861267,-0.1877141147851944,-0.26184409856796265,0.18684640526771545,-0.23469296097755432,0.002791306236758828,0.3275880515575409,0.3981892764568329,-0.1535101757245169,0.7451359471414349,-1.3626406376762574,0.0012993457494303584,-0.0023357404861599207,-0.0016799983568489552,-0.3130870759487152,-0.947774350643158,0.07154183834791183,0.06426019221544266,0.0986434742808342,0.6276607513427734,0.003156956983730197,1.0007086992263794,0.6386062502861023,-0.13497314382873857,0.3758202526940407,0.1183305153362725,-0.0016268782783299685,0.0010213757632300258,-0.0009914503898471594,0.005625970661640167,-0.31471818685531616,0.15302349627017975,-0.29676079750061035,0.001412833109498024,0.08276167511940002,0.002161692827939987,0.34999340772628784,0.30808842182159424,-1.085271919763787,1.2924873474333216,-1.1201332178517585
-0.0002979028504341841,-0.0012577696470543742,-0.00668058916926384,-0.7779030799865723,0.3980344533920288,-0.18124619126319885,0.10552112758159637,-0.3278563618659973,-0.0981684997677803,0.0068044839426875114,0.892420768737793,0.35813620686531067,-1.4859045737118415,1.3607154497951939,-1.0508371305958857,-0.0009364088764414191,0.0005121267167851329,-0.0027077230624854565,0.2574324905872345,-0.05537207052111626,-0.16795076429843903,-0.2249283790588379,0.19644969701766968,-0.20365506410598755,0.002910480834543705,0.3123219609260559,0.36147013306617737,-0.1535101757245169,0.7451359471414349,-1.3626406376762574,0.0016109914286062121,-0.002508350647985935,-0.0019266544841229916,-0.3034156262874603,-0.9536712169647217,0.05035492405295372,0.06896642595529556,0.09766518324613571,0.6187069416046143,0.003549522953107953,1.0020406246185303,0.6301532983779907,-0.13497314382873857,0.3758202526940407,0.1183305153362725,-0.0019365431508049369,0.0009637577459216118,-0.000977046205662191,0.0051372721791267395,-0.3283103406429291,0.16271594166755676,-0.3200536370277405,-0.01029086485505104,0.054137617349624634,0.0023735305294394493,0.3664567470550537,0.32476314902305603,-1.085271919763787,1.2924873474333216,-1.1201332178517585
-0.000463100615888834,-0.001311840838752687,-0.0066166827455163,-0.7813547849655151,0.39110299944877625,-0.17853319644927979,0.11413967609405518,-0.34236592054367065,-0.12304797768592834,0.006761352065950632,0.8918245434761047,0.38129135966300964,-1.4859045737118415,1.3607154497951939,-1.0508371305958857,-0.0009696125634945929,0.000381339224986732,-0.002824157476425171,0.2548375725746155,-0.05796726793050766,-0.1468777358531952,-0.17623010277748108,0.2101454734802246,-0.16205570101737976,0.0030102215241640806,0.2997923493385315,0.3185596168041229,-0.1535101757245169,0.7451359471414349,-1.3626406376762574,0.0018970656674355268,-0.002691172529011965,-0.002207748359069228,-0.29473787546157837,-0.9635596871376038,0.03226763382554054,0.07671530544757843,0.09616421163082123,0.6092901229858398,0.003964268136769533,1.0081462860107422,0.6215844750404358,-0.13497314382873857,0.3758202526940407,0.1183305153362725,-0.00216608215123415,0.0008657474536448717,-0.0009690686711110175,0.005469851195812225,-0.34604668617248535,0.16732320189476013,-0.3472899794578552,-0.02383914217352867,0.020927980542182922,0.002525970106944442,0.38441550731658936,0.3487357497215271,-1.085271919763787,1.2924873474333216,-1.1201332178517585
-0.000522504560649395,-0.0014205924235284328,-0.00658730324357748,-0.7854701280593872,0.3812839388847351,-0.18146201968193054,0.11950743943452835,-0.35149040818214417,-0.13827380537986755,0.006758968811482191,0.8917787075042725,0.3961656093597412,-1.4859045737118415,1.3607154497951939,-1.0508371305958857,-0.001001938828267157,0.0002266926458105445,-0.0029411085415631533,0.25402331352233887,-0.06087470054626465,-0.12724027037620544,-0.11595584452152252,0.227915957570076,-0.11011181771755219,0.0031153475865721703,0.29055750370025635,0.27841705083847046,-0.1535101757245169,0.7451359471414349,-1.3626406376762574,0.0021787527948617935,-0.0028590781148523092,-0.0025381124578416348,-0.28626498579978943,-0.9738113284111023,0.016957227140665054,0.08818333595991135,0.09400512278079987,0.598955512046814,0.0044003757648169994,1.0151569843292236,0.6126670837402344,-0.13497314382873857,0.3758202526940407,0.1183305153362725,-0.0023026312701404095,0.0007535892073065042,-0.0009638865594752133,0.006561726331710815,-0.3627198040485382,0.16519717872142792,-0.37623366713523865,-0.038211315870285034,-0.014149069786071777,0.0026075055357068777,0.398621141910553,0.3784337341785431,-1.085271919763787,1.2924873474333216,-1.1201332178517585
-0.0004666887689381838,-0.0015499520814046264,-0.006581212859600782,-0.7898380756378174,0.3696494996547699,-0.18937590718269348,0.1224755272269249,-0.35661113262176514,-0.14614233374595642,0.006777353119105101,0.8923833966255188,0.40438759326934814,-1.4859045737118415,1.3607154497951939,-1.0508371305958857,-0.0010441194754093885,6.384658627212048e-05,-0.003064750926569104,0.2537021040916443,-0.06318747997283936,-0.11224129796028137,-0.046725012362003326,0.24898448586463928,-0.05017968267202377,0.0032383576035499573,0.28452685475349426,0.2582527697086334,-0.1535101757245169,0.7451359471414349,-1.3626406376762574,0.002460045972838998,-0.002985487226396799,-0.002916343044489622,-0.2764574885368347,-0.980090320110321,0.004979247227311134,0.10381659120321274,0.09108693897724152,0.5872799158096313,0.004844586364924908,1.0183470249176025,0.6033012270927429,-0.13497314382873857,0.3758202526940407,0.1183305153362725,-0.0023491457104682922,0.000662295613437891,-0.0009508327930234373,0.00818362832069397,-0.37350043654441833,0.15623298287391663,-0.40407609939575195,-0.05211364105343819,-0.04767736792564392,0.002619390143081546,0.4049423038959503,0.41020292043685913,-1.085271919763787,1.2924873474333216,-1.1201332178517585
-0.0003064980264753103,-0.0016648932360112667,-0.0065826233476400375,-0.7942577600479126,0.3572743237018585,-0.19977259635925293,0.1238429918885231,-0.3590374290943146,-0.14882275462150574,0.0067968182265758514,0.8935319781303406,0.4079131782054901,-1.4859045737118415,1.3607154497951939,-1.0508371305958857,-0.0011101202107965946,-8.369318675249815e-05,-0.0031853453256189823,0.25242066383361816,-0.0640488862991333,-0.10445787757635117,0.025904878973960876,0.2716673016548157,0.012803390622138977,0.0033742845989763737,0.2805884778499603,0.27319976687431335,-0.1535101757245169,0.7451359471414349,-1.3626406376762574,0.0027235255111008883,-0.003052753396332264,-0.003319511190056801,-0.2638072669506073,-0.9785847663879395,-0.0024710651487112045,0.12358319759368896,0.08739003539085388,0.574094295501709,0.005268401000648737,1.0135228633880615,0.5937121510505676,-0.13497314382873857,0.3758202526940407,0.1183305153362725,-0.0023284750059247017,0.000625648011919111,-0.0009268322610296309,0.01003420352935791,-0.37551194429397583,0.1417333483695984,-0.42858970165252686,-0.06453043967485428,-0.0769432783126831,0.0025830697268247604,0.4014950394630432,0.4401971995830536,-1.085271919763787,1.2924873474333216,-1.1201332178517585
-7.086014375090599e-05,-0.0017344106454402208,-0.006577986292541027,-0.7986265420913696,0.34521910548210144,-0.20934641361236572,0.12428581714630127,-0.359884649515152,-0.14816774427890778,0.006803168915212154,0.8948779106140137,0.4085555076599121,-1.4859045737118415,1.3607154497951939,-1.0508371305958857,-0.0012102327309548855,-0.0001922051887959242,-0.0032880986109375954,0.24848386645317078,-0.06279952079057693,-0.10477879643440247,0.09492238610982895,0.2938236892223358,0.07263210415840149,0.0035090167075395584,0.27688735723495483,0.31720346212387085,-0.1535101757245169,0.7451359471414349,-1.3626406376762574,0.002943609841167927,-0.0030592596158385277,-0.0037128261756151915,-0.24787437915802002,-0.9668039083480835,-0.004396619275212288,0.14664284884929657,0.08303821086883545,0.5597325563430786,0.00563994562253356,0.9980835914611816,0.5845510959625244,-0.13497314382873857,0.3758202526940407,0.1183305153362725,-0.0022782771848142147,0.0006644438835792243,-0.000901079794857651,0.011837592348456383,-0.3681022524833679,0.12371364235877991,-0.44871965050697327,-0.07500171661376953,-0.10065947473049164,0.0025384989567101,0.38851574063301086,0.46594732999801636,-1.085271919763787,1.2924873474333216,-1.1201332178517585
0.00019695539958775043,-0.0017381139332428575,-0.006560897454619408,-0.8028944730758667,0.3343864977359772,-0.21495744585990906,0.12432049214839935,-0.3600108325481415,-0.1456371247768402,0.00679008150473237,0.8959132432937622,0.40776655077934265,-1.4859045737118415,1.3607154497951939,-1.0508371305958857,-0.0013480396009981632,-0.00025079562328755856,-0.0033631236292421818,0.24047663807868958,-0.05866435542702675,-0.1120753288269043,0.1540987193584442,0.3140665292739868,0.12426517903804779,0.0036319016944617033,0.2717193365097046,0.3712492883205414,-0.15147163618221834,0.7455244629118915,-1.3628598148758642,0.00310495519079268,-0.003018334275111556,-0.0040647066198289394,-0.2296917885541916,-0.943115234375,-0.0005815643817186356,0.17117995023727417,0.07833047211170197,0.5451605319976807,0.005939101800322533,0.9706827402114868,0.5767479538917542,-0.13497314382873857,0.3758202526940407,0.1183305153362725,-0.0022366121411323547,0.0007815847056917846,-0.0008867091382853687,0.0133742094039917,-0.35210275650024414,0.1043662428855896,-0.46467071771621704,-0.08321390300989151,-0.11771729588508606,0.002529735444113612,0.3674881160259247,0.4865190386772156,-1.092431386199822,1.2935602623420905,-1.126947700141167
0.000445149140432477,-0.001672407379373908,-0.006537254899740219,-0.8071613311767578,0.32515236735343933,-0.2142425775527954,0.12428966909646988,-0.35998985171318054,-0.14229634404182434,0.0067624556832015514,0.8961770534515381,0.4065573215484619,-1.4859045737118415,1.3607154497951939,-1.0508371305958857,-0.0015133398119360209,-0.0002514165826141834,-0.003412787802517414,0.2275332510471344,-0.05296698957681656,-0.12321294844150543,0.20199991762638092,0.3308984041213989,0.16549748182296753,0.0037417279090732336,0.2641179859638214,0.42152953147888184,-0.15147163618221834,0.7455244629118915,-1.3628598148758642,0.003210630500689149,-0.002952972427010536,-0.004355515353381634,-0.21102747321128845,-0.906181275844574,0.008198663592338562,0.1949038803577423,0.07365119457244873,0.5316793322563171,0.006164309103041887,0.9304645657539368,0.5710472464561462,-0.13497314382873857,0.3758202526940407,0.1183305153362725,-0.002223275601863861,0.0009604018414393067,-0.0009132372797466815,0.014408072456717491,-0.32906803488731384,0.08602502942085266,-0.4762943983078003,-0.08993712067604065,-0.13063408434391022,0.002588306088000536,0.3404316008090973,0.5020062327384949,-1.092431386199822,1.2935602623420905,-1.126947700141167
0.0006253193132579327,-0.0015476532280445099,-0.006523138377815485,-0.8117080330848694,0.3171371817588806,-0.20625239610671997,0.12435736507177353,-0.3601026237010956,-0.1388586461544037,0.006733319256454706,0.8955367207527161,0.4054878354072571,-1.4859045737118415,1.3607154497951939,-1.0508371305958857,-0.0016854933928698301,-0.0002040219260379672,-0.0034504011273384094,0.21006961166858673,-0.045903533697128296,-0.1343434453010559,0.2377203404903412,0.34426605701446533,0.1960250735282898,0.0038454884197562933,0.2535439729690552,0.4620128870010376,-0.15147163618221834,0.7455244629118915,-1.3628598148758642,0.003246710170060396,-0.00289155263453722,-0.004603386390954256,-0.1953057050704956,-0.8546993732452393,0.019994117319583893,0.21912848949432373,0.06809981167316437,0.519189178943634,0.006331932730972767,0.8769578337669373,0.5676374435424805,-0.1370920101988357,0.38164254834795425,0.1189132192905249,-0.0022523344960063696,0.0011814991012215614,-0.000987816834822297,0.014867010526359081,-0.3010575771331787,0.07045845687389374,-0.48447751998901367,-0.09511984139680862,-0.13928744196891785,0.0027285036630928516,0.30954980850219727,0.5129982829093933,-1.092431386199822,1.2935602623420905,-1.126947700141167
0.0007067990954965353,-0.0013794890837743878,-0.006532046012580395,-0.8167601227760315,0.3096246123313904,-0.19185012578964233,0.1245080754160881,-0.3603346049785614,-0.13574828207492828,0.006713432725518942,0.8942991495132446,0.4046861529350281,-1.4859045737118415,1.3607154497951939,-1.0508371305958857,-0.001835871604271233,-0.00012210826389491558,-0.003497697412967682,0.18905006349086761,-0.038413263857364655,-0.14142338931560516,0.26234930753707886,0.35419386625289917,0.21687781810760498,0.00395211623981595,0.23919881880283356,0.4912396967411041,-0.15147163618221834,0.7455244629118915,-1.3628598148758642,0.003306307829916477,-0.0028559123165905476,-0.004774519242346287,-0.1795230358839035,-0.789775550365448,0.031819310039281845,0.2367171347141266,0.06416630744934082,0.5103601813316345,0.006471780128777027,0.8105469942092896,0.5662330389022827,-0.1370920101988357,0.38164254834795425,0.1189132192905249,-0.0023364818189293146,0.0014187096385285258,-0.0011087305610999465,0.014726894907653332,-0.270211786031723,0.05876360088586807,-0.4897880554199219,-0.09888125956058502,-0.1445157378911972,0.0029497742652893066,0.27691957354545593,0.5201486349105835,-1.092431386199822,1.2935602623420905,-1.126947700141167
0.0006836075335741043,-0.001188205205835402,-0.006564687937498093,-0.8221983909606934,0.3023194670677185,-0.17324933409690857,0.12454552203416824,-0.36037343740463257,-0.13316869735717773,0.006706286687403917,0.8929852247238159,0.40387436747550964,-1.4859045737118415,1.3607154497951939,-1.0508371305958857,-0.0019399558659642935,-2.5093439035117626e-05,-0.003573737572878599,0.1656079888343811,-0.03132091462612152,-0.1414407640695572,0.2775905728340149,0.36071455478668213,0.22969460487365723,0.004066405817866325,0.22002840042114258,0.5098344087600708,-0.15147163618221834,0.7455244629118915,-1.3628598148758642,0.003385828109458089,-0.002864318899810314,-0.00490796472877264,-0.16613903641700745,-0.7127566933631897,0.03995175287127495,0.2508038282394409,0.06068814545869827,0.5041695833206177,0.0066148522309958935,0.7329532504081726,0.5663678646087646,-0.1370920101988357,0.38164254834795425,0.1189132192905249,-0.002488801721483469,0.0016354434192180634,-0.0012615690939128399,0.014032904990017414,-0.23818646371364594,0.05125061422586441,-0.4925571084022522,-0.10111948847770691,-0.14696615934371948,0.0032342488411813974,0.24404168128967285,0.5238670706748962,-1.092431386199822,1.2935602623420905,-1.126947700141167
0.0005705379880964756,-0.0010047206887975335,-0.006612343247979879,-0.8274741172790527,0.2957611083984375,-0.15311160683631897,0.12409131973981857,-0.3596075773239136,-0.1311662644147873,0.0067125302739441395,0.8919816017150879,0.4023939073085785,-1.4859045737118415,1.3607154497951939,-1.0508371305958857,-0.001985742012038827,6.533216219395399e-05,-0.0036871840711683035,0.14083142578601837,-0.025151988491415977,-0.13316363096237183,0.285223126411438,0.36365896463394165,0.23626473546028137,0.004188408609479666,0.19544479250907898,0.5190578699111938,-0.15147163618221834,0.7455244629118915,-1.3628598148758642,0.0035048164427280426,-0.002918375888839364,-0.005014542955905199,-0.15472868084907532,-0.6269454956054688,0.04078785702586174,0.2617272138595581,0.0576227568089962,0.5003180503845215,0.006778369657695293,0.6470434665679932,0.5675734877586365,-0.1370920101988357,0.38164254834795425,0.1189132192905249,-0.002712149638682604,0.0017874855548143387,-0.0014258113224059343,0.012870767153799534,-0.20567458868026733,0.04748522490262985,-0.4927629828453064,-0.10143319517374039,-0.14697736501693726,0.003547365078702569,0.21147704124450684,0.5241243839263916,-1.092431386199822,1.2935602623420905,-1.126947700141167
0.0003950684331357479,-0.0008660928579047322,-0.006664905231446028,-0.8317866921424866,0.291066974401474,-0.13400638103485107,0.12258869409561157,-0.3571317791938782,-0.12968440353870392,0.006732544396072626,0.8913735151290894,0.39923569560050964,-1.4859045737118415,1.3607154497951939,-1.0508371305958857,-0.001973971026018262,0.00012848805636167526,-0.0038359554018825293,0.11568600684404373,-0.0201408751308918,-0.11694368720054626,0.2867599129676819,0.3625197410583496,0.23823775351047516,0.00431597325950861,0.16572487354278564,0.5200086832046509,-0.15147163618221834,0.7455244629118915,-1.3628598148758642,0.0036697054747492075,-0.003003661520779133,-0.0050991796888411045,-0.14396177232265472,-0.5360963344573975,0.03183702379465103,0.269924521446228,0.05495866760611534,0.49834224581718445,0.006963501684367657,0.5560016632080078,0.5694073438644409,-0.1370920101988357,0.38164254834795425,0.1189132192905249,-0.002989287953823805,0.0018412997014820576,-0.001580729614943266,0.011380203068256378,-0.17254889011383057,0.04623518884181976,-0.4899728000164032,-0.09907843917608261,-0.14452368021011353,0.0038503159303218126,0.17899809777736664,0.520362377166748,-1.092431386199822,1.2935602623420905,-1.126947700141167
0.0001912184525281191,-0.0007993023609742522,-0.006712975911796093,-0.8343995213508606,0.2893006205558777,-0.118161141872406,0.11931733042001724,-0.3517727553844452,-0.1286063939332962,0.006763098295778036,0.8909990787506104,0.39309069514274597,-1.4859045737118415,1.3607154497951939,-1.0508371305958857,-0.0019124194514006376,0.00014518247917294502,-0.004009881988167763,0.09087643027305603,-0.01627623662352562,-0.09417307376861572,0.2832704186439514,0.35639455914497375,0.2369670420885086,0.004444949794560671,0.13187876343727112,0.5132373571395874,-0.15147163618221834,0.7455244629118915,-1.3628598148758642,0.0038731517270207405,-0.003097016829997301,-0.005172323435544968,-0.13194796442985535,-0.4432860314846039,0.012469347566366196,0.27569591999053955,0.052780333906412125,0.4977010190486908,0.007165594957768917,0.4626750946044922,0.5714020729064941,-0.1370920101988357,0.38164254834795425,0.1189132192905249,-0.003285433165729046,0.0017903792904689908,-0.001706543960608542,0.009767876006662846,-0.13853172957897186,0.04564058035612106,-0.48334282636642456,-0.09296990931034088,-0.1392155885696411,0.004112398251891136,0.14618316292762756,0.5115121603012085,-1.092431386199822,1.2935602623420905,-1.126947700141167
-8.166301995515823e-06,-0.0008097909158095717,-0.006747337058186531,-0.8348373174667358,0.29108762741088867,-0.10725212097167969,0.11343327909708023,-0.342154324054718,-0.12778811156749725,0.006795762572437525,0.8906112313270569,0.3824480175971985,-1.4859045737118415,1.3607154497951939,-1.0508371305958857,-0.0018115370767191052,0.00010139867663383484,-0.0041914028115570545,0.06680144369602203,-0.013286410830914974,-0.0672910064458847,0.2753365635871887,0.3440197706222534,0.23345384001731873,0.004567253869026899,0.09574466943740845,0.4986587464809418,-0.15147163618221834,0.7455244629118915,-1.3628598148758642,0.004095379263162613,-0.0031784209422767162,-0.0052566020749509335,-0.116534024477005,-0.35033276677131653,-0.015769068151712418,0.27902770042419434,0.05132383108139038,0.4978224039077759,0.007382842246443033,0.36954283714294434,0.5729901790618896,-0.1370920101988357,0.38164254834795425,0.1189132192905249,-0.0035622725263237953,0.0016528848791494966,-0.0017849551513791084,0.008272742852568626,-0.10362496227025986,0.04368557035923004,-0.47168636322021484,-0.08174219727516174,-0.13035538792610168,0.0043136849999427795,0.11276080459356308,0.496147483587265,-1.092431386199822,1.2935602623420905,-1.126947700141167
-0.0001809815876185894,-0.0008843506220728159,-0.006760661024600267,-0.8329458236694336,0.2965148687362671,-0.10228335857391357,0.10404685884714127,-0.32682502269744873,-0.12708228826522827,0.006820657290518284,0.8900458812713623,0.3657734990119934,-1.4859045737118415,1.3607154497951939,-1.0508371305958857,-0.0016852670814841986,-4.593515768647194e-06,-0.004354818724095821,0.043731238692998886,-0.010654916055500507,-0.040024206042289734,0.2631206512451172,0.3239131271839142,0.2283632755279541,0.004669538699090481,0.06023193150758743,0.4757120907306671,-0.15147163618221834,0.7455244629118915,-1.3628598148758642,0.004306003917008638,-0.003239264478906989,-0.005377640947699547,-0.09521739929914474,-0.2581574320793152,-0.04948749020695686,0.27947062253952026,0.05102023854851723,0.4981239438056946,0.007612721528857946,0.2795722186565399,0.5734407901763916,-0.1370920101988357,0.38164254834795425,0.1189132192905249,-0.0037894565612077713,0.0014610446523874998,-0.0018029238563030958,0.007092646323144436,-0.06794983148574829,0.03875117376446724,-0.4536266028881073,-0.06389360129833221,-0.11705712974071503,0.004443553276360035,0.07854386419057846,0.47282329201698303,-1.092431386199822,1.2935602623420905,-1.126947700141167
-0.00031921290792524815,-0.001001621363684535,-0.0067501491867005825,-0.8289949893951416,0.30497804284095764,-0.10328996181488037,0.09035670757293701,-0.3044772744178772,-0.12635745108127594,0.006831519305706024,0.8893329501152039,0.34181419014930725,-1.4859045737118415,1.3607154497951939,-1.0508371305958857,-0.0015544164925813675,-0.00015997770242393017,-0.004468317609280348,0.021846633404493332,-0.0077356803230941296,-0.016744159162044525,0.24653151631355286,0.29465150833129883,0.2220919132232666,0.004733673762530088,0.028591658920049667,0.44375908374786377,-0.15147163618221834,0.7455244629118915,-1.3628598148758642,0.004467080347239971,-0.0032814685255289078,-0.005543436389416456,-0.06552066653966904,-0.16791705787181854,-0.08430614322423935,0.2760738432407379,0.0525219589471817,0.49801620841026306,0.007839166559278965,0.19898900389671326,0.5718351602554321,-0.1370920101988357,0.38164254834795425,0.1189132192905249,-0.0039472938515245914,0.0012552563566714525,-0.0017569640185683966,0.0063088564202189445,-0.03160465881228447,0.03019256889820099,-0.4278579354286194,-0.0380394272506237,-0.09844331443309784,0.0044993022456765175,0.0441616028547287,0.4406818449497223,-1.092431386199822,1.2935602623420905,-1.126947700141167
-0.0004262372385710478,-0.0011399689828976989,-0.006720746401697397,-0.8237630128860474,0.3151519000530243,-0.1087179183959961,0.07185672223567963,-0.2742852568626404,-0.12551409006118774,0.006830053869634867,0.8886651992797852,0.310079962015152,-1.4859045737118415,1.3607154497951939,-1.0508371305958857,-0.0014455983182415366,-0.00033808720763772726,-0.004506131634116173,0.0011420741211622953,-0.003962425515055656,-0.0009820233099162579,0.2254837304353714,0.2553115785121918,0.21487121284008026,0.0047443946823477745,0.004239046946167946,0.4027363359928131,-0.15147163618221834,0.7455244629118915,-1.3628598148758642,0.00454286765307188,-0.0033090608194470406,-0.005731311626732349,-0.02647819183766842,-0.08169221878051758,-0.11559084057807922,0.2673857510089874,0.05670240893959999,0.4969020187854767,0.008027169853448868,0.143999844789505,0.5671172142028809,-0.1370920101988357,0.38164254834795425,0.1189132192905249,-0.0040279570966959,0.0010736193507909775,-0.0016541227232664824,0.005885344464331865,0.00485510379076004,0.018545717000961304,-0.3935415744781494,-0.0033044368028640747,-0.07393571734428406,0.00448477640748024,0.02005375176668167,0.4004402458667755,-1.092431386199822,1.2935602623420905,-1.126947700141167
-0.0005119438283145428,-0.0012803843710571527,-0.006684180814772844,-0.8183760643005371,0.32536062598228455,-0.11536383628845215,0.048631250858306885,-0.2363867610692978,-0.1245013177394867,0.00682493532076478,0.8882047533988953,0.2715589702129364,-1.4859045737118415,1.3607154497951939,-1.0508371305958857,-0.0013828607043251395,-0.000496986205689609,-0.004465717822313309,-0.018158838152885437,0.0008718565804883838,0.005526706576347351,0.2002498209476471,0.2060982882976532,0.20689773559570312,0.0047012693248689175,0.01900126412510872,0.35409486293792725,-0.15147163618221834,0.7455244629118915,-1.3628598148758642,0.004514327738434076,-0.0033185805659741163,-0.005894039291888475,0.02036088891327381,-0.0018472392112016678,-0.13909190893173218,0.25154125690460205,0.06461469829082489,0.49418574571609497,0.008132148534059525,0.14058640599250793,0.5582720041275024,-0.1370920101988357,0.38164254834795425,0.1189132192905249,-0.004037301521748304,0.0009380116825923324,-0.001507650944404304,0.00576254166662693,0.039731305092573166,0.005022229626774788,-0.35085999965667725,0.0401209220290184,-0.04365520179271698,0.004410519264638424,0.04045993462204933,0.3558345139026642,-1.092431386199822,1.2935602623420905,-1.126947700141167
-0.000583339249715209,-0.0014050917234271765,-0.00664958730340004,-0.813941240310669,0.3340594172477722,-0.1196674108505249,0.021745499223470688,-0.1925203949213028,-0.12333501130342484,0.006821406073868275,0.8879281282424927,0.22967040538787842,-1.4859045737118415,1.3607154497951939,-1.0508371305958857,-0.0013801419408991933,-0.000589258735999465,-0.0043643140234053135,-0.03519218787550926,0.006486076395958662,0.00286521902307868,0.17190240323543549,0.14917540550231934,0.19848376512527466,0.004615111742168665,0.03589942678809166,0.30199262499809265,-0.15147163618221834,0.7455244629118915,-1.3628598148758642,0.00438245153054595,-0.003302269382402301,-0.005978933069854975,0.07202789932489395,0.06978203356266022,-0.15171262621879578,0.22646526992321014,0.07739228755235672,0.48930293321609497,0.00811532512307167,0.18186333775520325,0.5446957349777222,-0.1370920101988357,0.38164254834795425,0.1189132192905249,-0.0039896066300570965,0.0008562968578189611,-0.0013341052690520883,0.005950534716248512,0.07017143815755844,-0.00927216187119484,-0.3017410933971405,0.09024754911661148,-0.008939102292060852,0.0042930226773023605,0.07103107124567032,0.3150749206542969,-1.092431386199822,1.2935602623420905,-1.126947700141167
-0.0006355454679578543,-0.001497198361903429,-0.006619480438530445,-0.8112813234329224,0.34003281593322754,-0.11925297975540161,-0.006560489535331726,-0.1463424116373062,-0.12210587412118912,0.00681638065725565,0.8877054452896118,0.1907065510749817,-1.4859045737118415,1.3607154497951939,-1.0508371305958857,-0.0014400359941646457,-0.0005872891051694751,-0.004216833971440792,-0.049043722450733185,0.012297503650188446,-0.007119942456483841,0.1425577998161316,0.0890892967581749,0.1901516318321228,0.004494474735110998,0.051060836762189865,0.25380557775497437,-0.15147163618221834,0.7455244629118915,-1.3628598148758642,0.004160604905337095,-0.003263843944296241,-0.005950556602329016,0.12511521577835083,0.1319299340248108,-0.1518200784921646,0.1902298629283905,0.09606947004795074,0.4817834794521332,0.00796068087220192,0.23687267303466797,0.5268131494522095,-0.1370920101988357,0.38164254834795425,0.1189132192905249,-0.0038967174477875233,0.000832995749078691,-0.0011582609731703997,0.00652896985411644,0.09312144666910172,-0.023734603077173233,-0.250223308801651,0.14292004704475403,0.027396604418754578,0.004149681888520718,0.09632010757923126,0.28946229815483093,-1.092431386199822,1.2935602623420905,-1.126947700141167
-0.000651136040687561,-0.001548289554193616,-0.006597805302590132,-0.8108755350112915,0.34242627024650574,-0.1133168637752533,-0.03347177430987358,-0.10244883596897125,-0.12095005810260773,0.006808246020227671,0.8874770998954773,0.16200321912765503,-1.4859045737118415,1.3607154497951939,-1.0508371305958857,-0.0015552542172372341,-0.0005016440991312265,-0.00403221370652318,-0.059580907225608826,0.017708688974380493,-0.021043526008725166,0.1148357093334198,0.031546808779239655,0.1825208067893982,0.0043507711961865425,0.06562250107526779,0.2179364264011383,-0.15147163618221834,0.7455244629118915,-1.3628598148758642,0.003873694222420454,-0.0032182822469621897,-0.00581228407099843,0.17496073246002197,0.18439285457134247,-0.13951119780540466,0.14160536229610443,0.1213001012802124,0.47136053442955017,0.007690610829740763,0.28995752334594727,0.5068989396095276,-0.1370920101988357,0.38164254834795425,0.1189132192905249,-0.0037624388933181763,0.0008664889028295875,-0.0010131645249202847,0.007556839846074581,0.10660932213068008,-0.03803970664739609,-0.20138347148895264,0.19292052090168,0.061808958649635315,0.003991647623479366,0.11344458162784576,0.28564658761024475,-1.092431386199822,1.2935602623420905,-1.126947700141167
-0.0006077752914279699,-0.0015663303202018142,-0.00659266859292984,-0.812781572341919,0.3409987688064575,-0.1023082435131073,-0.0567469596862793,-0.06450292468070984,-0.11999396234750748,0.00680338591337204,0.8873336315155029,0.1475784331560135,-1.4859045737118415,1.3607154497951939,-1.0508371305958857,-0.0017113061621785164,-0.00037241214886307716,-0.003827831242233515,-0.06755773723125458,0.02232087031006813,-0.03511703759431839,0.09077651053667068,-0.01894117146730423,0.17604978382587433,0.004209459759294987,0.07934403419494629,0.19897906482219696,-0.15147163618221834,0.7455244629118915,-1.3628598148758642,0.003556824754923582,-0.0031734975054860115,-0.005609816871583462,0.21633881330490112,0.22880466282367706,-0.11751213669776917,0.08084005117416382,0.15295541286468506,0.45813190937042236,0.007361530791968107,0.33609992265701294,0.48970943689346313,-0.1370920101988357,0.38164254834795425,0.1189132192905249,-0.003587214509025216,0.000941143836826086,-0.0009279997320845723,0.008997919969260693,0.11045300960540771,-0.0518057718873024,-0.15926937758922577,0.23609010875225067,0.09148214012384415,0.0038229625206440687,0.12233015894889832,0.29912248253822327,-1.092431386199822,1.2935602623420905,-1.126947700141167
-0.0004918996710330248,-0.0015712197637185454,-0.0066108969040215015,-0.8165500164031982,0.3363904356956482,-0.08762091398239136,-0.07531760632991791,-0.03425801172852516,-0.11932429671287537,0.006812829989939928,0.8874626159667969,0.1452055126428604,-1.4859045737118415,1.3607154497951939,-1.0508371305958857,-0.0018875091336667538,-0.00023646745830774307,-0.0036306416150182486,-0.07431982457637787,0.0260666161775589,-0.046530235558748245,0.0712888091802597,-0.06026826053857803,0.17090757191181183,0.004098800476640463,0.09147658944129944,0.19474022090435028,-0.15147163618221834,0.7455244629118915,-1.3628598148758642,0.0032437127083539963,-0.0031268594320863485,-0.005396129563450813,0.2462378442287445,0.26799827814102173,-0.09091737121343613,0.010686278343200684,0.18959170579910278,0.4427795708179474,0.007029732223600149,0.37512949109077454,0.481781005859375,-0.1370920101988357,0.38164254834795425,0.1189132192905249,-0.0033792145550251007,0.0010309421923011541,-0.0009192329598590732,0.010729549452662468,0.10644548386335373,-0.06474609673023224,-0.1258212774991989,0.2704354524612427,0.11508578062057495,0.0036506056785583496,0.12505127489566803,0.31970465183258057,-1.092431386199822,1.2935602623420905,-1.126947700141167
-0.0003096219152212143,-0.0015804751310497522,-0.006657112389802933,-0.8215726613998413,0.3294132649898529,-0.07106795907020569,-0.08910355716943741,-0.011934508569538593,-0.11898040771484375,0.006849153898656368,0.8880007863044739,0.14912483096122742,-1.4859387844548368,1.360742604437025,-1.0515747619996239,-0.002056519966572523,-0.0001033334992825985,-0.003468855516985059,-0.08138715475797653,0.029061496257781982,-0.05373654514551163,0.0564475953578949,-0.09223251044750214,0.16703790426254272,0.0040339697152376175,0.10176470875740051,0.19898448884487152,-0.15077621396774135,0.7455758969453159,-1.362926759674275,0.002964771818369627,-0.0030767256394028664,-0.005188051611185074,0.2644306421279907,0.3048875331878662,-0.0649266466498375,-0.06308484822511673,0.2281842678785324,0.42667901515960693,0.006721010897308588,0.4087730944156647,0.4879577159881592,-0.1370920101988357,0.38164254834795425,0.1189132192905249,-0.003157522762194276,0.0011129016056656837,-0.0009878978598862886,0.012576518580317497,0.09838780015707016,-0.07688403129577637,-0.10100746154785156,0.2957775592803955,0.13266713917255402,0.003490622155368328,0.12549693882465363,0.339540034532547,-1.0941480417930785,1.29407074927851,-1.1282201314180753
-8.550332859158516e-05,-0.001596928690560162,-0.006734432186931372,-0.8263057470321655,0.32303398847579956,-0.054888755083084106,-0.09859030693769455,0.003373546525835991,-0.11902088671922684,0.006921709980815649,0.8889009356498718,0.15458784997463226,-1.4859387844548368,1.360742604437025,-1.0515747619996239,-0.002190652769058943,4.4904882088303566e-05,-0.003369041020050645,-0.08962749689817429,0.03152802586555481,-0.05582929775118828,0.045611634850502014,-0.11586649715900421,0.1642684042453766,0.004018882289528847,0.11019989103078842,0.2061299979686737,-0.15077621396774135,0.7455758969453159,-1.362926759674275,0.002753602806478739,-0.0030239420011639595,-0.004966471344232559,0.27206915616989136,0.34198713302612305,-0.04306304454803467,-0.13322824239730835,0.26493915915489197,0.41155382990837097,0.006433691829442978,0.43912553787231445,0.5072662830352783,-0.1370920101988357,0.38164254834795425,0.1189132192905249,-0.002939924830570817,0.0011710058897733688,-0.0011263980995863676,0.014285540208220482,0.09123047441244125,-0.08840321749448776,-0.08438614755868912,0.3129715025424957,0.14458170533180237,0.0033590453676879406,0.12783664464950562,0.3549310266971588,-1.0941480417930785,1.29407074927851,-1.1282201314180753
0.00014887377619743347,-0.0016086817486211658,-0.006840437650680542,-0.8298481106758118,0.31885865330696106,-0.040406644344329834,-0.10455863922834396,0.012881102040410042,-0.11945386230945587,0.007028627675026655,0.8899165391921997,0.15927226841449738,-1.4859387844548368,1.360742604437025,-1.0515747619996239,-0.0022733411751687527,0.0002210510428994894,-0.003347166581079364,-0.09897874295711517,0.033265598118305206,-0.05220121145248413,0.03815580904483795,-0.13243097066879272,0.1623917818069458,0.004052217584103346,0.11674056202173233,0.2129904180765152,-0.15077621396774135,0.7455758969453159,-1.362926759674275,0.0026375409215688705,-0.0029655485413968563,-0.004709775093942881,0.27145692706108093,0.3805234432220459,-0.027239657938480377,-0.19399285316467285,0.29684898257255554,0.3988155424594879,0.006158983800560236,0.46821892261505127,0.5336725115776062,-0.1370920101988357,0.38164254834795425,0.1189132192905249,-0.002732794964686036,0.0012140098260715604,-0.0013060953933745623,0.01562615856528282,0.0894259437918663,-0.09901997447013855,-0.07437890768051147,0.3234664797782898,0.15198136866092682,0.003263107966631651,0.13433589041233063,0.36504948139190674,-1.0941480417930785,1.29407074927851,-1.1282201314180753
0.0003640961367636919,-0.001595391659066081,-0.006962590850889683,-0.8311604857444763,0.31901466846466064,-0.028293609619140625,-0.10787490010261536,0.017987918108701706,-0.12028411775827408,0.007152308244258165,0.8907292485237122,0.16256946325302124,-1.4859387844548368,1.360742604437025,-1.0515747619996239,-0.0023017432540655136,0.00042555935215204954,-0.003397702006623149,-0.10881383717060089,0.0340806245803833,-0.042877621948719025,0.033458828926086426,-0.1431257575750351,0.1612306386232376,0.004125954583287239,0.12182130664587021,0.2181737720966339,-0.15077621396774135,0.7455758969453159,-1.362926759674275,0.0026201638393104076,-0.0028967061080038548,-0.004416509531438351,0.2659981846809387,0.4198801815509796,-0.018384071066975594,-0.24266640841960907,0.3225017786026001,0.38921353220939636,0.005895907059311867,0.49738553166389465,0.5606973767280579,-0.1370920101988357,0.38164254834795425,0.1189132192905249,-0.0025386097840964794,0.0012618247419595718,-0.0014905789867043495,0.016364313662052155,0.09549009054899216,-0.1077936589717865,-0.06945014744997025,0.328837513923645,0.15596918761730194,0.0032028998248279095,0.14493316411972046,0.370518296957016,-1.0941480417930785,1.29407074927851,-1.1282201314180753
0.0005316692404448986,-0.001540781231597066,-0.007077451795339584,-0.8296231031417847,0.32488539814949036,-0.018497437238693237,-0.10935063660144806,0.02001248672604561,-0.1214926615357399,0.007262712810188532,0.8911605477333069,0.16467703878879547,-1.4859387844548368,1.360742604437025,-1.0515747619996239,-0.0022833403199911118,0.000643616309389472,-0.003494519041851163,-0.11869416385889053,0.03398649021983147,-0.02867380529642105,0.031122203916311264,-0.14866681396961212,0.16067743301391602,0.004223688971251249,0.12675003707408905,0.22110551595687866,-0.15077621396774135,0.7455758969453159,-1.362926759674275,0.002676615957170725,-0.0028181152883917093,-0.004104939755052328,0.2585795819759369,0.4588853120803833,-0.016650373116135597,-0.27906060218811035,0.34180936217308044,0.3829328417778015,0.005653014872223139,0.5269879698753357,0.5842482447624207,-0.1370920101988357,0.38164254834795425,0.1189132192905249,-0.002369008492678404,0.0013275539968162775,-0.0016388758085668087,0.01631009578704834,0.1096169501543045,-0.11319492012262344,-0.0681392028927803,0.33057495951652527,0.15757876634597778,0.0031718313694000244,0.15841397643089294,0.37249672412872314,-1.0941480417930785,1.29407074927851,-1.1282201314180753
0.0006214405875653028,-0.0014450554735958576,-0.00715928990393877,-0.8253234624862671,0.3364810347557068,-0.0102100670337677,-0.10966373234987259,0.020070046186447144,-0.12301938235759735,0.0073300618678331375,0.891337513923645,0.1660201996564865,-1.4859387844548368,1.360742604437025,-1.0515747619996239,-0.002233712002635002,0.0008510700426995754,-0.0036037282552570105,-0.12876026332378387,0.033259619027376175,-0.010723700746893883,0.03107382357120514,-0.14905211329460144,0.16072005033493042,0.004324424546211958,0.13341815769672394,0.22138890624046326,-0.15077621396774135,0.7455758969453159,-1.362926759674275,0.0027618955355137587,-0.0027369139716029167,-0.0038003488443791866,0.24966153502464294,0.49749308824539185,-0.02152908965945244,-0.30448275804519653,0.35546568036079407,0.3797951936721802,0.005437041167169809,0.5570401549339294,0.6027520298957825,-0.1370920101988357,0.38164254834795425,0.1189132192905249,-0.002245259005576372,0.0014010234735906124,-0.0017141546122729778,0.015367604792118073,0.12980209290981293,-0.11357904225587845,-0.06918006390333176,0.32995501160621643,0.15767890214920044,0.0031531541608273983,0.1731616109609604,0.3721811771392822,-1.0941480417930785,1.29407074927851,-1.1282201314180753
0.0006115718279033899,-0.0013263672590255737,-0.007192499004304409,-0.8190871477127075,0.35229727625846863,-0.0021622180938720703,-0.10932006686925888,0.019017942249774933,-0.12473807483911514,0.007339299190789461,0.8916399478912354,0.16694952547550201,-1.4859387844548368,1.360742604437025,-1.0515747619996239,-0.0021737036295235157,0.00102518021594733,-0.003694822546094656,-0.13969554007053375,0.032347097992897034,0.010130071081221104,0.033618178218603134,-0.14344468712806702,0.1614537239074707,0.004407685715705156,0.14374907314777374,0.21857233345508575,-0.15077621396774135,0.7455758969453159,-1.362926759674275,0.002823524409905076,-0.0026510581374168396,-0.003526844084262848,0.23777204751968384,0.5366572141647339,-0.03036084584891796,-0.32079169154167175,0.3635950982570648,0.38042646646499634,0.005238227546215057,0.5877569913864136,0.6163058876991272,-0.13657980902873643,0.3817918126416613,0.12223717264306866,-0.002183942124247551,0.0014556257519870996,-0.0016985948896035552,0.0136103555560112,0.1523265242576599,-0.1080264151096344,-0.07154259085655212,0.3279896676540375,0.15693046152591705,0.0031262876000255346,0.1872386634349823,0.3705708086490631,-1.0941480417930785,1.29407074927851,-1.1282201314180753
0.0005019495729357004,-0.0012102853506803513,-0.00717643927782774,-0.812239944934845,0.36958014965057373,0.006346553564071655,-0.1086415946483612,0.017445344477891922,-0.12642551958560944,0.0072950683534145355,0.8923919796943665,0.16760295629501343,-1.4859387844548368,1.360742604437025,-1.0515747619996239,-0.0021215465385466814,0.0011525123845785856,-0.003743017092347145,-0.1522114872932434,0.03171477094292641,0.033425938338041306,0.03943410888314247,-0.13017314672470093,0.16307909786701202,0.004454146604984999,0.1590328812599182,0.2123555690050125,-0.15077621396774135,0.7455758969453159,-1.362926759674275,0.0028193509206175804,-0.002580455970019102,-0.003269766690209508,0.22026485204696655,0.5769135355949402,-0.04508744925260544,-0.33047744631767273,0.36919647455215454,0.3822121322154999,0.005029798019677401,0.6191758513450623,0.6257854700088501,-0.13657980902873643,0.3817918126416613,0.12223717264306866,-0.0021831211633980274,0.0014702375046908855,-0.0016039636684581637,0.01135333627462387,0.17269733548164368,-0.0973433405160904,-0.0744212418794632,0.32542884349823,0.15577705204486847,0.0030822581611573696,0.19856736063957214,0.3683869540691376,-1.0941480417930785,1.29407074927851,-1.1282201314180753
0.00031520030461251736,-0.0011201886227354407,-0.007123185321688652,-0.8063114881515503,0.38481295108795166,0.014779448509216309,-0.10777006298303604,0.015689244493842125,-0.1277274191379547,0.007217613514512777,0.8935533761978149,0.16785360872745514,-1.4859387844548368,1.360742604437025,-1.0515747619996239,-0.002082257531583309,0.0012280263472348452,-0.0037311031483113766,-0.1663142740726471,0.03171907365322113,0.058605361729860306,0.04951387643814087,-0.10686810314655304,0.1658845990896225,0.00444578193128109,0.17916786670684814,0.20344559848308563,-0.15077621396774135,0.7455758969453159,-1.362926759674275,0.002725006313994527,-0.0025169614236801863,-0.003029841696843505,0.19737808406352997,0.6164082884788513,-0.06215599179267883,-0.3353385627269745,0.37231290340423584,0.38545626401901245,0.004789644852280617,0.6502158641815186,0.6321751475334167,-0.13657980902873643,0.3817918126416613,0.12223717264306866,-0.002223531948402524,0.0014405252877622843,-0.0014666435308754444,0.009106745943427086,0.18687964975833893,-0.08418133109807968,-0.07719382643699646,0.32279422879219055,0.15445640683174133,0.003028242150321603,0.20516684651374817,0.36607620120048523,-1.0941480417930785,1.29407074927851,-1.1282201314180753
8.611101657152176e-05,-0.0010738534620031714,-0.0070524029433727264,-0.8026683926582336,0.39464691281318665,0.021836310625076294,-0.1066800206899643,0.013864203356206417,-0.12812650203704834,0.007134210783988237,0.8947064280509949,0.16729986667633057,-1.4859387844548368,1.360742604437025,-1.0515747619996239,-0.002046029781922698,0.0012505194172263145,-0.0036591000389307737,-0.18081329762935638,0.03256544843316078,0.08441963791847229,0.06502951681613922,-0.07076795399188995,0.17020893096923828,0.004374819807708263,0.2021895945072174,0.1954687237739563,-0.15077621396774135,0.7455758969453159,-1.362926759674275,0.0025466689839959145,-0.0024668239057064056,-0.0028079687617719173,0.1704559624195099,0.6520260572433472,-0.07934746891260147,-0.33688339591026306,0.37366983294487,0.3892797529697418,0.004522767849266529,0.6785935759544373,0.6361275911331177,-0.13657980902873643,0.3817918126416613,0.12223717264306866,-0.0022812876850366592,0.0013733761152252555,-0.0013316662516444921,0.007366660982370377,0.19237473607063293,-0.07170918583869934,-0.07936696708202362,0.32042795419692993,0.15302211046218872,0.0029772084672003984,0.20543737709522247,0.36385291814804077,-1.0941480417930785,1.29407074927851,-1.1282201314180753
-0.0001480297651141882,-0.0010804517660290003,-0.006985395681113005,-0.8019989728927612,0.3972267806529999,0.0261954665184021,-0.10519744455814362,0.0118982819840312,-0.1269204169511795,0.007070010062307119,0.8953645825386047,0.1652781367301941,-1.4859387844548368,1.360742604437025,-1.0515747619996239,-0.001999662956222892,0.001221193466335535,-0.003551867790520191,-0.19332867860794067,0.03435056284070015,0.1086840033531189,0.08710721880197525,-0.01924135535955429,0.1763782501220703,0.0042550829239189625,0.22442850470542908,0.19765420258045197,-0.15077621396774135,0.7455758969453159,-1.362926759674275,0.0023188479244709015,-0.00243255402892828,-0.0026149186305701733,0.14197926223278046,0.6804856061935425,-0.09499892592430115,-0.33605730533599854,0.37365251779556274,0.39257049560546875,0.004258188884705305,0.7016007304191589,0.6377007961273193,-0.13657980902873643,0.3817918126416613,0.12223717264306866,-0.0023368920665234327,0.0012781055411323905,-0.0012375381775200367,0.006434592418372631,0.1889047473669052,-0.0623677596449852,-0.08052268624305725,0.31854456663131714,0.151371031999588,0.002937025623396039,0.1990380436182022,0.36175644397735596,-1.0941480417930785,1.29407074927851,-1.1282201314180753
-0.00034972443245351315,-0.0011356330942362547,-0.006940970662981272,-0.8040169477462769,0.39289119839668274,0.026690900325775146,-0.10302463173866272,0.00957240629941225,-0.12322072684764862,0.007041948847472668,0.8952760100364685,0.1609007567167282,-1.4859387844548368,1.360742604437025,-1.0515747619996239,-0.0019356640987098217,0.00114282569848001,-0.0034515412990003824,-0.20088833570480347,0.03717689961194992,0.1285753697156906,0.11648710072040558,0.04942125827074051,0.18461106717586517,0.004118978511542082,0.24139152467250824,0.22381454706192017,-0.15077621396774135,0.7455758969453159,-1.362926759674275,0.002094054128974676,-0.002404770813882351,-0.0024632466956973076,0.1160019114613533,0.6988781094551086,-0.10834662616252899,-0.333199679851532,0.3722732961177826,0.39391380548477173,0.004029338713735342,0.7166771292686462,0.6362212896347046,-0.13657980902873643,0.3817918126416613,0.12223717264306866,-0.00237559643574059,0.0011642638128250837,-0.001205607783049345,0.006414902396500111,0.1786707639694214,-0.05795499309897423,-0.08027702569961548,0.31727898120880127,0.14927485585212708,0.002907311078161001,0.18794460594654083,0.3597128689289093,-1.0941480417930785,1.29407074927851,-1.1282201314180753
-0.0004844770301133394,-0.0012211439898237586,-0.006931452080607414,-0.8076843023300171,0.38370129466056824,0.022398799657821655,-0.0997748151421547,0.0065643079578876495,-0.11598780006170273,0.007054852321743965,0.8944731950759888,0.15313808619976044,-1.4859387844548368,1.360742604437025,-1.0515747619996239,-0.0018509607762098312,0.0010174494236707687,-0.003396875225007534,-0.20092527568340302,0.04130091890692711,0.14129804074764252,0.15304823219776154,0.13489919900894165,0.19488556683063507,0.004000002518296242,0.2490820586681366,0.2821381688117981,-0.15077621396774135,0.7455758969453159,-1.362926759674275,0.0019227559678256512,-0.002369124675169587,-0.0023617129772901535,0.0978807881474495,0.7054557204246521,-0.1188979297876358,-0.3280580937862396,0.3691720962524414,0.3915378451347351,0.003858423326164484,0.722070038318634,0.6302475929260254,-0.13657980902873643,0.3817918126416613,0.12223717264306866,-0.0023871813900768757,0.0010438744211569428,-0.0012351453769952059,0.007282707840204239,0.16585560142993927,-0.05999532341957092,-0.07825945317745209,0.3167247474193573,0.14641718566417694,0.0028833821415901184,0.17652352154254913,0.35759907960891724,-1.0941480417930785,1.29407074927851,-1.1282201314180753
-0.0005302675999701023,-0.001312970882281661,-0.006959085818380117,-0.8116285800933838,0.3726465106010437,0.013142406940460205,-0.09502209722995758,0.0025011124089360237,-0.10412012040615082,0.007101686671376228,0.8931847810745239,0.14098387956619263,-1.4859387844548368,1.360742604437025,-1.0515747619996239,-0.0017456348286941648,0.0008492314955219626,-0.0034028226509690285,-0.19231651723384857,0.04724851995706558,0.14478686451911926,0.1951882392168045,0.23339208960533142,0.20676541328430176,0.003917606081813574,0.24531877040863037,0.3678617477416992,-0.15077621396774135,0.7455758969453159,-1.362926759674275,0.0018289919244125485,-0.0023175147362053394,-0.0023109151516109705,0.09272800385951996,0.7003305554389954,-0.125705748796463,-0.31985151767730713,0.363648921251297,0.3833043575286865,0.0037491885013878345,0.7175397872924805,0.6176307797431946,-0.13657980902873643,0.3817918126416613,0.12223717264306866,-0.0023673754185438156,0.0009326239232905209,-0.001308151287958026,0.008902506902813911,0.15533074736595154,-0.06936103850603104,-0.07412199676036835,0.31696006655693054,0.1424415409564972,0.002861033659428358,0.17034626007080078,0.3553130328655243,-1.0941480417930785,1.29407074927851,-1.1282201314180753
-0.00048471009358763695,-0.001388736185617745,-0.007017203606665134,-0.8144204616546631,0.3630906343460083,-0.00026914477348327637,-0.08837482333183289,-0.0029730256646871567,-0.08661901205778122,0.0071697053499519825,0.8916925191879272,0.12378127127885818,-1.4859387844548368,1.360742604437025,-1.0515747619996239,-0.0016263523139059544,0.0006520148599520326,-0.0034543457441031933,-0.1761138141155243,0.05579786002635956,0.13834215700626373,0.2395114302635193,0.33689072728157043,0.21931305527687073,0.0038733254186809063,0.23079867660999298,0.4679308831691742,-0.15077621396774135,0.7455758969453159,-1.362926759674275,0.0018027807818725705,-0.002250234130769968,-0.002300077583640814,0.10350607335567474,0.6852835416793823,-0.12745504081249237,-0.30738720297813416,0.3547373116016388,0.3667808771133423,0.0036883503198623657,0.7046785354614258,0.595695972442627,-0.13657980902873643,0.3817918126416613,0.12223717264306866,-0.0023176134563982487,0.0008483297424390912,-0.0013989259023219347,0.011032115668058395,0.15125419199466705,-0.08572395145893097,-0.06758580356836319,0.3180583417415619,0.13701537251472473,0.002836897736415267,0.1742071509361267,0.3528486490249634,-1.0941480417930785,1.29407074927851,-1.1282201314180753
-0.0003645974211394787,-0.0014279914321377873,-0.007093347143381834,-0.8147634267807007,0.35822951793670654,-0.016526132822036743,-0.07958026230335236,-0.010107222013175488,-0.06285024434328079,0.00724483747035265,0.8901914954185486,0.10190842300653458,-1.4859387844548368,1.360742604437025,-1.0515747619996239,-0.0015081585152074695,0.00044985348358750343,-0.0035153371281921864,-0.15547873079776764,0.0676916167140007,0.12307849526405334,0.2817519009113312,0.4353340268135071,0.23135149478912354,0.0038515590131282806,0.20953306555747986,0.5678233504295349,-0.15077621396774135,0.7455758969453159,-1.362926759674275,0.001812892034649849,-0.002173228422179818,-0.002311582677066326,0.13010174036026,0.6632985472679138,-0.12310570478439331,-0.2892467975616455,0.3413313627243042,0.3394412100315094,0.003654163796454668,0.6870563626289368,0.5615969896316528,-0.13657980902873643,0.3817918126416613,0.12223717264306866,-0.002243039198219776,0.0008061187108978629,-0.0014789701672270894,0.013370789587497711,0.15611562132835388,-0.10756747424602509,-0.058531418442726135,0.32008296251296997,0.12991780042648315,0.00280506769195199,0.1900569051504135,0.3503679037094116,-1.0941480417930785,1.29407074927851,-1.1282201314180753
-0.00020064995624125004,-0.0014140891144052148,-0.007170068100094795,-0.8117430210113525,0.3604641556739807,-0.03412631154060364,-0.06866789609193802,-0.018925372511148453,-0.03292107209563255,0.007310935761779547,0.8888339400291443,0.07846812903881073,-1.4859387844548368,1.360742604437025,-1.0515747619996239,-0.0014098802348598838,0.0002707126550376415,-0.0035382891073822975,-0.134834885597229,0.08312077820301056,0.10191461443901062,0.3185490667819977,0.5207606554031372,0.24196605384349823,0.0038184470031410456,0.18835100531578064,0.6566678881645203,-0.15077621396774135,0.7455758969453159,-1.362926759674275,0.0018189109396189451,-0.002099668839946389,-0.0023256721906363964,0.16950735449790955,0.637851893901825,-0.11246952414512634,-0.2640654742717743,0.3223856985569,0.2990415394306183,0.0036229542456567287,0.6695051789283752,0.5129219889640808,-0.13657980902873643,0.3817918126416613,0.12223717264306866,-0.0021486186888068914,0.0008122313302010298,-0.0015196306630969048,0.015614289790391922,0.1703074425458908,-0.1324750930070877,-0.047138482332229614,0.3230627179145813,0.12115678936243057,0.0027541895397007465,0.21632863581180573,0.3482391834259033,-1.0941480417930785,1.29407074927851,-1.1282201314180753
-2.8770649805665016e-05,-0.0013423992786556482,-0.007226835936307907,-0.8052008152008057,0.37065595388412476,-0.051044315099716187,-0.05613521859049797,-0.02907496504485607,0.0018179211765527725,0.007350511383265257,0.8878849148750305,0.06324414163827896,-1.4859387844548368,1.360742604437025,-1.0515747619996239,-0.001347124925814569,0.00014483113773167133,-0.00347212515771389,-0.11885005235671997,0.10113932192325592,0.07928638905286789,0.34836840629577637,0.5894663333892822,0.2507629990577698,0.003727113362401724,0.1750452220439911,0.7291866540908813,-0.15077621396774135,0.7455758969453159,-1.362926759674275,0.001775458105839789,-0.0020501543767750263,-0.002314516808837652,0.21589821577072144,0.6120147705078125,-0.096518874168396,-0.23092994093894958,0.2972104251384735,0.2442227452993393,0.003565441584214568,0.6561173796653748,0.44867295026779175,-0.13657980902873643,0.3817918126416613,0.12223717264306866,-0.002035734709352255,0.0008631161181256175,-0.0014978758990764618,0.017454732209444046,0.19215437769889832,-0.15714159607887268,-0.03407527133822441,0.32694926857948303,0.1111190915107727,0.00267073349095881,0.24884021282196045,0.3469933569431305,-1.0941480417930785,1.29407074927851,-1.1282201314180753
0.00011954852379858494,-0.001226547989062965,-0.007245253771543503,-0.7960312366485596,0.3874853849411011,-0.06467324495315552,-0.04303942620754242,-0.03975216671824455,0.038521360605955124,0.007349313702434301,0.8876898884773254,0.07011791318655014,-1.4859387844548368,1.360742604437025,-1.0515747619996239,-0.001332485699094832,0.00010634062346071005,-0.0032827865798026323,-0.11145706474781036,0.11913750320672989,0.060819607228040695,0.3715226650238037,0.6410483121871948,0.25785091519355774,0.0035445047542452812,0.17411331832408905,0.7845119833946228,-0.15140285271849502,0.7453131546968876,-1.3629169249927302,0.0016394422855228186,-0.0020410779397934675,-0.0022366768680512905,0.2605931758880615,0.5884661078453064,-0.07735826820135117,-0.18992085754871368,0.2658793032169342,0.17537946999073029,0.0034433258697390556,0.6482171416282654,0.3708364963531494,-0.13657980902873643,0.3817918126416613,0.12223717264306866,-0.0019023407949134707,0.0009518037550151348,-0.0014025743585079908,0.01856353133916855,0.21825583279132843,-0.17737054824829102,-0.020588237792253494,0.33158400654792786,0.10064350068569183,0.002547949319705367,0.28185194730758667,0.34713247418403625,-1.0941480417930785,1.29407074927851,-1.1282201314180753
0.00022505968809127808,-0.0010933034354820848,-0.007216001860797405,-0.7860552072525024,0.4075506031513214,-0.07254266738891602,-0.03071560151875019,-0.04992730915546417,0.07361387461423874,0.0073018246330320835,0.8883933424949646,0.09410200268030167,-1.4859387844548368,1.360742604437025,-1.0515747619996239,-0.0013843358028680086,0.0001808588858693838,-0.002977286698296666,-0.11529231071472168,0.13250252604484558,0.052613940089941025,0.3882075548171997,0.6778497695922852,0.2633526921272278,0.003288363106548786,0.18335065245628357,0.8243421912193298,-0.15140285271849502,0.7453131546968876,-1.3629169249927302,0.001383441500365734,-0.002071599243208766,-0.0020483694970607758,0.29336410760879517,0.5701960325241089,-0.05793902277946472,-0.14281335473060608,0.22976170480251312,0.09581606090068817,0.0032250971999019384,0.6438500881195068,0.28699618577957153,-0.13657980902873643,0.3817918126416613,0.12223717264306866,-0.0017452096799388528,0.001075233449228108,-0.0012399005936458707,0.01865222305059433,0.24415357410907745,-0.18886664509773254,-0.00818660855293274,0.33673644065856934,0.09079109877347946,0.0023956703953444958,0.3092401623725891,0.3488573729991913,-1.0941480417930785,1.29407074927851,-1.1282201314180753
0.00028627621941268444,-0.0009679519571363926,-0.007146005518734455,-0.7774980068206787,0.4262961149215698,-0.07321655750274658,-0.02023598924279213,-0.05877748876810074,0.1042560413479805,0.007216943893581629,0.8897146582603455,0.12138208746910095,-1.4859387844548368,1.360742604437025,-1.0515747619996239,-0.0015116144204512239,0.0003707322757691145,-0.0026098592206835747,-0.13068971037864685,0.13641899824142456,0.059357672929763794,0.399970144033432,0.7025174498558044,0.2677008807659149,0.0030387144070118666,0.19802342355251312,0.8515694737434387,-0.15140285271849502,0.7453131546968876,-1.3629169249927302,0.0010088994167745113,-0.002121782163158059,-0.0017276671715080738,0.30538713932037354,0.5602748394012451,-0.04172468185424805,-0.09342818707227707,0.1917882114648819,0.012325126677751541,0.002916277153417468,0.6394608020782471,0.21369008719921112,-0.13657980902873643,0.3817918126416613,0.12223717264306866,-0.001562671735882759,0.0012346483999863267,-0.0010372127871960402,0.017588458955287933,0.26536914706230164,-0.1886502057313919,0.001956075429916382,0.34218722581863403,0.08240625262260437,0.002245464362204075,0.3260660171508789,0.3519754409790039,-1.0941480417930785,1.29407074927851,-1.1282201314180753
0.000318057369440794,-0.0008650023955851793,-0.007057431153953075,-0.7723209261894226,0.4393933415412903,-0.06666496396064758,-0.012123599648475647,-0.06591175496578217,0.12910161912441254,0.007117353845387697,0.8910613656044006,0.145459845662117,-1.4859387844548368,1.360742604437025,-1.0515747619996239,-0.0017002122476696968,0.0006395404925569892,-0.0022574393078684807,-0.15526412427425385,0.12762431800365448,0.08262987434864044,0.40807002782821655,0.7180612087249756,0.27122458815574646,0.002897544763982296,0.21730764210224152,0.8693076372146606,-0.15140285271849502,0.7453131546968876,-1.3629169249927302,0.0005513153155334294,-0.002159778494387865,-0.0012944061309099197,0.2923579216003418,0.5601955056190491,-0.032309915870428085,-0.04659740626811981,0.15565389394760132,-0.0665726363658905,0.0025776110123842955,0.6327211856842041,0.17558863759040833,-0.13657980902873643,0.3817918126416613,0.12223717264306866,-0.0013574709882959723,0.0014259936287999153,-0.0008361314539797604,0.015444066375494003,0.27846646308898926,-0.17590448260307312,0.00933033600449562,0.3477403223514557,0.07588303834199905,0.0021389953326433897,0.3297339677810669,0.35604581236839294,-1.0941480417930785,1.29407074927851,-1.1282201314180753
0.00033902633003890514,-0.0007938999915495515,-0.006973662413656712,-0.7715381979942322,0.4443552494049072,-0.05367034673690796,-0.006399407982826233,-0.07129210233688354,0.14803431928157806,0.007026889827102423,0.8919659852981567,0.1644313782453537,-1.4874570950577,1.3607466064661233,-1.053000834966768,-0.0019118720665574074,0.0009213486919179559,-0.0019847804214805365,-0.18392355740070343,0.10549753159284592,0.11955715715885162,0.41352492570877075,0.7270878553390503,0.27412575483322144,0.002905768807977438,0.24341633915901184,0.8802298307418823,-0.15140285271849502,0.7453131546968876,-1.3629169249927302,6.865050818305463e-05,-0.0021570215467363596,-0.0008124537416733801,0.25622838735580444,0.568290114402771,-0.03286796063184738,-0.00617268867790699,0.12428731471300125,-0.13400980830192566,0.0023059784434735775,0.6242491006851196,0.18287718296051025,-0.13657980902873643,0.3817918126416613,0.12223717264306866,-0.001135472790338099,0.0016272347420454025,-0.0006739691598340869,0.012871474027633667,0.28169605135917664,-0.15180720388889313,0.01414673775434494,0.3531072735786438,0.07136571407318115,0.0020955728832632303,0.3202557861804962,0.3605245351791382,-1.0895332338372496,1.293657842268328,-1.1227496318803394
0.0003675874322652817,-0.0007669331971555948,-0.006907249800860882,-0.7750725746154785,0.4409363269805908,-0.03622084856033325,-0.0028902217745780945,-0.07509829849004745,0.16162890195846558,0.0069594113156199455,0.8924540877342224,0.17824704945087433,-1.4874570950577,1.3607466064661233,-1.053000834966768,-0.0020995205268263817,0.0011497426312416792,-0.0018185561057180166,-0.21012745797634125,0.07193112373352051,0.16281703114509583,0.416928768157959,0.7314445972442627,0.2764022946357727,0.003006167244166136,0.27538520097732544,0.8861371278762817,-0.15140285271849502,0.7453131546968876,-1.3629169249927302,-0.00038461340591311455,-0.002103575738146901,-0.0003691835154313594,0.20470938086509705,0.579862654209137,-0.045396432280540466,0.026015255600214005,0.09905365109443665,-0.18654736876487732,0.002170081716030836,0.6166096925735474,0.21281057596206665,-0.13657980902873643,0.3817918126416613,0.12223717264306866,-0.0009126389632001519,0.0017903147963806987,-0.000562369532417506,0.009349111467599869,0.27481988072395325,-0.11955651640892029,0.016704857349395752,0.3579203486442566,0.06835030764341354,0.0020867190323770046,0.2998451888561249,0.36477088928222656,-1.0895332338372496,1.293657842268328,-1.1227496318803394
0.0004032945726066828,-0.000796374399214983,-0.006861897185444832,-0.7818243503570557,0.43102216720581055,-0.01632961630821228,-0.0011527910828590393,-0.07758861780166626,0.17076806724071503,0.006919717416167259,0.8929144144058228,0.1875714659690857,-1.4874570950577,1.3607466064661233,-1.053000834966768,-0.002220367779955268,0.0012865259777754545,-0.0017493893392384052,-0.2279270589351654,0.031062763184309006,0.2028806209564209,0.4183294177055359,0.7320084571838379,0.2777869403362274,0.0031057277228683233,0.3067184090614319,0.8876944780349731,-0.15140285271849502,0.7453131546968876,-1.3629169249927302,-0.0007745826151221991,-0.0020114872604608536,-4.588695082929917e-05,0.14864535629749298,0.5891433358192444,-0.06779618561267853,0.05071482062339783,0.0805995911359787,-0.2232176959514618,0.0021559603046625853,0.6113768219947815,0.24268174171447754,-0.1351352824597012,0.37808147505303397,0.12554104189564497,-0.0007015353767201304,0.0018648302648216486,-0.0004967910354025662,0.005753748118877411,0.25907957553863525,-0.0831156075000763,0.01798497885465622,0.3614325225353241,0.06657955050468445,0.0020534228533506393,0.27214616537094116,0.36795350909233093,-1.0895332338372496,1.293657842268328,-1.1227496318803394
0.0004399716854095459,-0.0008810011204332113,-0.006837580353021622,-0.7903968095779419,0.41692811250686646,0.002938896417617798,-0.0006795898079872131,-0.07903259992599487,0.17632800340652466,0.006908128969371319,0.8936245441436768,0.19323089718818665,-1.4874570950577,1.3607466064661233,-1.053000834966768,-0.002246237127110362,0.0013275460805743933,-0.0017558819381520152,-0.23369871079921722,-0.011035069823265076,0.23163536190986633,0.4171569347381592,0.7285851240158081,0.27770182490348816,0.003145009046420455,0.32922911643981934,0.8842931985855103,-0.15140285271849502,0.7453131546968876,-1.3629169249927302,-0.001086257747374475,-0.0019063168438151479,0.00014505126455333084,0.09801733493804932,0.5906148552894592,-0.10175445675849915,0.06708413362503052,0.06713605672121048,-0.24602416157722473,0.0021988723892718554,0.60727858543396,0.26369568705558777,-0.1351352824597012,0.37808147505303397,0.12554104189564497,-0.0005178739666007459,0.0018243608064949512,-0.0004660237464122474,0.002501542679965496,0.23675517737865448,-0.0468873493373394,0.019131779670715332,0.3625483512878418,0.06559152156114578,0.0019528605043888092,0.24136631190776825,0.3689303398132324,-1.0895332338372496,1.293657842268328,-1.1227496318803394
0.00046807597391307354,-0.0010017065797001123,-0.006836387328803539,-0.7994980812072754,0.40076732635498047,0.018639445304870605,-0.0009108558297157288,-0.07965138554573059,0.17898070812225342,0.006925222463905811,0.894516110420227,0.19590626657009125,-1.4874570950577,1.3607466064661233,-1.053000834966768,-0.0021721634548157454,0.0012880719732493162,-0.0018257568590342999,-0.22654004395008087,-0.04744785651564598,0.24471423029899597,0.41219931840896606,0.7198984622955322,0.2752354145050049,0.003116217441856861,0.3368334174156189,0.8740232586860657,-0.15140285271849502,0.7453131546968876,-1.3629169249927302,-0.0013069584965705872,-0.0018102368339896202,0.00020958963432349265,0.06012789532542229,0.5812205076217651,-0.13921475410461426,0.07721840590238571,0.0580996572971344,-0.2567985951900482,0.002242548856884241,0.6006774306297302,0.2743788957595825,-0.1351352824597012,0.37808147505303397,0.12554104189564497,-0.000373730028513819,0.0016820755554363132,-0.0004690944915637374,-0.0001104758121073246,0.21095429360866547,-0.014612119644880295,0.021525073796510696,0.35973042249679565,0.06488849222660065,0.001785805681720376,0.21145978569984436,0.3661690950393677,-1.0895332338372496,1.293657842268328,-1.1227496318803394
0.0004732420202344656,-0.0011320324847474694,-0.006865857169032097,-0.8081455230712891,0.3843790590763092,0.029450684785842896,-0.0012503191828727722,-0.0795847550034523,0.1790691614151001,0.0069746291264891624,0.8953847289085388,0.1959618777036667,-1.4874570950577,1.3607466064661233,-1.053000834966768,-0.002012798096984625,0.0011865459382534027,-0.0019539445638656616,-0.20722812414169312,-0.07257223129272461,0.24122516810894012,0.4016404449939728,0.7036774158477783,0.2691536545753479,0.003045840887352824,0.3261898159980774,0.8537684679031372,-0.15140285271849502,0.7453131546968876,-1.3629169249927302,-0.0014324559597298503,-0.0017312542768195271,0.00017233881226275116,0.038571279495954514,0.5597573518753052,-0.17255663871765137,0.08260585367679596,0.052393458783626556,-0.25820353627204895,0.0022536353208124638,0.5870194435119629,0.27611204981803894,-0.1351352824597012,0.37808147505303397,0.12554104189564497,-0.0002755898458417505,0.0014747227542102337,-0.0005123335868120193,-0.001969650387763977,0.18509434163570404,0.01138740312308073,0.026740852743387222,0.3509921729564667,0.06396327167749405,0.0015853210352361202,0.18545475602149963,0.35777348279953003,-1.0895332338372496,1.293657842268328,-1.1227496318803394
0.00043730391189455986,-0.001249243738129735,-0.0069279540330171585,-0.8156958818435669,0.3693217635154724,0.03591880202293396,-0.0010668113827705383,-0.07887664437294006,0.17654769122600555,0.007053253706544638,0.8961297273635864,0.19336946308612823,-1.4874570950577,1.3607466064661233,-1.053000834966768,-0.0017871155869215727,0.0010350164957344532,-0.0021176948212087154,-0.17718751728534698,-0.08408483862876892,0.22256340086460114,0.38318395614624023,0.6768624782562256,0.2579655051231384,0.002957984572276473,0.29664820432662964,0.8194625973701477,-0.15140285271849502,0.7453131546968876,-1.3629169249927302,-0.0014700463507324457,-0.0016626325668767095,5.7634875702206045e-05,0.03387106582522392,0.5267688035964966,-0.1949211061000824,0.08463823795318604,0.04906853288412094,-0.2531161308288574,0.0022200685925781727,0.5626960396766663,0.27136528491973877,-0.1351352824597012,0.37808147505303397,0.12554104189564497,-0.0002268339740112424,0.0012384086148813367,-0.0005914096254855394,-0.0030875597149133682,0.16196653246879578,0.030080992728471756,0.03648406267166138,0.33397847414016724,0.06231926381587982,0.0013909977860748768,0.1647651493549347,0.3416963517665863,-1.0895332338372496,1.293657842268328,-1.1227496318803394
0.00034538540057837963,-0.0013328680070117116,-0.007007251959294081,-0.8217538595199585,0.3567706048488617,0.03924039006233215,0.0003063082695007324,-0.07747600972652435,0.1709805428981781,0.007141246926039457,0.8967187404632568,0.18771512806415558,-1.4874570950577,1.3607466064661233,-1.053000834966768,-0.0015103695914149284,0.0008337922627106309,-0.002266736701130867,-0.1387944519519806,-0.08334403485059738,0.1921204924583435,0.35430145263671875,0.6359826326370239,0.24006739258766174,0.0028485998045653105,0.25123775005340576,0.7665740251541138,-0.15140285271849502,0.7453131546968876,-1.3629169249927302,-0.001444274210371077,-0.0015980616444721818,-9.780893742572516e-05,0.0446242019534111,0.48429542779922485,-0.20241877436637878,0.08448217809200287,0.04745472967624664,-0.2445681244134903,0.0021562224719673395,0.5267890691757202,0.2630641758441925,-0.1351352824597012,0.37808147505303397,0.12554104189564497,-0.00022842820908408612,0.0010014555882662535,-0.0006860969588160515,-0.0034871529787778854,0.14290480315685272,0.041122015565633774,0.052460119128227234,0.30617555975914,0.059495411813259125,0.001235241536051035,0.1487446278333664,0.3162834942340851,-1.0895332338372496,1.293657842268328,-1.1227496318803394
0.00019347062334418297,-0.0013632755726575851,-0.00708030816167593,-0.8262064456939697,0.34722626209259033,0.04041242599487305,0.0035602524876594543,-0.07525244355201721,0.16159969568252563,0.007212954573333263,0.8971155285835266,0.17829768359661102,-1.4874570950577,1.3607466064661233,-1.053000834966768,-0.0012049871729686856,0.0005727917887270451,-0.0023579695262014866,-0.09605319052934647,-0.07442833483219147,0.15510067343711853,0.312649130821228,0.5777587294578552,0.21399658918380737,0.0027092627715319395,0.19703301787376404,0.6909046173095703,-0.15140285271849502,0.7453131546968876,-1.3629169249927302,-0.0013909441186115146,-0.0015470903599634767,-0.0002473312197253108,0.06753392517566681,0.43569523096084595,-0.19470304250717163,0.08302383124828339,0.0472380630671978,-0.23582114279270172,0.0020950865000486374,0.4819755554199219,0.25443270802497864,-0.1351352824597012,0.37808147505303397,0.12554104189564497,-0.00027409213362261653,0.0007905684178695083,-0.0007749143987894058,-0.003190916031599045,0.12783145904541016,0.044730063527822495,0.0761507973074913,0.26529741287231445,0.05510581284761429,0.0011404460528865457,0.1354689747095108,0.28145745396614075,-1.0895332338372496,1.293657842268328,-1.1227496318803394
-6.089219823479652e-06,-0.0013325480977073312,-0.00713045708835125,-0.8293374180793762,0.3403070867061615,0.040410906076431274,0.009374327957630157,-0.07202708721160889,0.14743101596832275,0.007253905292600393,0.8973530530929565,0.16435231268405914,-1.4874570950577,1.3607466064661233,-1.053000834966768,-0.0009119240567088127,0.0002452683402225375,-0.002391640329733491,-0.054258499294519424,-0.06225169450044632,0.11713793873786926,0.2567041516304016,0.5000030994415283,0.17882585525512695,0.0025713236536830664,0.1433197557926178,0.5898125171661377,-0.15140285271849502,0.7453131546968876,-1.3629169249927302,-0.001338066067546606,-0.0015282175736501813,-0.0003615845344029367,0.09710123389959335,0.3858761191368103,-0.17489033937454224,0.08086272329092026,0.04849827289581299,-0.23051337897777557,0.0020631561055779457,0.43464428186416626,0.24905277788639069,-0.1351352824597012,0.37808147505303397,0.12554104189564497,-0.00034696419606916606,0.0006292176549322903,-0.0008478034287691116,-0.0022749044001102448,0.1158565804362297,0.04190071299672127,0.10846041887998581,0.20989850163459778,0.04890354722738266,0.001111336867325008,0.12322171777486801,0.24127288162708282,-1.0895332338372496,1.293657842268328,-1.1227496318803394
-0.00022462639026343822,-0.001255505601875484,-0.007152151316404343,-0.8315640687942505,0.3353637158870697,0.04031965136528015,0.0183400921523571,-0.06762164831161499,0.1275029182434082,0.007264985702931881,0.897548496723175,0.1454855352640152,-1.4874570950577,1.3607466064661233,-1.053000834966768,-0.0006778198876418173,-0.0001323237083852291,-0.0024032234214246273,-0.018779825419187546,-0.05011090636253357,0.08252611011266708,0.18666183948516846,0.402875155210495,0.1347244381904602,0.0025004863273352385,0.09835824370384216,0.4640061557292938,-0.15140285271849502,0.7453131546968876,-1.3629169249927302,-0.0013001742772758007,-0.00153836898971349,-0.0004379965248517692,0.1273549497127533,0.3411591649055481,-0.14852188527584076,0.07833636552095413,0.05171249061822891,-0.23280593752861023,0.0020612794905900955,0.393278032541275,0.25101667642593384,-0.1351352824597012,0.37808147505303397,0.12554104189564497,-0.0004241159185767174,0.000525516748894006,-0.0009091842221096158,-0.0008490663021802902,0.10586059093475342,0.034006282687187195,0.14920510351657867,0.14025360345840454,0.04087617248296738,0.0011325449449941516,0.11119178682565689,0.20881594717502594,-1.0895332338372496,1.293657842268328,-1.1227496318803394
-0.0004245578311383724,-0.0011667688377201557,-0.007152235601097345,-0.8330186009407043,0.3322647213935852,0.040778160095214844,0.03083183988928795,-0.06192846596240997,0.10115642845630646,0.007259205915033817,0.8977653980255127,0.12254941463470459,-1.4874570950577,1.3607466064661233,-1.053000834966768,-0.0005317932227626443,-0.0005155206890776753,-0.0024349475279450417,0.006621972192078829,-0.038295142352581024,0.05347682163119316,0.10561762005090714,0.290524423122406,0.08370083570480347,0.0025451001711189747,0.06610702723264694,0.3202582597732544,-0.15140285271849502,0.7453131546968876,-1.3629169249927302,-0.0012854861561208963,-0.0015367779415100813,-0.0004800351453013718,0.15430039167404175,0.30783164501190186,-0.120612733066082,0.07556241005659103,0.057723529636859894,-0.24745123088359833,0.0020602415315806866,0.3648511469364166,0.26509204506874084,-0.1351352824597012,0.37808147505303397,0.12554104189564497,-0.00048305292148143053,0.00047132716281339526,-0.000976328446995467,0.001012684777379036,0.09734537452459335,0.021866293624043465,0.19643105566501617,0.05952753499150276,0.03137718886137009,0.001186889479868114,0.09977615624666214,0.207637220621109,-1.0895332338372496,1.293657842268328,-1.1227496318803394
-0.0005698732566088438,-0.0011057419469580054,-0.0071477340534329414,-0.8335540294647217,0.3311919867992401,0.041217267513275146,0.04681313782930374,-0.05500495806336403,0.06847389787435532,0.00725517189130187,0.8978860378265381,0.09952733665704727,-1.4874570950577,1.3607466064661233,-1.053000834966768,-0.000478988338727504,-0.0008501471020281315,-0.002517043612897396,0.021063756197690964,-0.024940766394138336,0.03031213954091072,0.020163562148809433,0.17192688584327698,0.02997468411922455,0.002699571894481778,0.04454828053712845,0.17568126320838928,-0.15140285271849502,0.7453131546968876,-1.3629169249927302,-0.0012925671180710196,-0.00147076731082052,-0.00048036841326393187,0.17664594948291779,0.29011616110801697,-0.09317667037248611,0.07249075174331665,0.0676630288362503,-0.2796941101551056,0.0020160952117294073,0.35221168398857117,0.296752393245697,-0.1351352824597012,0.37808147505303397,0.12554104189564497,-0.0005061362171545625,0.00045908792526461184,-0.00106856320053339,0.003259825985878706,0.09137405455112457,0.0054742395877838135,0.24607986211776733,-0.02563873864710331,0.021189004182815552,0.0012683701934292912,0.09159591048955917,0.24831758439540863,-1.0895332338372496,1.293657842268328,-1.1227496318803394
-0.0006360013503581285,-0.0010980706429108977,-0.007157985586673021,-0.8329517841339111,0.33218589425086975,0.039878398180007935,0.06557274609804153,-0.04719337075948715,0.030835509300231934,0.00726959528401494,0.8976337909698486,0.08647443354129791,-1.4874570950577,1.3607466064661233,-1.053000834966768,-0.0005059270188212395,-0.0010936418548226357,-0.0026567201130092144,0.025955403223633766,-0.008053349331021309,0.011944741010665894,-0.06137607619166374,0.05846671015024185,-0.021146811544895172,0.0029172205831855536,0.029685286805033684,0.087364561855793,-0.15140285271849502,0.7453131546968876,-1.3629169249927302,-0.0013074063463136554,-0.0013143599499017,-0.0004241208080202341,0.19578342139720917,0.2883647680282593,-0.06602330505847931,0.06896289438009262,0.08281220495700836,-0.3349066376686096,0.001901770825497806,0.35474562644958496,0.35181841254234314,-0.1351352824597012,0.37808147505303397,0.12554104189564497,-0.00048593891551718116,0.0004950310103595257,-0.0011902652913704515,0.005760416388511658,0.09056412428617477,-0.015122848562896252,0.293059766292572,-0.10690535604953766,0.011303961277008057,0.0013776515843346715,0.09199860692024231,0.31215471029281616,-1.0895332338372496,1.293657842268328,-1.1227496318803394
-0.0006158261094242334,-0.0011417208006605506,-0.007195699959993362,-0.8308969736099243,0.33545732498168945,0.0348343551158905,0.085593082010746,-0.03918089717626572,-0.008796393871307373,0.007311693858355284,0.8967356085777283,0.0945446714758873,-1.4874570950577,1.3607466064661233,-1.053000834966768,-0.0005874492926523089,-0.0012234949972480536,-0.0028367876075208187,0.0231102854013443,0.01296389102935791,-0.0032119564712047577,-0.13237100839614868,-0.040641333907842636,-0.06541509926319122,0.0031447417568415403,0.02669202908873558,0.153143510222435,-0.15214444593388798,0.7453686343225844,-1.363020048223293,-0.0013176881475374103,-0.0010823957854881883,-0.00029891557642258704,0.21525457501411438,0.2985195815563202,-0.039331771433353424,0.06477849930524826,0.10437804460525513,-0.41784900426864624,0.0017312519485130906,0.3701289892196655,0.435532808303833,-0.1351352824597012,0.37808147505303397,0.12554104189564497,-0.00042930321069434285,0.0005927793681621552,-0.0013222884153947234,0.008230369538068771,0.0977989137172699,-0.038712114095687866,0.3332900404930115,-0.17764237523078918,0.0025117099285125732,0.0015113356057554483,0.10550352931022644,0.37768423557281494,-1.0895332338372496,1.293657842268328,-1.1227496318803394
-0.0005202684551477432,-0.0012061435263603926,-0.007258742116391659,-0.8268449306488037,0.34197378158569336,0.025148093700408936,0.10496506839990616,-0.0318262092769146,-0.04668301343917847,0.0073766387067735195,0.895126223564148,0.11920518428087234,-1.4874570950577,1.3607466064661233,-1.053000834966768,-0.0006954145501367748,-0.001235372619703412,-0.0030269206035882235,0.013584672473371029,0.0370904877781868,-0.015911981463432312,-0.18956957757472992,-0.12105037271976471,-0.10079890489578247,0.003342453623190522,0.04258449003100395,0.24647562205791473,-0.15214444593388798,0.7453686343225844,-1.363020048223293,-0.0013263587607070804,-0.0008147527114488184,-9.751509060151875e-05,0.23823975026607513,0.3144448697566986,-0.014685733243823051,0.05977221578359604,0.13315998017787933,-0.531450629234314,0.0015596662415191531,0.39477768540382385,0.5511298179626465,-0.1351352824597012,0.37808147505303397,0.12554104189564497,-0.0003546481893863529,0.000756804714910686,-0.0014276211149990559,0.010272737592458725,0.11453341692686081,-0.062559574842453,0.36477747559547424,-0.23469562828540802,-0.004811912775039673,0.0016542765079066157,0.13090887665748596,0.4337831139564514,-1.0895332338372496,1.293657842268328,-1.1227496318803394
-0.0003764019347727299,-0.001245774794369936,-0.007327674422413111,-0.8201828598976135,0.35328248143196106,0.011585831642150879,0.12217853963375092,-0.025822853669524193,-0.07986608147621155,0.007442341186106205,0.8931084275245667,0.14823295176029205,-1.4874570950577,1.3607466064661233,-1.053000834966768,-0.0008222874603234231,-0.0011327705578878522,-0.003193208947777748,-0.0022141626104712486,0.06233779340982437,-0.02530214749276638,-0.23249122500419617,-0.1820150911808014,-0.12706948816776276,0.0034865327179431915,0.06731346249580383,0.3214472234249115,-0.15214444593388798,0.7453686343225844,-1.363020048223293,-0.0013488620752468705,-0.0005467512528412044,0.00018491952505428344,0.2644687294960022,0.33137747645378113,0.0059602465480566025,0.053903982043266296,0.1690850853919983,-0.6750246286392212,0.0014671608805656433,0.4240168035030365,0.6979639530181885,-0.1351352824597012,0.37808147505303397,0.12554104189564497,-0.00027912139194086194,0.0009764357237145305,-0.0014670523814857006,0.011687977239489555,0.13957230746746063,-0.08279576897621155,0.3870404362678528,-0.27813974022865295,-0.010341852903366089,0.0017842584056779742,0.16270272433757782,0.47672736644744873,-1.0875913841494527,1.2934032898685626,-1.1197517946758286
-0.0002225697971880436,-0.0012190688867121935,-0.007373802363872528,-0.8108258843421936,0.3701978325843811,-0.0033618807792663574,0.13652415573596954,-0.021516121923923492,-0.10696829110383987,0.007477207109332085,0.8913452625274658,0.17476843297481537,-1.4874570950577,1.3607466064661233,-1.053000834966768,-0.0009797748643904924,-0.0009208181290887296,-0.00330098788253963,-0.023805204778909683,0.08674339205026627,-0.029404757544398308,-0.262292742729187,-0.224908247590065,-0.1450679749250412,0.0035643212031573057,0.09463478624820709,0.37473446130752563,-0.15214444593388798,0.7453686343225844,-1.363020048223293,-0.0014082988491281867,-0.00029271046514622867,0.0005503505235537887,0.28933051228523254,0.3469862639904022,0.02158556692302227,0.04736532270908356,0.2105998694896698,-0.8418711423873901,0.0015400878619402647,0.452302485704422,0.8691045641899109,-0.1351352824597012,0.37808147505303397,0.12554104189564497,-0.00021599279716610909,0.0012309043668210506,-0.0014157944824546576,0.011837147176265717,0.1686243861913681,-0.09545185416936874,0.401431143283844,-0.3086358606815338,-0.01477736234664917,0.0018884523306041956,0.1941271722316742,0.5065781474113464,-1.0875913841494527,1.2934032898685626,-1.1197517946758286
-9.929738007485867e-05,-0.0011048214510083199,-0.007373073138296604,-0.7996692657470703,0.3915887773036957,-0.016012907028198242,0.14789097011089325,-0.01899047940969467,-0.12794312834739685,0.0074560511857271194,0.8905442953109741,0.19647346436977386,-1.4891807007498334,1.3608461096293079,-1.0543725409917732,-0.0011801341315731406,-0.0006082572508603334,-0.0033169896341860294,-0.049741022288799286,0.10857786238193512,-0.026356665417551994,-0.28081008791923523,-0.25187668204307556,-0.1561404913663864,0.0035728299990296364,0.12230288237333298,0.4082597494125366,-0.15214444593388798,0.7453686343225844,-1.363020048223293,-0.001536702853627503,-5.417863940238021e-05,0.0009949748637154698,0.30567699670791626,0.3600156009197235,0.03254300355911255,0.04063393175601959,0.25436729192733765,-1.0180864334106445,0.0018314928747713566,0.4734012186527252,1.0501683950424194,-0.1351352824597012,0.37808147505303397,0.12554104189564497,-0.0001620607217773795,0.001499657053500414,-0.0012718960642814636,0.01085648499429226,0.1951131522655487,-0.09771402180194855,0.40921714901924133,-0.32863759994506836,-0.0180404931306839,0.0019730571657419205,0.21848349273204803,0.5251541137695312,-1.0875913841494527,1.2934032898685626,-1.1197517946758286
-2.7116620913147926e-05,-0.0009145961375907063,-0.0073164356872439384,-0.7891863584518433,0.4127911925315857,-0.023748815059661865,0.15663820505142212,-0.017974846065044403,-0.1433257758617401,0.007373428903520107,0.8909409046173096,0.21307487785816193,-1.4891807007498334,1.3608461096293079,-1.0543725409917732,-0.0014168936759233475,-0.0002158450661227107,-0.003221014514565468,-0.0774003118276596,0.12597118318080902,-0.015207994729280472,-0.28990834951400757,-0.2649106979370117,-0.16174298524856567,0.0035254943650215864,0.14862984418869019,0.42471790313720703,-0.15214444593388798,0.7453686343225844,-1.363020048223293,-0.0017648314824327826,0.00016177419456653297,0.001505906693637371,0.3068194091320038,0.368750661611557,0.04027659446001053,0.03433611989021301,0.29618602991104126,-1.1862856149673462,0.0023256302811205387,0.4813911020755768,1.2231837511062622,-0.1351352824597012,0.37808147505303397,0.12554104189564497,-0.00011400456423871219,0.0017569642513990402,-0.001054013380780816,0.009041927754878998,0.21222904324531555,-0.0893649011850357,0.41217702627182007,-0.34032484889030457,-0.02028428018093109,0.0020520391408354044,0.23045390844345093,0.5349040627479553,-1.0875913841494527,1.2934032898685626,-1.1197517946758286
-1.9480474293231964e-05,-0.0006868561613373458,-0.007212460972368717,-0.7818855047225952,0.4287165701389313,-0.02451425790786743,0.16309607028961182,-0.018173282966017723,-0.15404431521892548,0.0072451187297701836,0.892044723033905,0.22507831454277039,-1.4891807007498334,1.3608461096293079,-1.0543725409917732,-0.0016641835682094097,0.00021689687855541706,-0.003023144556209445,-0.10379791259765625,0.13679668307304382,0.003951571881771088,-0.29107025265693665,-0.26525264978408813,-0.16319170594215393,0.003457738319411874,0.17176423966884613,0.42627736926078796,-0.15214444593388798,0.7453686343225844,-1.363020048223293,-0.0020991580095142126,0.0003361808485351503,0.0020556235685944557,0.28931447863578796,0.37109068036079407,0.046512849628925323,0.028977155685424805,0.3327528238296509,-1.3327147960662842,0.002957206452265382,0.47283676266670227,1.3739334344863892,-0.1351352824597012,0.37808147505303397,0.12554104189564497,-7.072670268826187e-05,0.001965333241969347,-0.0008002871181815863,0.0069112032651901245,0.21523550152778625,-0.07284439355134964,0.41219979524612427,-0.3455002009868622,-0.021550387144088745,0.002123204292729497,0.2273332178592682,0.5382782220840454,-1.0875913841494527,1.2934032898685626,-1.1197517946758286
-7.3637580499053e-05,-0.0004757916321977973,-0.007083854638040066,-0.7798337936401367,0.4347354769706726,-0.01857408881187439,0.167541041970253,-0.019110146909952164,-0.16091449558734894,0.007100197020918131,0.8930177688598633,0.23308512568473816,-1.4891807007498334,1.3608461096293079,-1.0543725409917732,-0.0018862958531826735,0.0006342626875266433,-0.002769047860056162,-0.12638835608959198,0.1393745392560959,0.030035123229026794,-0.2851877510547638,-0.25310778617858887,-0.16153056919574738,0.0034099894110113382,0.1905292421579361,0.41411077976226807,-0.15214444593388798,0.7453686343225844,-1.363020048223293,-0.002510127844288945,0.00045339425560086966,0.0025982975494116545,0.2546634376049042,0.36594438552856445,0.051951535046100616,0.024798154830932617,0.36257490515708923,-1.4509440660476685,0.0036410794127732515,0.4488515555858612,1.4957654476165771,-0.1351352824597012,0.37808147505303397,0.12554104189564497,-2.931922790594399e-05,0.002082308055832982,-0.000563864887226373,0.004984840750694275,0.20315085351467133,-0.05209122225642204,0.41120240092277527,-0.34532228112220764,-0.021721214056015015,0.0021575007122009993,0.20978230237960815,0.537407398223877,-1.0875913841494527,1.2934032898685626,-1.1197517946758286
-0.00017181807197630405,-0.0003333021013531834,-0.0069618383422493935,-0.7838019132614136,0.4285565912723541,-0.00827893614768982,0.17001710832118988,-0.02017509564757347,-0.16444584727287292,0.0069719296880066395,0.8933503031730652,0.23739269375801086,-1.4891807007498334,1.3608461096293079,-1.0543725409917732,-0.002044947352260351,0.0009757042862474918,-0.002522883005440235,-0.1431657373905182,0.13355940580368042,0.06110222265124321,-0.27252835035324097,-0.22763508558273315,-0.15748949348926544,0.0033909801859408617,0.20510490238666534,0.38844868540763855,-0.15214444593388798,0.7453686343225844,-1.363020048223293,-0.002950643189251423,0.0004997314536012709,0.0030660456977784634,0.20930613577365875,0.3527594208717346,0.05941051244735718,0.02991950511932373,0.39844799041748047,-1.537217378616333,0.004284467548131943,0.4144609570503235,1.5882989168167114,-0.1336632455659764,0.3745011909614886,0.13511994504080996,1.707229603198357e-05,0.0020795725286006927,-0.0003969915269408375,0.0036088929045945406,0.17918387055397034,-0.03124144859611988,0.4111086130142212,-0.34018421173095703,-0.02049441635608673,0.0021171951666474342,0.1819228231906891,0.5339996218681335,-1.0875913841494527,1.2934032898685626,-1.1197517946758286
-0.0002833213657140732,-0.00029434941825456917,-0.006877662613987923,-0.7931786775588989,0.4105948805809021,0.0026434659957885742,0.17024080455303192,-0.020609620958566666,-0.16469097137451172,0.006889786571264267,0.8931559324264526,0.23775997757911682,-1.4891807007498334,1.3608461096293079,-1.0543725409917732,-0.00210601557046175,0.001192273455671966,-0.0023391093127429485,-0.15256832540035248,0.12112537771463394,0.09443923830986023,-0.25285643339157104,-0.18721288442611694,-0.15151193737983704,0.0033657464664429426,0.21648839116096497,0.34920036792755127,-0.15214444593388798,0.7453686343225844,-1.363020048223293,-0.0033197556622326374,0.0005357853369787335,0.0034214844927191734,0.16038161516189575,0.33423659205436707,0.058602072298526764,0.028369247913360596,0.4161849617958069,-1.6013991832733154,0.00479733245447278,0.3753272593021393,1.6548396348953247,-0.1336632455659764,0.3745011909614886,0.13511994504080996,7.351614476647228e-05,0.001953530590981245,-0.0003318068047519773,0.0029168101027607918,0.14950984716415405,-0.013830450363457203,0.41385024785995483,-0.3297131657600403,-0.017382502555847168,0.0019828721415251493,0.1501765102148056,0.529419481754303,-1.0875913841494527,1.2934032898685626,-1.1197517946758286
-0.0003768031019717455,-0.0003691695164889097,-0.00685379933565855,-0.8062875270843506,0.3835444748401642,0.010175079107284546,0.1675521582365036,-0.019492659717798233,-0.1611703485250473,0.006874069571495056,0.8929218649864197,0.23330146074295044,-1.4891807007498334,1.3608461096293079,-1.0543725409917732,-0.0020489967428147793,0.001262219506315887,-0.0022431728430092335,-0.15388765931129456,0.10505588352680206,0.12657198309898376,-0.2257038652896881,-0.12999527156352997,-0.14383560419082642,0.0032898953650146723,0.22525234520435333,0.2975393831729889,-0.15214444593388798,0.7453686343225844,-1.363020048223293,-0.0035648238845169544,0.0005663756164722145,0.0036216473672538996,0.11608460545539856,0.30993399024009705,0.0526408925652504,0.027619540691375732,0.42909616231918335,-1.6451188325881958,0.005113225895911455,0.3351205289363861,1.700382947921753,-0.1336632455659764,0.3745011909614886,0.13511994504080996,0.00013689632760360837,0.0017229816876351833,-0.0003712604520842433,0.00289121363312006,0.12107386440038681,-0.002443114295601845,0.4213482737541199,-0.31288301944732666,-0.011743739247322083,0.0017678351141512394,0.12113302201032639,0.5249457955360413,-1.0875913841494527,1.2934032898685626,-1.1197517946758286
-0.00043314043432474136,-0.000543057918548584,-0.006899178959429264,-0.8208343386650085,0.3516250252723694,0.010950326919555664,0.16091692447662354,-0.01574104093015194,-0.15287211537361145,0.006934060249477625,0.8930448293685913,0.22251273691654205,-1.4891807007498334,1.3608461096293079,-1.0543725409917732,-0.0018729267176240683,0.0011932216584682465,-0.0022280991543084383,-0.14789550006389618,0.08839163184165955,0.1537317931652069,-0.19079092144966125,-0.05478654056787491,-0.13461638987064362,0.003145799972116947,0.23091042041778564,0.2398422509431839,-0.15214444593388798,0.7453686343225844,-1.363020048223293,-0.0036542494781315327,0.0005958740948699415,0.0036623449996113777,0.08225224912166595,0.2804672420024872,0.04195666313171387,0.027489900588989258,0.43844008445739746,-1.6734464168548584,0.005207818932831287,0.29527556896209717,1.730146884918213,-0.1336632455659764,0.3745011909614886,0.13511994504080996,0.00019519426859915257,0.0014245351776480675,-0.0004913732991553843,0.0034499522298574448,0.09966346621513367,0.0013286946341395378,0.43543484807014465,-0.2882467806339264,-0.002855047583580017,0.0015194896841421723,0.09973201155662537,0.5222048163414001,-1.0875913841494527,1.2934032898685626,-1.1197517946758286
-0.0004500702489167452,-0.0007789091905578971,-0.00700751505792141,-0.834311842918396,0.31984952092170715,0.002883046865463257,0.14899419248104095,-0.008144672960042953,-0.13833729922771454,0.0070650214329361916,0.8935257792472839,0.20347681641578674,-1.4891807007498334,1.3608461096293079,-1.0543725409917732,-0.0015940390294417739,0.0010095317848026752,-0.0022626330610364676,-0.13676409423351288,0.07327049970626831,0.17266026139259338,-0.14860397577285767,0.037735067307949066,-0.12408927083015442,0.002946119988337159,0.23213046789169312,0.1972440630197525,-0.15214444593388798,0.7453686343225844,-1.363020048223293,-0.0035910436417907476,0.0006094864220358431,0.0035666292533278465,0.06219924986362457,0.24706941843032837,0.028110533952713013,0.027792274951934814,0.44517892599105835,-1.6907017230987549,0.005097833927720785,0.25632449984550476,1.748550534248352,-0.1336632455659764,0.3745011909614886,0.13511994504080996,0.00023299561871681362,0.00110709760338068,-0.00064824492437765,0.004494133405387402,0.08884654194116592,-0.0030955146066844463,0.4576749801635742,-0.2543078660964966,0.009961113333702087,0.0013039070181548595,0.08901397138834,0.5236774682998657,-1.0875913841494527,1.2934032898685626,-1.1197517946758286
-0.000441952608525753,-0.0010223380522802472,-0.007155998144298792,-0.8443703651428223,0.29335224628448486,-0.014234215021133423,0.13029111921787262,0.004541389644145966,-0.11585074663162231,0.00724215479567647,0.8939907550811768,0.1744069904088974,-1.4891807007498334,1.3608461096293079,-1.0543725409917732,-0.001242408761754632,0.0007393062114715576,-0.002305606147274375,-0.12325435876846313,0.06046094372868538,0.18118000030517578,-0.10112904757261276,0.14343348145484924,-0.1127607598900795,0.0027213916182518005,0.22731773555278778,0.20860305428504944,-0.15214444593388798,0.7453686343225844,-1.363020048223293,-0.003406216623261571,0.0005817043711431324,0.003370806807652116,0.056823767721652985,0.21195970475673676,0.012857652269303799,0.028335392475128174,0.44977039098739624,-1.6998096704483032,0.004827321041375399,0.2198207825422287,1.7585361003875732,-0.1336632455659764,0.3745011909614886,0.13511994504080996,0.00023937869991641492,0.0008209961233660579,-0.0007884623482823372,0.005898819305002689,0.08970257639884949,-0.015101996250450611,0.4890521764755249,-0.21005754172801971,0.027141645550727844,0.001163189415819943,0.0911560133099556,0.5329473614692688,-1.0875913841494527,1.2934032898685626,-1.1197517946758286
-0.00043513462878763676,-0.00121499493252486,-0.007307515479624271,-0.8493092060089111,0.2764313519001007,-0.03823551535606384,0.10343103110790253,0.02342291921377182,-0.08376707881689072,0.0074206022545695305,0.8939812183380127,0.13514263927936554,-1.4891807007498334,1.3608461096293079,-1.0543725409917732,-0.0008627499337308109,0.0004133253823965788,-0.002319215564057231,-0.10999077558517456,0.04964838922023773,0.17834320664405823,-0.052236586809158325,0.25388413667678833,-0.10151702165603638,0.002508771838620305,0.2153351604938507,0.27837300300598145,-0.15214444593388798,0.7453686343225844,-1.363020048223293,-0.003152646590024233,0.0004943141248077154,0.003112649545073509,0.06507657468318939,0.17848339676856995,-0.0025803917087614536,0.02892109751701355,0.4520203471183777,-1.7019027471542358,0.004457815084606409,0.18999458849430084,1.761144995689392,-0.1336632455659764,0.3745011909614886,0.13511994504080996,0.0002118052216246724,0.0006043565226718783,-0.000865496345795691,0.007503826171159744,0.1009424552321434,-0.03285336121916771,0.5294871926307678,-0.15570330619812012,0.04860667884349823,0.0010766579071059823,0.10641912370920181,0.5540422201156616,-1.0875913841494527,1.2934032898685626,-1.1197517946758286
-0.00045752106234431267,-0.0013129515573382378,-0.007423141971230507,-0.8485109806060791,0.2714851200580597,-0.06499055027961731,0.06756363809108734,0.04918648302555084,-0.041003577411174774,0.007552231661975384,0.8932518362998962,0.09308838844299316,-1.4891807007498334,1.3608461096293079,-1.0543725409917732,-0.0005087859462946653,6.921309977769852e-05,-0.002276279963552952,-0.09894315898418427,0.04030504822731018,0.1644003689289093,-0.006698053330183029,0.35856014490127563,-0.09141629189252853,0.0023334745783358812,0.19606561958789825,0.3700907826423645,-0.15214444593388798,0.7453686343225844,-1.363020048223293,-0.002898828824982047,0.00035247020423412323,0.0028288678731769323,0.08420991152524948,0.15043172240257263,-0.01752519980072975,0.029334545135498047,0.4509877562522888,-1.6961183547973633,0.004065702669322491,0.1732863187789917,1.7552971839904785,-0.1336632455659764,0.3745011909614886,0.13511994504080996,0.00015642112703062594,0.00047292563249357045,-0.0008565580355934799,0.009129191748797894,0.11927516013383865,-0.053561173379421234,0.5771751403808594,-0.09360331296920776,0.07339741289615631,0.0009908672655001283,0.13106755912303925,0.5893045663833618,-1.0875913841494527,1.2934032898685626,-1.1197517946758286
-0.0005276324227452278,-0.0012998759048059583,-0.007479925639927387,-0.8425118923187256,0.2784624695777893,-0.08998256921768188,0.022942395880818367,0.08169261366128922,0.012269322760403156,0.007610345724970102,0.8918882012367249,0.08573548495769501,-1.4891807007498334,1.3608461096293079,-1.0543725409917732,-0.00022621458629146218,-0.0002527806209400296,-0.002163457917049527,-0.09084074199199677,0.03243578225374222,0.14095598459243774,0.03190412372350693,0.4490536153316498,-0.08348722755908966,0.0021898907143622637,0.17080020904541016,0.4578614830970764,-0.15294181686341737,0.7452640851730727,-1.363699123011581,-0.0027150854002684355,0.00018347278819419444,0.00255706743337214,0.11039485782384872,0.13058413565158844,-0.03152378648519516,0.02933374047279358,0.444946825504303,-1.6795612573623657,0.0037341592833399773,0.17387636005878448,1.7377468347549438,-0.1336632455659764,0.3745011909614886,0.13511994504080996,8.702528430148959e-05,0.00041859602788463235,-0.0007681784918531775,0.01057487167418003,0.14027947187423706,-0.07382600009441376,0.6282562017440796,-0.02874327078461647,0.09949278831481934,0.0008791440050117671,0.15887239575386047,0.6367345452308655,-1.0875913841494527,1.2934032898685626,-1.1197517946758286
-0.000648983521386981,-0.0011892259353771806,-0.007477199658751488,-0.8327723741531372,0.2949621379375458,-0.10992953181266785,-0.028319230303168297,0.11943215876817703,0.07372504472732544,0.007598944008350372,0.8902791142463684,0.14318309724330902,-1.4891807007498334,1.3608461096293079,-1.0543725409917732,-3.937643487006426e-05,-0.0005157073028385639,-0.0019853957928717136,-0.08511120826005936,0.026011798530817032,0.11124451458454132,0.06160978972911835,0.5214885473251343,-0.07762107253074646,0.0020516582299023867,0.1424635797739029,0.5308211445808411,-0.15294181686341737,0.7452640851730727,-1.363699123011581,-0.002650750568136573,1.902527583297342e-05,0.0023343388456851244,0.13992567360401154,0.11970516294240952,-0.044401828199625015,0.028643816709518433,0.43142765760421753,-1.6474592685699463,0.003532135160639882,0.18942028284072876,1.7032533884048462,-0.1336632455659764,0.3745011909614886,0.13511994504080996,2.0772102288901806e-05,0.00041721545858308673,-0.00062727922340855,0.011632900685071945,0.15956754982471466,-0.09019586443901062,0.6778768301010132,0.03259465470910072,0.1243513822555542,0.0007536440971307456,0.18366388976573944,0.6899584531784058,-1.0875913841494527,1.2934032898685626,-1.1197517946758286
-0.0008100608829408884,-0.0010164105333387852,-0.007428990676999092,-0.8213315606117249,0.31687429547309875,-0.123268723487854,-0.08187000453472137,0.15925559401512146,0.13842326402664185,0.007541829254478216,0.8889263272285461,0.2263317108154297,-1.4891807007498334,1.3608461096293079,-1.0543725409917732,5.04183117300272e-05,-0.0006973349954932928,-0.00176882348023355,-0.08059404045343399,0.021181292831897736,0.07958821952342987,0.08261419087648392,0.5754339694976807,-0.07388107478618622,0.0019019870087504387,0.11523164063692093,0.5860100388526917,-0.15294181686341737,0.7452640851730727,-1.363699123011581,-0.002716461196541786,-0.00012004561722278595,0.0021897321566939354,0.16973040997982025,0.11656562238931656,-0.0563383623957634,0.02696022391319275,0.4073692858219147,-1.5935616493225098,0.0034912030678242445,0.21347123384475708,1.6450273990631104,-0.1336632455659764,0.3745011909614886,0.13511994504080996,-2.672775008250028e-05,0.000437818729551509,-0.0004676748940255493,0.01216638833284378,0.17369592189788818,-0.10018018633127213,0.7222036719322205,0.08541438728570938,0.14595329761505127,0.000641185964923352,0.20088395476341248,0.7417385578155518,-1.0875913841494527,1.2934032898685626,-1.1197517946758286
-0.0009870862122625113,-0.0008277135202661157,-0.007355972193181515,-0.8103139400482178,0.33955758810043335,-0.12980711460113525,-0.13225817680358887,0.1972121149301529,0.20014171302318573,0.007467916235327721,0.8881204128265381,0.31055039167404175,-1.4891807007498334,1.3608461096293079,-1.0543725409917732,6.34464668110013e-05,-0.0007870568661019206,-0.0015581757761538029,-0.07632249593734741,0.017722493037581444,0.05037596821784973,0.0961107388138771,0.6125631928443909,-0.07184478640556335,0.0017468244768679142,0.09315013885498047,0.6242055892944336,-0.15294181686341737,0.7452640851730727,-1.363699123011581,-0.00288387481123209,-0.0002245870855404064,0.0021358239464461803,0.1970086246728897,0.11852510273456573,-0.0673472210764885,0.023965924978256226,0.3694390654563904,-1.5108859539031982,0.0035956804640591145,0.23957514762878418,1.5555821657180786,-0.1336632455659764,0.3745011909614886,0.13511994504080996,-4.354404518380761e-05,0.0004493339511100203,-0.00031824305187910795,0.012190837413072586,0.18080979585647583,-0.10317890346050262,0.7594434022903442,0.12735334038734436,0.16334053874015808,0.0005523366271518171,0.2085346132516861,0.7871806025505066,-1.0875913841494527,1.2934032898685626,-1.1197517946758286
-0.0011490040924400091,-0.00067078263964504,-0.007279636338353157,-0.8013013601303101,0.35928213596343994,-0.13049101829528809,-0.17512007057666779,0.23015542328357697,0.2539430558681488,0.007400220725685358,0.8878037333488464,0.3848709166049957,-1.4891807007498334,1.3608461096293079,-1.0543725409917732,3.6658020690083504e-05,-0.0007902077049948275,-0.0013963313540443778,-0.07159405201673508,0.01536991074681282,0.026889875531196594,0.10395726561546326,0.6354501843452454,-0.07087048888206482,0.001604840625077486,0.07800646126270294,0.6477859616279602,-0.15294181686341737,0.7452640851730727,-1.363699123011581,-0.0031004149932414293,-0.0002935315133072436,0.002167611150071025,0.21917100250720978,0.12240801751613617,-0.07680784910917282,0.019370555877685547,0.3145763874053955,-1.3929318189620972,0.0037943737115710974,0.26252445578575134,1.4281431436538696,-0.1336632455659764,0.3745011909614886,0.13511994504080996,-2.2358930436894298e-05,0.00042980845319107175,-0.00019073367002420127,0.012081023305654526,0.18105557560920715,-0.10049383342266083,0.7892931699752808,0.1578015685081482,0.17743802070617676,0.00047075957991182804,0.20742729306221008,0.8242385983467102,-1.0840117473509747,1.2929459288608034,-1.115487379606066
-0.0012646764516830444,-0.0005835285410284996,-0.0072133708745241165,-0.7948707342147827,0.37425553798675537,-0.12739229202270508,-0.20833584666252136,0.256578266620636,0.29750099778175354,0.0073466068133711815,0.8877586722373962,0.44468310475349426,-1.4891807007498334,1.3608461096293079,-1.0543725409917732,6.4528139773756266e-06,-0.0007265181047841907,-0.0013033776776865125,-0.0658770427107811,0.014011946506798267,0.010764839127659798,0.10837064683437347,0.6467568278312683,-0.07014703750610352,0.0014922008849680424,0.0682055801153183,0.6595143675804138,-0.15294181686341737,0.7452640851730727,-1.363699123011581,-0.0033120112493634224,-0.00033430763869546354,0.0022684119176119566,0.23418761789798737,0.12546728551387787,-0.08372969925403595,0.012976869940757751,0.24082788825035095,-1.235499620437622,0.004028259310871363,0.2785615622997284,1.2588192224502563,-0.1336632455659764,0.3745011909614886,0.13511994504080996,3.6320925573818386e-05,0.0003764512366615236,-7.464800728484988e-05,0.011582361534237862,0.17627982795238495,-0.09455792605876923,0.812706470489502,0.17874783277511597,0.18669110536575317,0.00038549586315639317,0.20037446916103363,0.852816641330719,-1.0840117473509747,1.2929459288608034,-1.115487379606066
-0.0013105571269989014,-0.0005817289347760379,-0.007155079394578934,-0.7907641530036926,0.3844093978404999,-0.12314948439598083,-0.23171931505203247,0.2762647569179535,0.330666720867157,0.007297337055206299,0.8878312110900879,0.4892407953739166,-1.4894956309375824,1.3608787155980238,-1.0549590081447509,-1.0524556273594499e-05,-0.0006186512764543295,-0.0012692855671048164,-0.05883324146270752,0.013779377564787865,0.0020753033459186554,0.11173752695322037,0.6487205028533936,-0.06872281432151794,0.0014120644191280007,0.06046096608042717,0.6618507504463196,-0.15294181686341737,0.7452640851730727,-1.363699123011581,-0.003486325265839696,-0.00036124850157648325,0.002416588133201003,0.2408362329006195,0.1259486973285675,-0.08722302317619324,0.0047804564237594604,0.1485287845134735,-1.039229393005371,0.00425733020529151,0.2854347825050354,1.0498006343841553,-0.1336632455659764,0.3745011909614886,0.13511994504080996,0.0001277655246667564,0.0003086692304350436,5.264797800919041e-05,0.011048870161175728,0.16905681788921356,-0.08739468455314636,0.8304234147071838,0.1915404051542282,0.1927209198474884,0.0003381900896783918,0.19063083827495575,0.8737460374832153,-1.0840117473509747,1.2929459288608034,-1.115487379606066
-0.0012734122574329376,-0.0006521483301185071,-0.0070910160429775715,-0.7879998087882996,0.3912469148635864,-0.1202336847782135,-0.24619723856449127,0.28999924659729004,0.3544106185436249,0.007233905140310526,0.8879606127738953,0.5199226140975952,-1.4894956309375824,1.3608787155980238,-1.0549590081447509,-2.2214167984202504e-05,-0.0004824382485821843,-0.0012614935403689742,-0.05028296262025833,0.015014555305242538,-0.00026302924379706383,0.11649535596370697,0.6428908705711365,-0.0655316710472107,0.0013507797848433256,0.05247744545340538,0.6566386222839355,-0.15294181686341737,0.7452640851730727,-1.363699123011581,-0.003624526085332036,-0.0003886508056893945,0.002592133590951562,0.23917540907859802,0.1230427548289299,-0.0868251770734787,-0.004895627498626709,0.04185989499092102,-0.8129269480705261,0.0044729625806212425,0.28263580799102783,0.814018726348877,-0.1336632455659764,0.3745011909614886,0.13511994504080996,0.00024194859724957496,0.00025912089040502906,0.00020671129459515214,0.010491279885172844,0.16155725717544556,-0.07992701977491379,0.8430181741714478,0.1981222778558731,0.19620826840400696,0.0004103807150386274,0.18055233359336853,0.8879356980323792,-1.0840117473509747,1.2929459288608034,-1.115487379606066
-0.0011596160475164652,-0.0007595686474815011,-0.007008642889559269,-0.7861783504486084,0.3955100476741791,-0.11927938461303711,-0.25348377227783203,0.2987504005432129,0.3703140318393707,0.007144419476389885,0.8881059288978577,0.5391088128089905,-1.4894956309375824,1.3608787155980238,-1.0549590081447509,-5.062142736278474e-05,-0.0003265507984906435,-0.001242886995896697,-0.04038885235786438,0.018210655078291893,0.0021530401427298784,0.12503588199615479,0.6300725936889648,-0.05943372845649719,0.0012860661372542381,0.04435677081346512,0.6451029181480408,-0.15294181686341737,0.7452640851730727,-1.363699123011581,-0.0037544239312410355,-0.0004223019350320101,0.0027827112935483456,0.23110347986221313,0.11654684692621231,-0.08275694400072098,-0.015331052243709564,-0.07037338614463806,-0.5752261281013489,0.004692282993346453,0.2717364430427551,0.5797176361083984,-0.1336632455659764,0.3745011909614886,0.13511994504080996,0.0003660906804725528,0.0002566684561315924,0.0003803833096753806,0.009801637381315231,0.1550217717885971,-0.07174444943666458,0.8503798246383667,0.20032113790512085,0.19772478938102722,0.000587020069360733,0.17109963297843933,0.8957508206367493,-1.0840117473509747,1.2929459288608034,-1.115487379606066
-0.0009933717083185911,-0.0008624905021861196,-0.006912577897310257,-0.7852628231048584,0.39745867252349854,-0.11957406997680664,-0.2556379437446594,0.3036225736141205,0.37991827726364136,0.007036647759377956,0.8882055282592773,0.5494318008422852,-1.4894956309375824,1.3608787155980238,-1.0549590081447509,-0.00011257249570917338,-0.00015660023200325668,-0.001191042480058968,-0.029825739562511444,0.02387816645205021,0.007902218028903008,0.13957855105400085,0.6104395389556885,-0.049295395612716675,0.0012065564515069127,0.039015211164951324,0.6281310319900513,-0.15294181686341737,0.7452640851730727,-1.363699123011581,-0.003909001126885414,-0.0004532964085228741,0.002984446007758379,0.219511479139328,0.10680298507213593,-0.07563440501689911,-0.025614213198423386,-0.17709630727767944,-0.34959834814071655,0.004938895348459482,0.25556355714797974,0.3927316963672638,-0.1336632455659764,0.3745011909614886,0.13511994504080996,0.0004878876206930727,0.0003107069933321327,0.0005454787751659751,0.008799774572253227,0.149691641330719,-0.06145840883255005,0.8514472842216492,0.19969065487384796,0.19765222072601318,0.0007950599538162351,0.16205604374408722,0.8966075778007507,-1.0840117473509747,1.2929459288608034,-1.115487379606066
-0.0008107512257993221,-0.0009305351413786411,-0.0068260012194514275,-0.785582959651947,0.39672771096229553,-0.11966875195503235,-0.2549171447753906,0.30559828877449036,0.3844040036201477,0.006936678662896156,0.8881745934486389,0.5532987713813782,-1.4894956309375824,1.3608787155980238,-1.0549590081447509,-0.00020310167747084051,2.173625398427248e-05,-0.001103369053453207,-0.019185999408364296,0.03218121826648712,0.016009271144866943,0.16196683049201965,0.5838041305541992,-0.03413012623786926,0.0011221166932955384,0.04074346646666527,0.606815755367279,-0.15294181686341737,0.7452640851730727,-1.363699123011581,-0.00410130200907588,-0.00045995472464710474,0.003196455305442214,0.20605815947055817,0.09482695162296295,-0.06567417830228806,-0.035035379230976105,-0.269485741853714,-0.1547587811946869,0.005220111459493637,0.23614658415317535,0.31273043155670166,-0.1336632455659764,0.3745011909614886,0.13511994504080996,0.000598119746427983,0.00040924554923549294,0.0006739404634572566,0.007353280670940876,0.14474868774414062,-0.047665830701589584,0.8440643548965454,0.1974477469921112,0.19614693522453308,0.0009896589908748865,0.15257222950458527,0.8887653946876526,-1.0840117473509747,1.2929459288608034,-1.115487379606066
-0.0006474051624536514,-0.0009515775600448251,-0.0067713381722569466,-0.7876393795013428,0.392635703086853,-0.11786884069442749,-0.2537074685096741,0.30542466044425964,0.3843751549720764,0.006868453696370125,0.8879367709159851,0.5526264309883118,-1.4894956309375824,1.3608787155980238,-1.0549590081447509,-0.00029864005045965314,0.00020165834575891495,-0.0009878050768747926,-0.008266405202448368,0.04253822937607765,0.025805480778217316,0.19334076344966888,0.5500355958938599,-0.013323366641998291,0.0010514802997931838,0.05043567344546318,0.5831786394119263,-0.15294181686341737,0.7452640851730727,-1.363699123011581,-0.004315301775932312,-0.00042360875522717834,0.003418447682633996,0.19043347239494324,0.08182681351900101,-0.05261833220720291,-0.043279632925987244,-0.34332403540611267,0.0003404282033443451,0.005521508865058422,0.2138439267873764,0.34604138135910034,-0.1336632455659764,0.3745011909614886,0.13511994504080996,0.0006903905887156725,0.0005325567326508462,0.0007546191336587071,0.005492052063345909,0.13833899796009064,-0.02989966608583927,0.8249801993370056,0.19447274506092072,0.19313931465148926,0.0011531286872923374,0.14163978397846222,0.8693185448646545,-1.0840117473509747,1.2929459288608034,-1.115487379606066
-0.00053056376054883,-0.0009259569924324751,-0.006752319633960724,-0.7918504476547241,0.3846754729747772,-0.11251038312911987,-0.254513680934906,0.30356365442276,0.3797576129436493,0.006836133077740669,0.8875026702880859,0.5487658381462097,-1.4894956309375824,1.3608787155980238,-1.0549590081447509,-0.00037667754804715514,0.0003728262963704765,-0.0008583938470110297,0.0036038393154740334,0.053501494228839874,0.03664813190698624,0.23365125060081482,0.5096237063407898,0.013039618730545044,0.0010088238632306457,0.06494985520839691,0.5607845187187195,-0.15294181686341737,0.7452640851730727,-1.363699123011581,-0.004526183009147644,-0.0003468585491646081,0.003647678531706333,0.1720542460680008,0.06867406517267227,-0.036645010113716125,-0.049718569964170456,-0.39802074432373047,0.11582916229963303,0.005823418498039246,0.18884290754795074,0.41750311851501465,-0.13266330336799131,0.3728461723823037,0.13258804019373527,0.0007597400108352304,0.0006683424580842257,0.0007878701435402036,0.003392213024199009,0.12808817625045776,-0.008694898337125778,0.7900402545928955,0.19134771823883057,0.18836688995361328,0.0012824296718463302,0.12842775881290436,0.8344217538833618,-1.0840117473509747,1.2929459288608034,-1.115487379606066
-0.00047528836876153946,-0.0008582681766711175,-0.006759335286915302,-0.7982929944992065,0.3729521632194519,-0.10249778628349304,-0.25995874404907227,0.3001910448074341,0.36980104446411133,0.006830163300037384,0.8870574235916138,0.542628824710846,-1.4894956309375824,1.3608787155980238,-1.0549590081447509,-0.0004276671097613871,0.0005141175352036953,-0.0007419043686240911,0.016729682683944702,0.06274579465389252,0.04764549434185028,0.2809966206550598,0.4643893241882324,0.04373514652252197,0.000998818431980908,0.08054198324680328,0.54454505443573,-0.15294181686341737,0.7452640851730727,-1.363699123011581,-0.0047002192586660385,-0.00025578885106369853,0.003886130638420582,0.15192437171936035,0.055471379309892654,-0.0192401185631752,-0.05571877583861351,-0.43565964698791504,0.19392997026443481,0.006104055792093277,0.1628750115633011,0.48011741042137146,-0.13266330336799131,0.3728461723823037,0.13258804019373527,0.000803562521468848,0.0008077120874077082,0.0007722299196757376,0.0012911027297377586,0.11202415823936462,0.01475546881556511,0.7346331477165222,0.1884133517742157,0.18144020438194275,0.0013763904571533203,0.11299912631511688,0.7798115015029907,-1.0840117473509747,1.2929459288608034,-1.115487379606066
-0.0004806115757673979,-0.0007609711028635502,-0.006785392761230469,-0.8065000176429749,0.3584480285644531,-0.0880250334739685,-0.2727382481098175,0.2952336370944977,0.3531841039657593,0.006844824180006981,0.8869474530220032,0.5350589156150818,-1.4894956309375824,1.3608787155980238,-1.0549590081447509,-0.00045061681885272264,0.0005902714910916984,-0.0006772327469661832,0.030626798048615456,0.06730327010154724,0.057658541947603226,0.3313058018684387,0.41786831617355347,0.07618400454521179,0.0010050473501905799,0.09376693516969681,0.5386849045753479,-0.15294181686341737,0.7452640851730727,-1.363699123011581,-0.0048166075721383095,-0.0001753378164721653,0.00408891262486577,0.13215869665145874,0.04424947127699852,-0.0028980039060115814,-0.06070797145366669,-0.45926594734191895,0.24189898371696472,0.006320573855191469,0.139399915933609,0.5226143598556519,-0.13266330336799131,0.3728461723823037,0.13258804019373527,0.0008253630367107689,0.0009252857998944819,0.0007004866492934525,-0.0005428120493888855,0.08955790102481842,0.038470812141895294,0.6544798612594604,0.18583126366138458,0.1719484031200409,0.001424099551513791,0.09747263789176941,0.7017431259155273,-1.0840117473509747,1.2929459288608034,-1.115487379606066
-0.0005321518983691931,-0.0006640289211645722,-0.006833764724433422,-0.8153658509254456,0.3432053327560425,-0.07069221138954163,-0.2954774796962738,0.28844159841537476,0.3282391428947449,0.006886542309075594,0.8874732255935669,0.5274906754493713,-1.4894956309375824,1.3608787155980238,-1.0549590081447509,-0.00044001522473990917,0.0005647981306537986,-0.0006974100833758712,0.04384536296129227,0.06491877138614655,0.06552749127149582,0.3794425129890442,0.37442919611930847,0.10714370012283325,0.0009994953870773315,0.10213086754083633,0.5437403917312622,-0.15294181686341737,0.7452640851730727,-1.363699123011581,-0.004850839730352163,-0.00010961605585180223,0.004191017709672451,0.11578544974327087,0.037319883704185486,0.00894741527736187,-0.06462156772613525,-0.47203585505485535,0.26684531569480896,0.006411496549844742,0.12197991460561752,0.5460771322250366,-0.13266330336799131,0.3728461723823037,0.13258804019373527,0.000835567363537848,0.0009782392298802733,0.0005667638033628464,-0.001805569976568222,0.06227898225188255,0.05934100225567818,0.5468504428863525,0.18364444375038147,0.15960972011089325,0.0014058257220312953,0.08604235202074051,0.5985365509986877,-1.0840117473509747,1.2929459288608034,-1.115487379606066
-0.0006107361987233162,-0.0006085862405598164,-0.00691249780356884,-0.8233704566955566,0.32997453212738037,-0.05292326211929321,-0.3304326832294464,0.2794961631298065,0.29332178831100464,0.0069660609588027,0.8886073231697083,0.522820770740509,-1.4894956309375824,1.3608787155980238,-1.0549590081447509,-0.0003798530960921198,0.0004218844114802778,-0.0008109437767416239,0.05413786321878433,0.055842362344264984,0.07016143202781677,0.4212903380393982,0.33750590682029724,0.13402703404426575,0.0009899012511596084,0.10474685579538345,0.5562005043029785,-0.15294181686341737,0.7452640851730727,-1.363699123011581,-0.0047846632078289986,-4.448312392923981e-05,0.004143469966948032,0.10533475130796432,0.0355871208012104,0.01335944700986147,-0.0671381950378418,-0.4768843650817871,0.2754617929458618,0.006329559721052647,0.11198360472917557,0.5548021197319031,-0.13266330336799131,0.3728461723823037,0.13258804019373527,0.0008443838451057673,0.0009351655608043075,0.0003773140488192439,-0.0022182054817676544,0.03414064645767212,0.07355253398418427,0.41228920221328735,0.18183152377605438,0.14447547495365143,0.0013152507599443197,0.08112015575170517,0.4732000231742859,-1.0840117473509747,1.2929459288608034,-1.115487379606066
-0.0006977187003940344,-0.0006237837369553745,-0.007021106779575348,-0.8289632797241211,0.3214784562587738,-0.03752166032791138,-0.3789863586425781,0.2681562900543213,0.24735558032989502,0.0070832096971571445,0.8899080753326416,0.5260449051856995,-1.4894956309375824,1.3608787155980238,-1.0549590081447509,-0.0002574391837697476,0.00018081223242916167,-0.001000390388071537,0.05915936455130577,0.04289819300174713,0.07057135552167892,0.4548404812812805,0.30867812037467957,0.15558825433254242,0.0010486891260370612,0.1015893816947937,0.5712878108024597,-0.15294181686341737,0.7452640851730727,-1.363699123011581,-0.00461279321461916,3.0100534786470234e-05,0.003947569988667965,0.10150884836912155,0.03896490857005119,0.009826982393860817,-0.06760013848543167,-0.476144015789032,0.2734260559082031,0.006071414798498154,0.10917362570762634,0.5532130599021912,-0.13266330336799131,0.3728461723823037,0.13258804019373527,0.0008536882814951241,0.0008009318262338638,0.00015265261754393578,-0.0016814768314361572,0.010588349774479866,0.07819580286741257,0.25688645243644714,0.18035316467285156,0.12719076871871948,0.0011804992100223899,0.07892733067274094,0.338667094707489,-1.0840117473509747,1.2929459288608034,-1.115487379606066
-0.0007776515558362007,-0.0007098891073837876,-0.007144636008888483,-0.8307279348373413,0.3201531767845154,-0.027253150939941406,-0.4408928155899048,0.25445088744163513,0.19058293104171753,0.007221807725727558,0.8907017707824707,0.5435563921928406,-1.4894956309375824,1.3608787155980238,-1.0549590081447509,-7.888907566666603e-05,-0.00010781703167594969,-0.0012324387207627296,0.0571947917342186,0.029675859957933426,0.06627275794744492,0.47985655069351196,0.2879568338394165,0.17170649766921997,0.0012396584497764707,0.09243364632129669,0.5853756070137024,-0.1533101281428425,0.7450450432044791,-1.3640175454705452,-0.004351460374891758,0.00010860397014766932,0.0036594332195818424,0.10345533490180969,0.04764813929796219,0.0001315409317612648,-0.06496718525886536,-0.47143784165382385,0.26515835523605347,0.00568669056519866,0.11390069872140884,0.5447782278060913,-0.13266330336799131,0.3728461723823037,0.13258804019373527,0.0008583451854065061,0.0006146534578874707,-8.009551675058901e-05,-0.000402059406042099,-0.0032278760336339474,0.07298965752124786,0.09342034161090851,0.17918337881565094,0.10912777483463287,0.001058759051375091,0.07306209951639175,0.22965824604034424,-1.0840117473509747,1.2929459288608034,-1.115487379606066
-0.0008423831313848495,-0.0008397994679398835,-0.007259341422468424,-0.8275704383850098,0.3279631733894348,-0.023921430110931396,-0.5132535696029663,0.23891812562942505,0.125534325838089,0.00735614774748683,0.890508234500885,0.5798879265785217,-1.4894956309375824,1.3608787155980238,-1.0549590081447509,0.00013012529234401882,-0.0003842570004053414,-0.0014682612381875515,0.04763033613562584,0.018652530387043953,0.05806512385606766,0.49711161851882935,0.2745054066181183,0.1828957498073578,0.00152327842079103,0.07738297432661057,0.5965936779975891,-0.1533101281428425,0.7450450432044791,-1.3640175454705452,-0.004040404222905636,0.00017570382624398917,0.003365761134773493,0.1098242923617363,0.061367157846689224,-0.013569330796599388,-0.05781780183315277,-0.46367767453193665,0.2538176476955414,0.005261566955596209,0.1265362799167633,0.5317549109458923,-0.13266330336799131,0.3728461723823037,0.13258804019373527,0.0008519798866473138,0.0004311581433285028,-0.00029040733352303505,0.0011640749871730804,-0.0042571076191961765,0.0605098232626915,-0.062053486704826355,0.17831049859523773,0.09201745688915253,0.0009980498580262065,0.06067056208848953,0.2100297212600708,-1.0840117473509747,1.2929459288608034,-1.115487379606066
-0.0008954207878559828,-0.0009726232383400202,-0.007338043302297592,-0.8191849589347839,0.3455732762813568,-0.027572333812713623,-0.5900102853775024,0.22273097932338715,0.05752068758010864,0.00745618250221014,0.8895196318626404,0.633269190788269,-1.4894956309375824,1.3608787155980238,-1.0549590081447509,0.0003294845810160041,-0.0006038869032636285,-0.001672080485150218,0.030701953917741776,0.010692555457353592,0.04833980277180672,0.5079415440559387,0.26691949367523193,0.18999838829040527,0.0018080632435157895,0.05825527757406235,0.6044418811798096,-0.1533101281428425,0.7450450432044791,-1.3640175454705452,-0.003730619791895151,0.00021798745729029179,0.003145062131807208,0.11899920552968979,0.07858628779649734,-0.02991095930337906,-0.044419895857572556,-0.453154057264328,0.24144330620765686,0.004884307272732258,0.1457095742225647,0.5153800249099731,-0.13266330336799131,0.3728461723823037,0.13258804019373527,0.0008269998361356556,0.0003005756007041782,-0.0004420116893015802,0.0025203395634889603,0.007441959343850613,0.044861312955617905,-0.1967574656009674,0.1777167171239853,0.07723424583673477,0.0009847073815762997,0.045544177293777466,0.2761555016040802,-1.0840117473509747,1.2929459288608034,-1.115487379606066
-0.0009510589297860861,-0.00107036461122334,-0.007354773581027985,-0.8064622282981873,0.3714433014392853,-0.03649646043777466,-0.6635677814483643,0.20737724006175995,-0.006777405738830566,0.0074928561225533485,0.8886412978172302,0.6952506303787231,-1.4894956309375824,1.3608787155980238,-1.0549590081447509,0.00046723487321287394,-0.0007391121471300721,-0.001812534872442484,0.006752699613571167,0.0054918816313147545,0.040383230894804,0.5137989521026611,0.2636380195617676,0.19392403960227966,0.0020124309230595827,0.041310593485832214,0.6091805100440979,-0.1533101281428425,0.7450450432044791,-1.3640175454705452,-0.003472384996712208,0.0002383446117164567,0.0030407747253775597,0.12859715521335602,0.09746402502059937,-0.04810311645269394,-0.022900361567735672,-0.43969759345054626,0.22917337715625763,0.004621750209480524,0.16837568581104279,0.49636563658714294,-0.13266330336799131,0.3728461723823037,0.13258804019373527,0.0007770483498461545,0.0002550277567934245,-0.0005008256412111223,0.003314112313091755,0.028625410050153732,0.03019050881266594,-0.3046010434627533,0.17736627161502838,0.06542396545410156,0.0009589940891601145,0.04173564910888672,0.35849809646606445,-1.0840117473509747,1.2929459288608034,-1.115487379606066
-0.0010230876505374908,-0.0011089337058365345,-0.007296591065824032,-0.7915469408035278,0.4015694558620453,-0.04776635766029358,-0.7278841733932495,0.19403211772441864,-0.062037378549575806,0.007450951728969812,0.8888679146766663,0.7558521032333374,-1.4894956309375824,1.3608787155980238,-1.0549590081447509,0.000496023625601083,-0.0007742340676486492,-0.0018590956460684538,-0.023897986859083176,0.002051236107945442,0.03762879967689514,0.5160273909568787,0.2630924880504608,0.1954902708530426,0.0020740574691444635,0.04462340101599693,0.6113250851631165,-0.1533101281428425,0.7450450432044791,-1.3640175454705452,-0.003313783323392272,0.00025915546575561166,0.0030649425461888313,0.1351742446422577,0.11706840246915817,-0.06733142584562302,0.008451525121927261,-0.42290326952934265,0.21749450266361237,0.004521304275840521,0.19107750058174133,0.47562849521636963,-0.13266330336799131,0.3728461723823037,0.13258804019373527,0.000708984793163836,0.0003052065731026232,-0.00045229686656966805,0.0034416792914271355,0.05370153486728668,0.019883066415786743,-0.38487643003463745,0.17763292789459229,0.05638691782951355,0.0008946412708610296,0.05736755579710007,0.4276246130466461,-1.083036919426469,1.2926765967041465,-1.1133274989940691
-0.001110212178900838,-0.0010813314002007246,-0.007171535398811102,-0.7774587869644165,0.43013444542884827,-0.05797317624092102,-0.7800678610801697,0.18323466181755066,-0.10572153329849243,0.007337081711739302,0.8904036283493042,0.8082436919212341,-1.4894956309375824,1.3608787155980238,-1.0549590081447509,0.00039751111762598157,-0.0007054429734125733,-0.001787292305380106,-0.06003247946500778,-0.0012511545792222023,0.04329324886202812,0.5157229900360107,0.2637925446033478,0.1953303962945938,0.001962161622941494,0.0740254670381546,0.611318826675415,-0.1533101281428425,0.7450450432044791,-1.3640175454705452,-0.0032967918086797,0.00030518652056343853,0.0032210599165409803,0.13457785546779633,0.13732145726680756,-0.08650770783424377,0.050710760056972504,-0.4024192988872528,0.20649632811546326,0.004619220737367868,0.21083633601665497,0.4551413059234619,-0.13266330336799131,0.3728461723823037,0.13258804019373527,0.0006450135260820389,0.0004450962005648762,-0.0003101979091297835,0.0028649792075157166,0.07627595961093903,0.016169654205441475,-0.44061464071273804,0.17768122255802155,0.05026325583457947,0.0008428379078395665,0.07802363485097885,0.47774288058280945,-1.083036919426469,1.2926765967041465,-1.1133274989940691
-0.0011950589250773191,-0.0010003886418417096,-0.007000501733273268,-0.7672374248504639,0.4511875808238983,-0.0638934075832367,-0.819840133190155,0.17510788142681122,-0.13736620545387268,0.0071718874387443066,0.892359733581543,0.8495116829872131,-1.491083093202826,1.360885294600173,-1.0564509051850954,0.0001897548499982804,-0.0005451861652545631,-0.0015960942255333066,-0.09873270988464355,-0.006494814995676279,0.05961519852280617,0.5136759877204895,0.2643536329269409,0.19385437667369843,0.0016972776502370834,0.11551754176616669,0.6093647480010986,-0.1533101281428425,0.7450450432044791,-1.3640175454705452,-0.003441053908318281,0.00038631499046459794,0.0035104427952319384,0.12280752509832382,0.1579737365245819,-0.10434563457965851,0.10364179313182831,-0.37830641865730286,0.1961175501346588,0.004930851981043816,0.2256665676832199,0.4385424256324768,-0.13266330336799131,0.3728461723823037,0.13258804019373527,0.0006153674330562353,0.0006463139434345067,-0.00010244562872685492,0.0017489809542894363,0.09071134030818939,0.019905298948287964,-0.4759142994880676,0.1777951568365097,0.04638597369194031,0.000898272730410099,0.09288609772920609,0.510154128074646,-1.083036919426469,1.2926765967041465,-1.1133274989940691
-0.0012452083174139261,-0.000900068087503314,-0.006809067912399769,-0.7631552815437317,0.46010440587997437,-0.06428837776184082,-0.8483604788780212,0.16917987167835236,-0.1586545705795288,0.006980263162404299,0.8934400081634521,0.8794933557510376,-1.491083093202826,1.360885294600173,-1.0564509051850954,-8.833053288981318e-05,-0.00032377379829995334,-0.0013183236587792635,-0.13582976162433624,-0.01560711394995451,0.08671502768993378,0.5103688836097717,0.26349666714668274,0.19124718010425568,0.0013603708939626813,0.16190367937088013,0.6053779125213623,-0.1533101281428425,0.7450450432044791,-1.3640175454705452,-0.0037297424860298634,0.0004989529261365533,0.003909805323928595,0.09723733365535736,0.17780210077762604,-0.11964680999517441,0.16480690240859985,-0.3514707684516907,0.18637949228286743,0.005426463671028614,0.23533815145492554,0.43061622977256775,-0.13266330336799131,0.3728461723823037,0.13258804019373527,0.0006415930110961199,0.0008635840495117009,0.00013876700541004539,0.0003262162208557129,0.0934489294886589,0.03051738068461418,-0.4953381419181824,0.17792601883411407,0.04424871504306793,0.0010847466764971614,0.09830625355243683,0.5281813144683838,-1.083036919426469,1.2926765967041465,-1.1133274989940691
-0.0012397589161992073,-0.0008250507526099682,-0.006625889800488949,-0.765896201133728,0.45535707473754883,-0.059060484170913696,-0.8674691319465637,0.16516563296318054,-0.17125335335731506,0.006791179999709129,0.8929922580718994,0.8995054364204407,-1.491083093202826,1.360885294600173,-1.0564509051850954,-0.00039347453275695443,-8.136281394399703e-05,-0.0010110768489539623,-0.1672416776418686,-0.029553554952144623,0.12201402336359024,0.506014347076416,0.2600495517253876,0.18749839067459106,0.0010879882611334324,0.20911866426467896,0.5990258455276489,-0.1533101281428425,0.7450450432044791,-1.3640175454705452,-0.004112724214792252,0.0006388399633578956,0.004356084857136011,0.0577540248632431,0.19445784389972687,-0.13172519207000732,0.2291199415922165,-0.3238945007324219,0.17753325402736664,0.006024789996445179,0.24186961352825165,0.4346511662006378,-0.13266330336799131,0.3728461723823037,0.13258804019373527,0.0007308762287721038,0.001048788777552545,0.00037745715235359967,-0.001157619059085846,0.08388920873403549,0.04622064158320427,-0.5029643774032593,0.17802366614341736,0.043402448296546936,0.0013328960631042719,0.0957866758108139,0.5353030562400818,-1.083036919426469,1.2926765967041465,-1.1133274989940691
-0.0011668822262436152,-0.0008104544831439853,-0.006485960446298122,-0.7746827602386475,0.43818196654319763,-0.050135523080825806,-0.8790124654769897,0.16269829869270325,-0.17731231451034546,0.006639739032834768,0.8914316296577454,0.9113579392433167,-1.491083093202826,1.360885294600173,-1.0564509051850954,-0.0006848048651590943,0.00014455814380198717,-0.0007378160953521729,-0.18983961641788483,-0.04781927168369293,0.1607687920331955,0.5006231665611267,0.2529780864715576,0.18245746195316315,0.00101696967612952,0.25332266092300415,0.5898407697677612,-0.1533101281428425,0.7450450432044791,-1.3640175454705452,-0.004520329646766186,0.0008082514395937324,0.00476627005264163,0.0070393942296504974,0.20472538471221924,-0.14030510187149048,0.2901975214481354,-0.29810386896133423,0.16997478902339935,0.00661845738068223,0.24828927218914032,0.44941288232803345,-0.13266330336799131,0.3728461723823037,0.13258804019373527,0.0008780068601481616,0.0011707697995007038,0.000571701442822814,-0.002486530691385269,0.06432092189788818,0.06439422816038132,-0.5019326210021973,0.17803411185741425,0.04350520670413971,0.001571127213537693,0.09104932844638824,0.5343455672264099,-1.083036919426469,1.2926765967041465,-1.1133274989940691
-0.0010300297290086746,-0.0008656540885567665,-0.006422637961804867,-0.7877461910247803,0.4117700755596161,-0.04037562012672424,-0.8844282031059265,0.16151610016822815,-0.17893651127815247,0.006562056951224804,0.8897914886474609,0.9166891574859619,-1.491083093202826,1.360885294600173,-1.0564509051850954,-0.0009287077118642628,0.0003286630962975323,-0.0005550580099225044,-0.20165789127349854,-0.06830382347106934,0.19759686291217804,0.494096040725708,0.2414696365594864,0.17591451108455658,0.0011307550594210625,0.29047518968582153,0.5773944854736328,-0.1533101281428425,0.7450450432044791,-1.3640175454705452,-0.004877222236245871,0.0010140833910554647,0.005072681233286858,-0.050039395689964294,0.20554359257221222,-0.14466160535812378,0.3429533541202545,-0.27610787749290466,0.16399547457695007,0.0071096946485340595,0.256279319524765,0.4698373079299927,-0.13266330336799131,0.3728461723823037,0.13258804019373527,0.0010694283992052078,0.001223317114636302,0.0006820253329351544,-0.003475349396467209,0.0387115553021431,0.08204253762960434,-0.49424928426742554,0.17789824306964874,0.044344231486320496,0.0017621975857764482,0.0907834842801094,0.5271589159965515,-1.083036919426469,1.2926765967041465,-1.1133274989940691
-0.000849640928208828,-0.0009738104999996722,-0.006452818401157856,-0.8029963970184326,0.3801124691963196,-0.032282114028930664,-0.8844856023788452,0.16151702404022217,-0.1780361831188202,0.0065809618681669235,0.8890055418014526,0.9165693521499634,-1.491083093202826,1.360885294600173,-1.0564509051850954,-0.001102918991819024,0.000460805807961151,-0.0005021046381443739,-0.20217765867710114,-0.08756029605865479,0.22823216021060944,0.48633912205696106,0.22509126365184784,0.16770949959754944,0.0012964881025254726,0.3172263205051422,0.5615320801734924,-0.1533101281428425,0.7450450432044791,-1.3640175454705452,-0.005115913692861795,0.001261577126570046,0.005245298147201538,-0.10766078531742096,0.19591256976127625,-0.14299702644348145,0.3849514126777649,-0.2588435709476471,0.15965065360069275,0.007434871047735214,0.2653690576553345,0.4905873239040375,-0.13266330336799131,0.3728461723823037,0.13258804019373527,0.0012833954533562064,0.001220653299242258,0.0006865110481157899,-0.003968127071857452,0.011301115155220032,0.09630712866783142,-0.4807882308959961,0.1775520294904709,0.04583527147769928,0.0018995777936652303,0.09704907983541489,0.5145706534385681,-1.083036919426469,1.2926765967041465,-1.1133274989940691
-0.000659639947116375,-0.001103510963730514,-0.006567200645804405,-0.8184574842453003,0.3471844792366028,-0.027409344911575317,-0.8791635632514954,0.1627853810787201,-0.1762714684009552,0.006691859569400549,0.8894723057746887,0.9113173484802246,-1.491083093202826,1.360885294600173,-1.0564509051850954,-0.0011979455593973398,0.0005384595133364201,-0.0005950662307441235,-0.19258561730384827,-0.10146746039390564,0.2505699396133423,0.4774026572704315,0.20403793454170227,0.15787191689014435,0.0014419140061363578,0.3319189250469208,0.5426493287086487,-0.1533101281428425,0.7450450432044791,-1.3640175454705452,-0.005189875140786171,0.0015461331931874156,0.005290786735713482,-0.16073761880397797,0.17827627062797546,-0.13271397352218628,0.41596320271492004,-0.24636217951774597,0.15681341290473938,0.0075708492659032345,0.2742845416069031,0.5082421898841858,-0.13266330336799131,0.3728461723823037,0.13258804019373527,0.0014865933917462826,0.0011879050871357322,0.000589092553127557,-0.0038513652980327606,-0.014132068492472172,0.10484911501407623,-0.4614441692829132,0.17693018913269043,0.048006102442741394,0.001992011209949851,0.10586730390787125,0.4965275228023529,-1.083036919426469,1.2926765967041465,-1.1133274989940691
-0.0005003546830266714,-0.0012205762322992086,-0.006736108101904392,-0.8324010372161865,0.3165419399738312,-0.026803016662597656,-0.8676488995552063,0.1655905693769455,-0.17505484819412231,0.006864059716463089,0.8909594416618347,0.9004881978034973,-1.491083093202826,1.360885294600173,-1.0564509051850954,-0.001218884834088385,0.000555889040697366,-0.0008283663773909211,-0.17562982439994812,-0.10617059469223022,0.26450544595718384,0.4676448702812195,0.17947696149349213,0.14679434895515442,0.0015750820748507977,0.33478522300720215,0.5219696164131165,-0.1533101281428425,0.7450450432044791,-1.3640175454705452,-0.005084962118417025,0.0018517575226724148,0.005232448689639568,-0.206278458237648,0.1578599065542221,-0.11128181219100952,0.43708178400993347,-0.23819348216056824,0.1552678644657135,0.007527573499828577,0.2825848460197449,0.5214256644248962,-0.13266330336799131,0.3728461723823037,0.13258804019373527,0.001635048072785139,0.001150175929069519,0.0004145489074289799,-0.0030426718294620514,-0.03457168489694595,0.10586833208799362,-0.4354183077812195,0.17597422003746033,0.05096471309661865,0.0020416018087416887,0.1114116832613945,0.47239118814468384,-1.083036919426469,1.2926765967041465,-1.1133274989940691
-0.0004109703004360199,-0.0012949560768902302,-0.006926857400685549,-0.8433704376220703,0.2911633253097534,-0.03141871094703674,-0.8484578728675842,0.17035742104053497,-0.17557239532470703,0.0070588355883955956,0.8927692174911499,0.883022129535675,-1.491083093202826,1.360885294600173,-1.0564509051850954,-0.001182642299681902,0.0005014239577576518,-0.0011757782194763422,-0.15502609312534332,-0.09889231622219086,0.2707948386669159,0.4578189551830292,0.15371181070804596,0.13532336056232452,0.0017414140747860074,0.3273264765739441,0.5015355944633484,-0.1533101281428425,0.7450450432044791,-1.3640175454705452,-0.004832990001887083,0.0021474326495081186,0.005088377743959427,-0.24304839968681335,0.14059236645698547,-0.07728606462478638,0.44971129298210144,-0.2342146784067154,0.154860720038414,0.007338995113968849,0.29122477769851685,0.5301684737205505,-0.13215527152696388,0.371723920440651,0.13536352943408522,0.0016871748957782984,0.001124017289839685,0.00019556889310479164,-0.0014711171388626099,-0.04813666641712189,0.0980825275182724,-0.4016363322734833,0.1746460646390915,0.05485229194164276,0.002036718185991049,0.1092679500579834,0.4413861930370331,-1.083036919426469,1.2926765967041465,-1.1133274989940691
-0.00042149913497269154,-0.0013041328638792038,-0.007116737775504589,-0.850312352180481,0.2732405960559845,-0.04179152846336365,-0.8196955323219299,0.17760246992111206,-0.17879799008369446,0.007247508503496647,0.8941130042076111,0.8575617074966431,-1.491083093202826,1.360885294600173,-1.0564509051850954,-0.0011056966613978148,0.0003627261030487716,-0.0015898380661383271,-0.1343456655740738,-0.07852062582969666,0.2700161337852478,0.4488786458969116,0.12959915399551392,0.12453136593103409,0.0019702082499861717,0.3116455674171448,0.4835245907306671,-0.1533101281428425,0.7450450432044791,-1.3640175454705452,-0.004480596631765366,0.0024253372102975845,0.004876281600445509,-0.2708040177822113,0.12944066524505615,-0.03130875527858734,0.4564719796180725,-0.23243702948093414,0.15519393980503082,0.0070523847825825214,0.3017779588699341,0.5352371335029602,-0.13215527152696388,0.371723920440651,0.13536352943408522,0.0016218163073062897,0.0011143990559503436,-3.9460312109440565e-05,0.0008943341672420502,-0.05433311313390732,0.08105339109897614,-0.359310507774353,0.17294882237911224,0.05977879464626312,0.0019681795965880156,0.09758350253105164,0.40322306752204895,-1.083036919426469,1.2926765967041465,-1.1133274989940691
-0.000545259565114975,-0.0012381263077259064,-0.007291773334145546,-0.8528393507003784,0.2637571692466736,-0.057412296533584595,-0.7794817686080933,0.18782757222652435,-0.1854715347290039,0.007416213396936655,0.8945384621620178,0.822964608669281,-1.491083093202826,1.360885294600173,-1.0564509051850954,-0.0009940548334270716,0.0001356602879241109,-0.0020102127455174923,-0.11584532260894775,-0.04591533541679382,0.2624672055244446,0.44158700108528137,0.10944745689630508,0.11526887118816376,0.002246665069833398,0.290546715259552,0.4693237245082855,-0.1533101281428425,0.7450450432044791,-1.3640175454705452,-0.004105859436094761,0.0026344629004597664,0.004605917725712061,-0.2880421578884125,0.12556110322475433,0.023715533316135406,0.4588475227355957,-0.2326946258544922,0.15611901879310608,0.006709169130772352,0.3151131570339203,0.5376439094543457,-0.13215527152696388,0.371723920440651,0.13536352943408522,0.0014450361486524343,0.0011183911701664329,-0.00027152185793966055,0.003981279209256172,-0.053791921585798264,0.055608510971069336,-0.30866265296936035,0.1709548979997635,0.06573992222547531,0.001847336534410715,0.0774708166718483,0.35891494154930115,-1.083036919426469,1.2926765967041465,-1.1133274989940691
-0.000773576321080327,-0.0011070831678807735,-0.007439788430929184,-0.8513862490653992,0.2621282637119293,-0.07677632570266724,-0.7265797257423401,0.20136119425296783,-0.19602280855178833,0.007561382371932268,0.8941277265548706,0.7790310978889465,-1.491083093202826,1.360885294600173,-1.0564509051850954,-0.0008482869598083198,-0.00016751943621784449,-0.0023816111497581005,-0.10020726919174194,-0.003655761480331421,0.24855206906795502,0.4363044202327728,0.09442447125911713,0.10793031752109528,0.002533717779442668,0.2680167853832245,0.4592673182487488,-0.1533101281428425,0.7450450432044791,-1.3640175454705452,-0.0037652302999049425,0.0027348254807293415,0.004295923747122288,-0.293711394071579,0.1274835765361786,0.08262760192155838,0.45839789509773254,-0.23430661857128143,0.15744470059871674,0.0063333394937217236,0.3306747078895569,0.5383465886116028,-0.13215527152696388,0.371723920440651,0.13536352943408522,0.0011833079624921083,0.0011317669413983822,-0.00048751625581644475,0.00756814144551754,-0.04768157750368118,0.02399613708257675,-0.2518174350261688,0.1688409298658371,0.07251261174678802,0.0017084454884752631,0.053913116455078125,0.31173282861709595,-1.083036919426469,1.2926765967041465,-1.1133274989940691
-0.00107561144977808,-0.0009420284768566489,-0.007549685426056385,-0.8469977974891663,0.26645976305007935,-0.09823152422904968,-0.6612597703933716,0.21813879907131195,-0.2104261815547943,0.007683886215090752,0.8933395147323608,0.7274119853973389,-1.491083093202826,1.360885294600173,-1.0564509051850954,-0.000678712036460638,-0.0005133363883942366,-0.0026690643280744553,-0.0870961844921112,0.04467526823282242,0.2290303111076355,0.4331548511981964,0.08428747951984406,0.10239432752132416,0.0028014404233545065,0.24907130002975464,0.4530034363269806,-0.15401460375464435,0.7454532381100384,-1.363738063242571,-0.0034935232251882553,0.00271474733017385,0.003975979518145323,-0.2880106270313263,0.1329541653394699,0.13989412784576416,0.4563472270965576,-0.2366732507944107,0.15897879004478455,0.005948358681052923,0.34669482707977295,0.5380904078483582,-0.13215527152696388,0.371723920440651,0.13536352943408522,0.000872208911459893,0.0011489472817629576,-0.0006747122970409691,0.011305460706353188,-0.03725782781839371,-0.010457302443683147,-0.19326241314411163,0.1668996661901474,0.07959963381290436,0.0015925026964396238,0.040315188467502594,0.2674732804298401,-1.083036919426469,1.2926765967041465,-1.1133274989940691
-0.0014060181565582752,-0.0007840371690690517,-0.0076155164279043674,-0.8408570289611816,0.2744377553462982,-0.12058049440383911,-0.5864162445068359,0.23741695284843445,-0.22797727584838867,0.007783809676766396,0.8926904797554016,0.6724763512611389,-1.491083093202826,1.360885294600173,-1.0564509051850954,-0.0005010554450564086,-0.000856879516504705,-0.002858976600691676,-0.07632453739643097,0.0950663834810257,0.20496931672096252,0.4316765069961548,0.07935956120491028,0.09873202443122864,0.003026391612365842,0.23848578333854675,0.44987839460372925,-0.15401460375464435,0.7454532381100384,-1.363738063242571,-0.0033164501655846834,0.0025890113320201635,0.003689441131427884,-0.27236783504486084,0.1390421986579895,0.19145195186138153,0.4535805284976959,-0.23924782872200012,0.16050203144550323,0.005595873109996319,0.360791951417923,0.5373413562774658,-0.13215527152696388,0.371723920440651,0.13536352943408522,0.0005490548792295158,0.001156087964773178,-0.0008204248733818531,0.014811055734753609,-0.02368699386715889,-0.044191133230924606,-0.1386469155550003,0.16546672582626343,0.08636423945426941,0.0015202295035123825,0.05228094756603241,0.23251019418239594,-1.083036919426469,1.2926765967041465,-1.1133274989940691
-0.0017154845409095287,-0.0006698461365886033,-0.007638205774128437,-0.8339570164680481,0.2841213047504425,-0.14281463623046875,-0.5081340670585632,0.25762876868247986,-0.24718748033046722,0.007857083342969418,0.8925274014472961,0.6210269331932068,-1.491083093202826,1.360885294600173,-1.0564509051850954,-0.0003258701763115823,-0.0011484113056212664,-0.0029449020512402058,-0.06744687259197235,0.1435040533542633,0.17821866273880005,0.4315972328186035,0.0782453864812851,0.09649522602558136,0.0031776544637978077,0.23854640126228333,0.4491211771965027,-0.15401460375464435,0.7454532381100384,-1.363738063242571,-0.0032548471353948116,0.002366036409512162,0.003481240477412939,-0.24904005229473114,0.14069469273090363,0.23439735174179077,0.45067736506462097,-0.24149268865585327,0.1617378145456314,0.005320826545357704,0.3698081374168396,0.5362722277641296,-0.13215527152696388,0.371723920440651,0.13536352943408522,0.00025205142446793616,0.001130182296037674,-0.0009158359607681632,0.017772682011127472,-0.007980884052813053,-0.07427430152893066,-0.09242653846740723,0.16478636860847473,0.09229595959186554,0.0014763459330424666,0.07678694278001785,0.21027542650699615,-1.083036919426469,1.2926765967041465,-1.1133274989940691
-0.0019582610111683607,-0.0006231330917216837,-0.007621451746672392,-0.826951265335083,0.29441726207733154,-0.16353225708007812,-0.4340690076351166,0.2768021523952484,-0.2661963999271393,0.007893643341958523,0.8929013013839722,0.5795652270317078,-1.491083093202826,1.360885294600173,-1.0564509051850954,-0.00014163675950840116,-0.0013589520240202546,-0.002918543294072151,-0.0601387545466423,0.1859835982322693,0.1512279063463211,0.4323882460594177,0.07961425930261612,0.09534743428230286,0.003222531173378229,0.24713648855686188,0.4498768448829651,-0.15401460375464435,0.7454532381100384,-1.363738063242571,-0.003313580760732293,0.0020340215414762497,0.0033733907621353865,-0.22100496292114258,0.13099412620067596,0.2653144598007202,0.44796472787857056,-0.2428303062915802,0.16232338547706604,0.005147506948560476,0.36931613087654114,0.5347782969474792,-0.13215527152696388,0.371723920440651,0.13536352943408522,1.9832950783893466e-05,0.001050708000548184,-0.0009554654243402183,0.019983377307653427,0.009058757685124874,-0.09871497750282288,-0.05661508068442345,0.16492430865764618,0.09714563935995102,0.0014203150058165193,0.10112389922142029,0.1996060460805893,-1.083036919426469,1.2926765967041465,-1.1133274989940691
-0.002099861390888691,-0.0006534045096486807,-0.007565379608422518,-0.8200516104698181,0.3053549528121948,-0.18074321746826172,-0.3703155517578125,0.29336756467819214,-0.283536434173584,0.00787853542715311,0.8935291767120361,0.5509909987449646,-1.491083093202826,1.360885294600173,-1.0564509051850954,6.885762559249997e-05,-0.0014884739648550749,-0.002771661849692464,-0.054034486413002014,0.21886281669139862,0.12637971341609955,0.4333958029747009,0.08181916922330856,0.0949782133102417,0.0031468088272958994,0.2584424316883087,0.4511620104312897,-0.15401460375464435,0.7454532381100384,-1.363738063242571,-0.00347538897767663,0.001587932463735342,0.0033550283405929804,-0.19153794646263123,0.10487391799688339,0.280411034822464,0.4455745220184326,-0.24260184168815613,0.16178682446479797,0.005084886681288481,0.355409175157547,0.5325103402137756,-0.13215527152696388,0.371723920440651,0.13536352943408522,-0.00011211543460376561,0.0009126163786277175,-0.0009300258243456483,0.021356943994760513,0.026778215542435646,-0.11607140302658081,-0.0310450978577137,0.16577379405498505,0.1008695736527443,0.0013078175252303481,0.12101967632770538,0.19651824235916138,-1.0827980624433142,1.2925730583453954,-1.1122038179125895
-0.002127629704773426,-0.0007585055427625775,-0.00746680935844779,-0.8131568431854248,0.31765007972717285,-0.1924774944782257,-0.31977012753486633,0.3065786063671112,-0.29851391911506653,0.0078009855933487415,0.8939648866653442,0.5341852903366089,-1.491083093202826,1.360885294600173,-1.0564509051850954,0.0003022042801603675,-0.0015549027593806386,-0.002504063071683049,-0.048495613038539886,0.2396809607744217,0.1048901379108429,0.43383169174194336,0.08288507163524628,0.0951300635933876,0.002963002072647214,0.26608407497406006,0.45180705189704895,-0.15401460375464435,0.7454532381100384,-1.363738063242571,-0.0037142920773476362,0.001062900060787797,0.0034010165836662054,-0.1629469394683838,0.06342029571533203,0.27817413210868835,0.4434998631477356,-0.24004587531089783,0.1595403105020523,0.005147099960595369,0.3285645842552185,0.5289303064346313,-0.13215527152696388,0.371723920440651,0.13536352943408522,-0.00012461186270229518,0.0007246535969898105,-0.0008254256099462509,0.02167988196015358,0.04448254778981209,-0.12517690658569336,-0.014554459601640701,0.16695661842823029,0.10353734344244003,0.0011054313508793712,0.13460300862789154,0.19699321687221527,-1.0827980624433142,1.2925730583453954,-1.1122038179125895
-0.0020563588477671146,-0.0009258582722395658,-0.007325359620153904,-0.8062301874160767,0.33164316415786743,-0.19781440496444702,-0.28273192048072815,0.3163585364818573,-0.310994416475296,0.00766464089974761,0.8939378261566162,0.526058554649353,-1.4916167843702453,1.3609244867794328,-1.0570771078463423,0.0005300149787217379,-0.0015754137421026826,-0.002129265572875738,-0.04246329888701439,0.24805523455142975,0.08605670928955078,0.43275976181030273,0.08048327267169952,0.09560967981815338,0.0027012249920517206,0.26597046852111816,0.45044398307800293,-0.15401460375464435,0.7454532381100384,-1.363738063242571,-0.004010665696114302,0.0005276870797388256,0.0034934240393340588,-0.13515061140060425,0.013209627941250801,0.26105940341949463,0.4416457414627075,-0.2343113273382187,0.15489721298217773,0.005344895180314779,0.2942655086517334,0.5233983993530273,-0.13215527152696388,0.371723920440651,0.13536352943408522,-1.917834742926061e-05,0.000500042806379497,-0.0006356646190397441,0.02099490538239479,0.06117281690239906,-0.12569139897823334,-0.004897370934486389,0.1679818034172058,0.10522715747356415,0.0008089994662441313,0.1413549780845642,0.19827915728092194,-1.0827980624433142,1.2925730583453954,-1.1122038179125895
-0.0019173163454979658,-0.0011326537933200598,-0.007148701697587967,-0.7992600798606873,0.34706106781959534,-0.19772887229919434,-0.2577053904533386,0.3230768144130707,-0.3212776184082031,0.0074875191785395145,0.8935126066207886,0.5234596729278564,-1.4916167843702453,1.3609244867794328,-1.0570771078463423,0.0007192556513473392,-0.0015594768337905407,-0.0016736771212890744,-0.03496069833636284,0.24596227705478668,0.0676766186952591,0.42909708619117737,0.07193339616060257,0.09628604352474213,0.0023980182595551014,0.2574875056743622,0.4456116259098053,-0.15401460375464435,0.7454532381100384,-1.363738063242571,-0.004346607718616724,4.378614539746195e-05,0.0036193428095430136,-0.10575661063194275,-0.03899340331554413,0.2340320646762848,0.4398738145828247,-0.2245204746723175,0.14712706208229065,0.005656373221427202,0.25976133346557617,0.5153104066848755,-0.13215527152696388,0.371723920440651,0.13536352943408522,0.00017388269770890474,0.0002530205820221454,-0.0003763921558856964,0.019476711750030518,0.07587357610464096,-0.11868315935134888,0.00045511871576309204,0.16808675229549408,0.105994313955307,0.0004857218009419739,0.14220349490642548,0.19871628284454346,-1.0827980624433142,1.2925730583453954,-1.1122038179125895
-0.0017535213846713305,-0.001348869758658111,-0.006952314637601376,-0.7925655841827393,0.362951397895813,-0.19331124424934387,-0.24259279668331146,0.3272509276866913,-0.32953816652297974,0.007295818068087101,0.8928959369659424,0.5239654779434204,-1.4916167843702453,1.3609244867794328,-1.0570771078463423,0.000852153985761106,-0.0015136797446757555,-0.0011709090322256088,-0.025934424251317978,0.23690928518772125,0.04748520255088806,0.4216477572917938,0.05428266525268555,0.09708227217197418,0.0020948557648807764,0.24300915002822876,0.43607157468795776,-0.15401460375464435,0.7454532381100384,-1.363738063242571,-0.004700376186519861,-0.0003608490223996341,0.003762013278901577,-0.07254904508590698,-0.08920780569314957,0.20234020054340363,0.43804308772087097,-0.2098996341228485,0.1355617642402649,0.0060312929563224316,0.23272934556007385,0.5042981505393982,-0.13215527152696388,0.371723920440651,0.13536352943408522,0.00040873518446460366,1.237527612829581e-06,-8.213311957661062e-05,0.017339378595352173,0.0882364958524704,-0.10577012598514557,0.004191607236862183,0.16626620292663574,0.1058257520198822,0.0004169074818491936,0.13882958889007568,0.19713221490383148,-1.0827980624433142,1.2925730583453954,-1.1122038179125895
-0.001608764287084341,-0.0015455889515578747,-0.006757303141057491,-0.7866227626800537,0.3781868815422058,-0.18486472964286804,-0.2349870204925537,0.3294604420661926,-0.33580541610717773,0.00711604580283165,0.8921747207641602,0.5258596539497375,-1.4916167843702453,1.3609244867794328,-1.0570771078463423,0.0009311104658991098,-0.001443548477254808,-0.0006517093279398978,-0.016357190907001495,0.2240830957889557,0.02441404014825821,0.4091931879520416,0.024517938494682312,0.09796182811260223,0.001837259973399341,0.22600185871124268,0.42146971821784973,-0.15401460375464435,0.7454532381100384,-1.363738063242571,-0.005055224057286978,-0.0006893228273838758,0.00391553295776248,-0.0365181565284729,-0.13510414958000183,0.1703861653804779,0.4360488951206207,-0.18999439477920532,0.11976650357246399,0.00643131835386157,0.22049523890018463,0.4904900789260864,-0.13215527152696388,0.371723920440651,0.13536352943408522,0.0006406625034287572,-0.0002368481655139476,0.0002111115463776514,0.014669792726635933,0.09852657467126846,-0.08775746077299118,0.009018659591674805,0.16128060221672058,0.1046236976981163,0.0007149220909923315,0.13275565207004547,0.19245490431785583,-1.0827980624433142,1.2925730583453954,-1.1122038179125895
-0.0015182704664766788,-0.001703401911072433,-0.0065816729329526424,-0.7821892499923706,0.3912926912307739,-0.17159146070480347,-0.23258143663406372,0.3302361071109772,-0.3397367596626282,0.006965999025851488,0.8912764191627502,0.5277982950210571,-1.4916167843702453,1.3609244867794328,-1.0570771078463423,0.0009715568157844245,-0.0013470976846292615,-0.00013086499529890716,-0.007447052747011185,0.20881174504756927,-0.0007298290729522705,0.39066267013549805,-0.020028814673423767,0.09891195595264435,0.00166604935657233,0.20894576609134674,0.40348735451698303,-0.15401460375464435,0.7454532381100384,-1.363738063242571,-0.005403843242675066,-0.0009611925343051553,0.004104588180780411,-0.0023886840790510178,-0.17444252967834473,0.14125746488571167,0.43386292457580566,-0.1649840623140335,0.09978979825973511,0.006853688973933458,0.22447621822357178,0.4747786819934845,-0.13215527152696388,0.371723920440651,0.13536352943408522,0.0008369559072889388,-0.0004479249764699489,0.00048000551760196686,0.011473383754491806,0.10651742666959763,-0.06460616737604141,0.01755315065383911,0.1517077088356018,0.10221043974161148,0.0010637374361976981,0.12510618567466736,0.18376702070236206,-1.0827980624433142,1.2925730583453954,-1.1122038179125895
-0.0014953394420444965,-0.0018132287077605724,-0.0064375754445791245,-0.7803025841712952,0.4001372158527374,-0.15284985303878784,-0.23335477709770203,0.3300071358680725,-0.3404887020587921,0.006853190250694752,0.8901376128196716,0.528480589389801,-1.4916167843702453,1.3609244867794328,-1.0570771078463423,0.000989000778645277,-0.0012137842131778598,0.0003871896187774837,-1.955777406692505e-07,0.19086143374443054,-0.02506279945373535,0.3654079735279083,-0.08102268725633621,0.09992561489343643,0.0016128579154610634,0.19249995052814484,0.3873923122882843,-0.15401460375464435,0.7454532381100384,-1.363738063242571,-0.005733317695558071,-0.0011917271185666323,0.004359320271760225,0.023664439097046852,-0.20441724359989166,0.11664926260709763,0.4315755367279053,-0.13610054552555084,0.07649648189544678,0.007300329860299826,0.23654484748840332,0.45894718170166016,-0.13215527152696388,0.371723920440651,0.13536352943408522,0.0009827252943068743,-0.0006219848874025047,0.0007114543113857508,0.007883436046540737,0.11045471578836441,-0.036761458963155746,0.03219234570860863,0.13606303930282593,0.09835555404424667,0.0013633713824674487,0.11667818576097488,0.17094828188419342,-1.0827980624433142,1.2925730583453954,-1.1122038179125895
-0.0015243093948811293,-0.0018701928202062845,-0.006336711347103119,-0.7820364832878113,0.4020702540874481,-0.12975668907165527,-0.23564353585243225,0.32908082008361816,-0.33664262294769287,0.00678049074485898,0.8888635635375977,0.5264506936073303,-1.4916167843702453,1.3609244867794328,-1.0570771078463423,0.0009873233502730727,-0.00104106857907027,0.0008766576647758484,0.0058848802000284195,0.16970834136009216,-0.04457630589604378,0.3336027264595032,-0.1581653654575348,0.1009809672832489,0.0016814160626381636,0.17556366324424744,0.3827587068080902,-0.15401460375464435,0.7454532381100384,-1.363738063242571,-0.006011083256453276,-0.0013751261867582798,0.004659079946577549,0.03735484182834625,-0.22183944284915924,0.09685102105140686,0.42941418290138245,-0.10583731532096863,0.051736727356910706,0.0077285910956561565,0.24492497742176056,0.4452805519104004,-0.13215527152696388,0.371723920440651,0.13536352943408522,0.0010798145085573196,-0.0007446423987857997,0.0008938551764003932,0.0042603276669979095,0.10745273530483246,-0.006107171066105366,0.054908059537410736,0.11301836371421814,0.09282945096492767,0.0015872834483161569,0.10771043598651886,0.1562221199274063,-1.0827980624433142,1.2925730583453954,-1.1122038179125895
-0.0015687770210206509,-0.0018753230106085539,-0.006293890066444874,-0.7878578901290894,0.3953309655189514,-0.10523396730422974,-0.2381432205438614,0.327643483877182,-0.32620376348495483,0.0067521072924137115,0.8877391815185547,0.5200685858726501,-1.4916167843702453,1.3609244867794328,-1.0570771078463423,0.0009579487377777696,-0.0008547756006009877,0.0012763061095029116,0.011119930073618889,0.14502713084220886,-0.05627143383026123,0.2967744767665863,-0.24790798127651215,0.10202047228813171,0.0018103215843439102,0.15595830976963043,0.399927020072937,-0.15401460375464435,0.7454532381100384,-1.363738063242571,-0.00619959831237793,-0.0014897942310199142,0.004920200910419226,0.038903720676898956,-0.2249384969472885,0.08069370687007904,0.4276823401451111,-0.07730381190776825,0.0278395414352417,0.008053749799728394,0.2421204298734665,0.4355032742023468,-0.13215527152696388,0.371723920440651,0.13536352943408522,0.0011386091355234385,-0.0008053731289692223,0.0010146109852939844,0.0010897070169448853,0.09506425261497498,0.024290824308991432,0.08691596239805222,0.08174658566713333,0.08548731356859207,0.0017246715724468231,0.09812463819980621,0.1467820554971695,-1.0827980624433142,1.2925730583453954,-1.1122038179125895
-0.0015912160743027925,-0.0018448058981448412,-0.006324416026473045,-0.797115683555603,0.38061919808387756,-0.08224010467529297,-0.23987388610839844,0.3257785737514496,-0.3067038655281067,0.0067774271592497826,0.8871458768844604,0.5076794624328613,-1.4916167843702453,1.3609244867794328,-1.0570771078463423,0.0008969022310338914,-0.0007044707890599966,0.0015199430054053664,0.017259852960705757,0.11695457994937897,-0.05989888310432434,0.2580687403678894,-0.3428094983100891,0.1029396504163742,0.0019002471817657351,0.13252981007099152,0.4412645399570465,-0.15401460375464435,0.7454532381100384,-1.363738063242571,-0.006276886444538832,-0.0015243291854858398,0.005047278478741646,0.03281434252858162,-0.215205118060112,0.0662253275513649,0.42664119601249695,-0.05298767238855362,0.006642229855060577,0.008197433315217495,0.22754299640655518,0.429970383644104,-0.13215527152696388,0.371723920440651,0.13536352943408522,0.0011722543276846409,-0.0008182750316336751,0.0010617837542667985,-0.0011593624949455261,0.07291434705257416,0.050744205713272095,0.12818215787410736,0.042418185621500015,0.07638762891292572,0.0017807692056521773,0.08884154260158539,0.1551290899515152,-1.0827980624433142,1.2925730583453954,-1.1122038179125895
-0.0015680077485740185,-0.0018065115436911583,-0.006436307914555073,-0.8082890510559082,0.3608162999153137,-0.06269091367721558,-0.24013730883598328,0.3234960734844208,-0.27544814348220825,0.006866454146802425,0.8873836398124695,0.4880443811416626,-1.4916167843702453,1.3609244867794328,-1.0570771078463423,0.0008241432369686663,-0.000633709249086678,0.0015743321273475885,0.025283191353082657,0.0867246687412262,-0.057950906455516815,0.2214227020740509,-0.4335292875766754,0.10360874235630035,0.001886616344563663,0.10732527822256088,0.4977051615715027,-0.15401460375464435,0.7454532381100384,-1.363738063242571,-0.006235254928469658,-0.0014935609651729465,0.004990427754819393,0.02490350604057312,-0.196501225233078,0.052117977291345596,0.42643603682518005,-0.034101951867341995,-0.011002995073795319,0.00812486931681633,0.20481504499912262,0.42793890833854675,-0.13215527152696388,0.371723920440651,0.13536352943408522,0.0011944019934162498,-0.0008177482523024082,0.0010276978136971593,-0.002132374793291092,0.043572768568992615,0.06942202150821686,0.17674623429775238,-0.0031389594078063965,0.06594690680503845,0.0017752383137121797,0.08199115842580795,0.18867453932762146,-1.0827980624433142,1.2925730583453954,-1.1122038179125895
-0.0014933643396943808,-0.0017823386006057262,-0.006623995490372181,-0.8194802403450012,0.3397154211997986,-0.0481855571269989,-0.23848798871040344,0.3207717835903168,-0.22995619475841522,0.007020269520580769,0.8884122371673584,0.46114087104797363,-1.4916167843702453,1.3609244867794328,-1.0570771078463423,0.0007769226795062423,-0.0006558472523465753,0.0014469926245510578,0.03489934280514717,0.05654532089829445,-0.05436757579445839,0.18998391926288605,-0.5126375555992126,0.10391795635223389,0.0017684829654172063,0.08585552126169205,0.5564980506896973,-0.15401460375464435,0.7454532381100384,-1.363738063242571,-0.006093211937695742,-0.0014445476699620485,0.004738051909953356,0.01842612959444523,-0.17336414754390717,0.036369577050209045,0.4270055890083313,-0.022963032126426697,-0.02456626296043396,0.007852585054934025,0.1780937910079956,0.42832764983177185,-0.1334766807671211,0.37155884110812626,0.14761125767816785,0.001213626703247428,-0.0008252913248725235,0.0009129274403676391,-0.0016853325068950653,0.01211630180478096,0.0772930383682251,0.22840134799480438,-0.05111110955476761,0.05501870810985565,0.0017284188652411103,0.07825508713722229,0.24042999744415283,-1.0827980624433142,1.2925730583453954,-1.1122038179125895
-0.0013773099053651094,-0.0017745222430676222,-0.006870354060083628,-0.8285700082778931,0.32157930731773376,-0.040400147438049316,-0.23473218083381653,0.31759580969810486,-0.168649822473526,0.007228255271911621,0.8897042870521545,0.42942875623703003,-1.4916167843702453,1.3609244867794328,-1.0570771078463423,0.0007823491469025612,-0.0007511816220358014,0.0011692738626152277,0.04470451548695564,0.028693564236164093,-0.053105778992176056,0.16528049111366272,-0.5765866637229919,0.10380703210830688,0.0015948496293276548,0.07511349767446518,0.6087246537208557,-0.15401460375464435,0.7454532381100384,-1.363738063242571,-0.005830848123878241,-0.001359486486762762,0.00440912926569581,0.01749754324555397,-0.14740316569805145,0.02340051904320717,0.42849069833755493,-0.014541076496243477,-0.035243645310401917,0.007435550447553396,0.1502712219953537,0.4301835000514984,-0.1334766807671211,0.37155884110812626,0.14761125767816785,0.0012279707007110119,-0.0008276720182038844,0.0007264042505994439,2.0913779735565186e-05,-0.015375446528196335,0.07344456017017365,0.27784135937690735,-0.09671267122030258,0.044669367372989655,0.001649429090321064,0.07503671199083328,0.297564297914505,-1.0827980624433142,1.2925730583453954,-1.1122038179125895
-0.0012417749967426062,-0.001765600172802806,-0.007149689365178347,-0.833397388458252,0.3109882175922394,-0.04011082649230957,-0.22896482050418854,0.31403061747550964,-0.09183209389448166,0.0074684275314211845,0.8904345631599426,0.39934101700782776,-1.4916167843702453,1.3609244867794328,-1.0570771078463423,0.0008398432983085513,-0.0008790516294538975,0.0007768587092868984,0.052864085882902145,0.004730230197310448,-0.056788064539432526,0.14743643999099731,-0.6249182820320129,0.10399338603019714,0.001442767446860671,0.0777294710278511,0.6504421830177307,-0.1550296997456125,0.7450850205356727,-1.3651886074335522,-0.005486365873366594,-0.0012619728222489357,0.0040577552281320095,0.020777301862835884,-0.12021195143461227,0.010719222016632557,0.43048685789108276,-0.01022260170429945,-0.04318249225616455,0.006939608603715897,0.12246432900428772,0.4327680170536041,-0.1334766807671211,0.37155884110812626,0.14761125767816785,0.0012252097949385643,-0.0007881237543188035,0.00048654203419573605,0.002492981031537056,-0.033466238528490067,0.059909239411354065,0.32081925868988037,-0.13612820208072662,0.035743772983551025,0.0015359040116891265,0.0686681941151619,0.35033339262008667,-1.0827980624433142,1.2925730583453954,-1.1122038179125895
-0.001117135165259242,-0.0017295300494879484,-0.007425827905535698,-0.8323171138763428,0.3118213713169098,-0.046333491802215576,-0.22164812684059143,0.3102772533893585,-0.0029815956950187683,0.007705983705818653,0.8900175094604492,0.38132500648498535,-1.4916167843702453,1.3609244867794328,-1.0570771078463423,0.0009233283926732838,-0.0010020636254921556,0.0002965826424770057,0.05805583298206329,-0.014613778330385685,-0.06576183438301086,0.1358531415462494,-0.6593557000160217,0.10311698913574219,0.0013944992097094655,0.0889306515455246,0.681057333946228,-0.1550296997456125,0.7450850205356727,-1.3651886074335522,-0.005088021978735924,-0.0011350903660058975,0.0037470399402081966,0.027352329343557358,-0.0911102145910263,-0.0023857858031988144,0.4326174259185791,-0.008848569355905056,-0.04872817546129227,0.006420023739337921,0.09515731036663055,0.4354429543018341,-0.1334766807671211,0.37155884110812626,0.14761125767816785,0.001188819413073361,-0.0006756057264283299,0.00022898209863342345,0.005022235214710236,-0.03879375010728836,0.04123140126466751,0.3552759885787964,-0.1675255000591278,0.0286390483379364,0.0013864225475117564,0.05683490261435509,0.39383500814437866,-1.0827980624433142,1.2925730583453954,-1.1122038179125895
-0.001036572502925992,-0.0016453801654279232,-0.00765580777078867,-0.8248878717422485,0.325641930103302,-0.05671340227127075,-0.21363955736160278,0.30670908093452454,0.09059815108776093,0.007898933254182339,0.888650119304657,0.3846041262149811,-1.4916167843702453,1.3609244867794328,-1.0570771078463423,0.0009895205730572343,-0.00109340890776366,-0.0002368491841480136,0.059893637895584106,-0.029620012268424034,-0.07864253222942352,0.1293545812368393,-0.6820992827415466,0.10197147727012634,0.0014935835497453809,0.10319516062736511,0.7017052173614502,-0.1550296997456125,0.7450850205356727,-1.3651886074335522,-0.004679063800722361,-0.0009571749251335859,0.003508765483275056,0.03618398308753967,-0.05973030626773834,-0.016237664967775345,0.4343101382255554,-0.009155252948403358,-0.05193663388490677,0.005926318932324648,0.07169833779335022,0.4375002980232239,-0.1334766807671211,0.37155884110812626,0.14761125767816785,0.0011086869053542614,-0.00048746849643066525,6.018264684826136e-06,0.00691568898037076,-0.031390879303216934,0.022737327963113785,0.38078904151916504,-0.191096693277359,0.02354753017425537,0.0012111351825296879,0.039372581988573074,0.42669981718063354,-1.08245412572876,1.292360021982212,-1.1108313838498505
-0.001024267403408885,-0.0015075025148689747,-0.0078039392828941345,-0.8121817111968994,0.3507162928581238,-0.06870695948600769,-0.20598150789737701,0.3037887215614319,0.17973096668720245,0.008013934828341007,0.8873340487480164,0.4086798131465912,-1.4916167843702453,1.3609244867794328,-1.0570771078463423,0.0009939619340002537,-0.001139641273766756,-0.0007692401995882392,0.058374516665935516,-0.04064753279089928,-0.09362925589084625,0.12660177052021027,-0.6955156922340393,0.10076268017292023,0.0016966062830761075,0.11758504807949066,0.7140890955924988,-0.1550296997456125,0.7450850205356727,-1.3651886074335522,-0.004317632410675287,-0.0007238048128783703,0.0033584516495466232,0.046142760664224625,-0.027133209630846977,-0.03012900985777378,0.43475794792175293,-0.009816699661314487,-0.0524563193321228,0.005517702549695969,0.06142574921250343,0.43802112340927124,-0.1334766807671211,0.37155884110812626,0.14761125767816785,0.0009953452972695231,-0.0002445300342515111,-0.00013724452583119273,0.007965736091136932,-0.015174067579209805,0.008378840982913971,0.3986177146434784,-0.20692779123783112,0.019945919513702393,0.0010340905282646418,0.019076431170105934,0.44956985116004944,-1.08245412572876,1.292360021982212,-1.1108313838498505
-0.001083549577742815,-0.001331127481535077,-0.00785386748611927,-0.7964726090431213,0.3824871778488159,-0.08044701814651489,-0.19952546060085297,0.30190032720565796,0.2571181058883667,0.008039229549467564,0.8872072696685791,0.4439188539981842,-1.4916167843702453,1.3609244867794328,-1.0570771078463423,0.0009071719832718372,-0.0011306034866720438,-0.0012309562880545855,0.05360089987516403,-0.047779373824596405,-0.10891467332839966,0.12620580196380615,-0.7015213966369629,0.0998043566942215,0.0019017041195183992,0.13045433163642883,0.7197368144989014,-0.1550296997456125,0.7450850205356727,-1.3651886074335522,-0.0040644085966050625,-0.0004531414888333529,0.003312559798359871,0.05564069375395775,0.004683088511228561,-0.04225076362490654,0.4328917860984802,-0.00945224892348051,-0.049464188516139984,0.005262870341539383,0.07002103328704834,0.4358111619949341,-0.1334766807671211,0.37155884110812626,0.14761125767816785,0.0008774042362347245,1.5209167031571269e-05,-0.00018051257939077914,0.008215920068323612,0.003294100286439061,-0.000323696993291378,0.4100179374217987,-0.21666882932186127,0.017684996128082275,0.0008959097904153168,0.0088576078414917,0.464082807302475,-1.08245412572876,1.292360021982212,-1.1108313838498505
-0.0011942777782678604,-0.0011497996747493744,-0.00780940568074584,-0.7805624008178711,0.41504210233688354,-0.09082546830177307,-0.1947288066148758,0.30124902725219727,0.31928473711013794,0.007983430288732052,0.8886995315551758,0.48022183775901794,-1.4916167843702453,1.3609244867794328,-1.0570771078463423,0.0007221600972115993,-0.0010576711501926184,-0.0015635944437235594,0.04611489549279213,-0.051135383546352386,-0.12220866978168488,0.1268005669116974,-0.7012779712677002,0.09953992068767548,0.0020211408846080303,0.14027248322963715,0.7195674777030945,-0.1550296997456125,0.7450850205356727,-1.3651886074335522,-0.003964903764426708,-0.00017663765174802393,0.003383994335308671,0.062134549021720886,0.03330129757523537,-0.05037067458033562,0.42738261818885803,-0.006627143360674381,-0.041663285344839096,0.0052156574092805386,0.08664227277040482,0.42945972084999084,-0.1334766807671211,0.37155884110812626,0.14761125767816785,0.0007901823846623302,0.0002517421671655029,-0.00013085556565783918,0.00800036545842886,0.01736629195511341,-0.0037301380652934313,0.4165821075439453,-0.22176656126976013,0.016431033611297607,0.0008395745535381138,0.019480962306261063,0.4722192585468292,-1.08245412572876,1.292360021982212,-1.1108313838498505
-0.001321851508691907,-0.0010047073010355234,-0.007688222452998161,-0.7672654390335083,0.44242140650749207,-0.09904050827026367,-0.19166862964630127,0.30185964703559875,0.3659327030181885,0.007865461520850658,0.8912025094032288,0.5116276741027832,-1.4926920417136715,1.360822945262024,-1.0584113995335,0.00045365927508100867,-0.0009194542653858662,-0.0017420453950762749,0.03697668015956879,-0.051403433084487915,-0.13093772530555725,0.12706580758094788,-0.6950533986091614,0.10055823624134064,0.002021367195993662,0.1454450935125351,0.7136924266815186,-0.1550296997456125,0.7450850205356727,-1.3651886074335522,-0.004030944779515266,7.286551408469677e-05,0.003563683945685625,0.06218802183866501,0.05579955875873566,-0.05296899378299713,0.4166944921016693,0.00012456532567739487,-0.02735983580350876,0.005380861461162567,0.09892752766609192,0.41759175062179565,-0.1334766807671211,0.37155884110812626,0.14761125767816785,0.0007593139307573438,0.00043120162445120513,-1.2075674021616578e-05,0.007644663564860821,0.022487981244921684,-0.0028751734644174576,0.41980451345443726,-0.22358904778957367,0.015872538089752197,0.0008732916321605444,0.023925233632326126,0.47589895129203796,-1.08245412572876,1.292360021982212,-1.1108313838498505
-0.001420900458469987,-0.0009250942966900766,-0.007517724297940731,-0.7583950757980347,0.4605155289173126,-0.10511189699172974,-0.19024990499019623,0.30359116196632385,0.39856964349746704,0.007706551346927881,0.8934686183929443,0.5359294414520264,-1.4926920417136715,1.360822945262024,-1.0584113995335,0.00013433810090646148,-0.0007265412132255733,-0.0017772214487195015,0.02723240852355957,-0.04977119341492653,-0.13331153988838196,0.12572833895683289,-0.6822238564491272,0.10359309613704681,0.0019246883457526565,0.14488181471824646,0.7014046907424927,-0.1550296997456125,0.7450850205356727,-1.3651886074335522,-0.004234713036566973,0.00027231581043452024,0.0038154637441039085,0.052650392055511475,0.0688699334859848,-0.04984186217188835,0.39921802282333374,0.012224739417433739,-0.00464620441198349,0.00570655008777976,0.09999670833349228,0.3994321823120117,-0.1334766807671211,0.37155884110812626,0.14761125767816785,0.0007963847601786256,0.0005348243284970522,0.0001453910954296589,0.007329380605369806,0.017199154943227768,0.0012871543876826763,0.4209269881248474,-0.22330358624458313,0.01575028896331787,0.0009702599490992725,0.01873999834060669,0.4767515957355499,-1.08245412572876,1.292360021982212,-1.1108313838498505
-0.0014558457769453526,-0.0009267984423786402,-0.007326374761760235,-0.7551268339157104,0.46673738956451416,-0.10913431644439697,-0.19012528657913208,0.30611586570739746,0.4195953905582428,0.0075268992222845554,0.8944107890129089,0.5530956983566284,-1.4926920417136715,1.360822945262024,-1.0584113995335,-0.00019455599249340594,-0.0005006477003917098,-0.0017070616595447063,0.01755114644765854,-0.04725301265716553,-0.12908904254436493,0.12156972289085388,-0.6614125967025757,0.10949362814426422,0.0017895696219056845,0.13858164846897125,0.681347668170929,-0.1550296997456125,0.7450850205356727,-1.3651886074335522,-0.004522883798927069,0.0004144497506786138,0.004092019982635975,0.0321570560336113,0.06961403787136078,-0.04162442684173584,0.37351298332214355,0.030893247574567795,0.028276223689317703,0.006113335955888033,0.08725126832723618,0.3758535385131836,-0.1334766807671211,0.37155884110812626,0.14761125767816785,0.0009008586639538407,0.0005602779565379024,0.0003108557139057666,0.007087237201631069,0.0029046298004686832,0.007992753759026527,0.42085736989974976,-0.22182564437389374,0.015871912240982056,0.0011054814094677567,0.011070226319134235,0.47600361704826355,-1.08245412572876,1.292360021982212,-1.1108313838498505
-0.001400272361934185,-0.0010059974156320095,-0.007140127941966057,-0.7573117017745972,0.46122947335243225,-0.11185663938522339,-0.19081196188926697,0.30889952182769775,0.431525319814682,0.007345353718847036,0.8937368392944336,0.5639523267745972,-1.4926920417136715,1.360822945262024,-1.0584113995335,-0.0004973475006408989,-0.000267353025265038,-0.0015821129782125354,0.00832902267575264,-0.044219210743904114,-0.1192391961812973,0.11346802860498428,-0.6307749152183533,0.11915130913257599,0.0016798552824184299,0.12744684517383575,0.6518811583518982,-0.1550296997456125,0.7450850205356727,-1.3651886074335522,-0.004837061278522015,0.0005060569383203983,0.004355171695351601,0.0013418528251349926,0.05658256262540817,-0.028966136276721954,0.33869367837905884,0.05687905102968216,0.07259754091501236,0.006528459023684263,0.06358005851507187,0.35102570056915283,-0.1334766807671211,0.37155884110812626,0.14761125767816785,0.0010614432394504547,0.000518007786013186,0.00045515698730014265,0.006878154817968607,-0.017455847933888435,0.016537435352802277,0.4201362431049347,-0.219815194606781,0.016116410493850708,0.0012657652841880918,0.02501004748046398,0.4744395911693573,-1.08245412572876,1.292360021982212,-1.1108313838498505
-0.0012454267125576735,-0.0011418760986998677,-0.006980151869356632,-0.7637402415275574,0.44646406173706055,-0.1140851080417633,-0.1916828602552414,0.311148077249527,0.4365346431732178,0.007181746885180473,0.8919891715049744,0.5693135857582092,-1.4926920417136715,1.360822945262024,-1.0584113995335,-0.000752751249819994,-4.509813152253628e-05,-0.0014465631684288383,-0.00012942031025886536,-0.040415942668914795,-0.10509400814771652,0.10049709677696228,-0.5884596109390259,0.1333657056093216,0.0016313225496560335,0.11259758472442627,0.6116950511932373,-0.1550296997456125,0.7450850205356727,-1.3651886074335522,-0.0051259384490549564,0.0005592973902821541,0.004585735499858856,-0.038151517510414124,0.030367426574230194,-0.012056773528456688,0.2949818968772888,0.09005724638700485,0.12818999588489532,0.006900509353727102,0.05023031681776047,0.33400192856788635,-0.1334766807671211,0.37155884110812626,0.14761125767816785,0.0012572811683639884,0.0004294805694371462,0.0005536908283829689,0.00665802787989378,-0.0409344807267189,0.026269320398569107,0.41893288493156433,-0.21770106256008148,0.016432926058769226,0.0014393689343705773,0.049092140048742294,0.47240719199180603,-1.08245412572876,1.292360021982212,-1.1108313838498505
-0.0010055119637399912,-0.0012999525060877204,-0.006862887181341648,-0.7726885080337524,0.42611557245254517,-0.11636766791343689,-0.1919587254524231,0.31175732612609863,0.4361828863620758,0.007056922186166048,0.8900356292724609,0.5694701671600342,-1.4926920417136715,1.360822945262024,-1.0584113995335,-0.000951081165112555,0.0001597180962562561,-0.001324209151789546,-0.007542360574007034,-0.03517618402838707,-0.08793652802705765,0.08210819214582443,-0.5332751870155334,0.15263156592845917,0.0016381682362407446,0.09501096606254578,0.5607321858406067,-0.1550296997456125,0.7450850205356727,-1.3651886074335522,-0.005350627936422825,0.0005781676154583693,0.0047784848138689995,-0.08457890897989273,-0.006702539045363665,0.009375703521072865,0.24444180727005005,0.1288805454969406,0.1926715224981308,0.007197041995823383,0.08536052703857422,0.3368743062019348,-0.1334766807671211,0.37155884110812626,0.14761125767816785,0.0014590610517188907,0.00032488175202161074,0.0005931950290687382,0.006407778710126877,-0.06528982520103455,0.0366155169904232,0.41705819964408875,-0.21571895480155945,0.016836017370224,0.001608193968422711,0.07513000071048737,0.4698464274406433,-1.08245412572876,1.292360021982212,-1.1108313838498505
-0.0007164031267166138,-0.0014407584676519036,-0.0067967516370117664,-0.7825425863265991,0.40367430448532104,-0.1190137267112732,-0.19069808721542358,0.3092767000198364,0.4312913417816162,0.006984615232795477,0.8885325789451599,0.5639415383338928,-1.4926920417136715,1.360822945262024,-1.0584113995335,-0.001086852396838367,0.0003456467529758811,-0.0012184157967567444,-0.013751446269452572,-0.027800321578979492,-0.0690581426024437,0.05840994045138359,-0.4655989408493042,0.17683278024196625,0.001668908866122365,0.07570328563451767,0.5014618039131165,-0.1550296997456125,0.7450850205356727,-1.3651886074335522,-0.005489115137606859,0.0005510273622348905,0.004928231704980135,-0.13669797778129578,-0.05164475366473198,0.03553358465433121,0.19134485721588135,0.17010800540447235,0.2609312832355499,0.007397396955639124,0.15038667619228363,0.3655608296394348,-0.1334766807671211,0.37155884110812626,0.14761125767816785,0.0016315111424773932,0.00023662729654461145,0.0005754332523792982,0.00614509079605341,-0.08906107395887375,0.04702135920524597,0.413992702960968,-0.21395373344421387,0.017399027943611145,0.0017461227253079414,0.10089918226003647,0.46633559465408325,-1.08245412572876,1.292360021982212,-1.1108313838498505
-0.00042751384899020195,-0.0015321767423301935,-0.006778376176953316,-0.7920641899108887,0.3818416893482208,-0.1221669614315033,-0.18680118024349213,0.30191200971603394,0.42194169759750366,0.0069625223986804485,0.8877463340759277,0.5514348149299622,-1.4926920417136715,1.360822945262024,-1.0584113995335,-0.001156967948190868,0.0005067749880254269,-0.0011221588356420398,-0.018890034407377243,-0.018120162189006805,-0.04990379512310028,0.03055647946894169,-0.3885401785373688,0.20483613014221191,0.0016895668813958764,0.056352127343416214,0.4402896761894226,-0.1550296997456125,0.7450850205356727,-1.3651886074335522,-0.005536601413041353,0.00046007224591448903,0.005021017976105213,-0.19393257796764374,-0.10162917524576187,0.06574241816997528,0.1410435438156128,0.2096753567457199,0.32652464509010315,0.00748840719461441,0.22860534489154816,0.4128866493701935,-0.1334766807671211,0.37155884110812626,0.14761125767816785,0.0017398344352841377,0.00018945732153952122,0.0005124472081661224,0.005925016477704048,-0.11151748895645142,0.05693410336971283,0.40893152356147766,-0.21238015592098236,0.018244490027427673,0.001823600847274065,0.12535050511360168,0.46115416288375854,-1.08245412572876,1.292360021982212,-1.1108313838498505
-0.00019101961515843868,-0.0015592818381264806,-0.006795166060328484,-0.800329864025116,0.3626730740070343,-0.12576869130134583,-0.17904819548130035,0.287596732378006,0.40757909417152405,0.006974391173571348,0.8876246213912964,0.5299913883209229,-1.4926920417136715,1.360822945262024,-1.0584113995335,-0.0011651098029688,0.0006298240041360259,-0.001030194223858416,-0.02332974597811699,-0.006870904937386513,-0.03202938288450241,0.0009376292582601309,-0.30852237343788147,0.23428887128829956,0.0016779330326244235,0.040216509252786636,0.387399286031723,-0.1550296997456125,0.7450850205356727,-1.3651886074335522,-0.005501008592545986,0.0002986445906572044,0.0050368476659059525,-0.2554452121257782,-0.1538635790348053,0.09797215461730957,0.09781260788440704,0.24435165524482727,0.3843558132648468,0.007464590948075056,0.3138866126537323,0.46583735942840576,-0.1334766807671211,0.37155884110812626,0.14761125767816785,0.0017585655441507697,0.0001906419638544321,0.00041893270099535584,0.0058186668902635574,-0.1324954777956009,0.0659206360578537,0.4008575677871704,-0.21090102195739746,0.019531145691871643,0.0018178012687712908,0.148102805018425,0.4533734619617462,-1.08245412572876,1.292360021982212,-1.1108313838498505
-5.1237642765045166e-05,-0.001527195330709219,-0.006832684390246868,-0.8067090511322021,0.34764307737350464,-0.12949693202972412,-0.16619500517845154,0.26416975259780884,0.387215256690979,0.007001465652137995,0.8879215121269226,0.4973349869251251,-1.4926920417136715,1.360822945262024,-1.0584113995335,-0.001123202033340931,0.0006966431392356753,-0.000945313717238605,-0.027243424206972122,0.004440687596797943,-0.016960280016064644,-0.02745293267071247,-0.2335779219865799,0.26224252581596375,0.0016249653417617083,0.03239714354276657,0.35225480794906616,-0.1550296997456125,0.7450850205356727,-1.3651886074335522,-0.005398573353886604,7.64925207477063e-05,0.004958888050168753,-0.3186117708683014,-0.2057306319475174,0.12899461388587952,0.06371720135211945,0.27259397506713867,0.43204909563064575,0.007330826483666897,0.4005972445011139,0.5148143172264099,-0.1334766807671211,0.37155884110812626,0.14761125767816785,0.001678472151979804,0.0002267579548060894,0.00030740583315491676,0.005900220945477486,-0.15219859778881073,0.07369688153266907,0.3886597156524658,-0.20938102900981903,0.021434232592582703,0.0017213907558470964,0.16920536756515503,0.4419912099838257,-1.08245412572876,1.292360021982212,-1.1108313838498505
-3.501656465232372e-05,-0.0014565009623765945,-0.006880468688905239,-0.8109949231147766,0.3373070955276489,-0.13295650482177734,-0.147149920463562,0.22970125079154968,0.35974329710006714,0.007033027242869139,0.8883503079414368,0.45147648453712463,-1.4926920417136715,1.360822945262024,-1.0584113995335,-0.0010434549767524004,0.0006918014260008931,-0.0008735781302675605,-0.030024219304323196,0.013953512534499168,-0.006257222034037113,-0.05215736851096153,-0.1701161116361618,0.2863221764564514,0.0015266061527654529,0.0336943157017231,0.33710575103759766,-0.15434114616604924,0.744972552574914,-1.365010526867271,-0.00525328703224659,-0.0002140637079719454,0.004772467538714409,-0.37988555431365967,-0.2559839189052582,0.15213996171951294,0.03941723704338074,0.28981921076774597,0.4721345603466034,0.007100654300302267,0.48268765211105347,0.5553916692733765,-0.13369194849783858,0.37138056351696314,0.15747259433958535,0.001506840344518423,0.00027021148707717657,0.00018301111413165927,0.006272157654166222,-0.1710253208875656,0.07984520494937897,0.37131521105766296,-0.2076796591281891,0.024116531014442444,0.0015417765825986862,0.1888498216867447,0.4261307716369629,-1.08245412572876,1.292360021982212,-1.1108313838498505
-0.00014520715922117233,-0.001373861450701952,-0.006934631150215864,-0.813430905342102,0.3311041295528412,-0.13624104857444763,-0.1212574765086174,0.1830085813999176,0.324380099773407,0.0070709045976400375,0.8887414336204529,0.3916860520839691,-1.4926920417136715,1.360822945262024,-1.0584113995335,-0.000927428191062063,0.0006129109533503652,-0.0008180560544133186,-0.030078059062361717,0.02006305567920208,-0.001465327339246869,-0.07214079797267914,-0.12094070017337799,0.3054574131965637,0.001380216795951128,0.036185123026371,0.3363557457923889,-0.15434114616604924,0.744972552574914,-1.365010526867271,-0.005056352354586124,-0.0005126720061525702,0.004500271752476692,-0.4319353997707367,-0.30552324652671814,0.16908973455429077,0.023110684007406235,0.3053142726421356,0.5003294348716736,0.006788370665162802,0.5554313659667969,0.5865837335586548,-0.13369194849783858,0.37138056351696314,0.15747259433958535,0.001262563280761242,0.00028969175764359534,4.081515362486243e-05,0.007085217162966728,-0.18934334814548492,0.08353883773088455,0.3481585383415222,-0.20568493008613586,0.027686208486557007,0.0012960144085809588,0.20707447826862335,0.4053235650062561,-1.08245412572876,1.292360021982212,-1.1108313838498505
-0.0003612444270402193,-0.0013042859500274062,-0.006997446529567242,-0.8144397139549255,0.3278559446334839,-0.1403263807296753,-0.08870838582515717,0.12439826130867004,0.28125593066215515,0.00712712574750185,0.889096736907959,0.3200765550136566,-1.4926920417136715,1.360822945262024,-1.0584113995335,-0.0007685930468142033,0.00046673856559209526,-0.0007854797877371311,-0.025411659851670265,0.021974366158246994,-0.003578371834009886,-0.08712467551231384,-0.08607257902622223,0.31951725482940674,0.0011939676478505135,0.033785056322813034,0.342184841632843,-0.15434114616604924,0.744972552574914,-1.365010526867271,-0.004804749041795731,-0.0008334640879184008,0.0041477978229522705,-0.472111314535141,-0.35580992698669434,0.17530322074890137,0.01369331032037735,0.3158484995365143,0.5205895304679871,0.006401913706213236,0.616620659828186,0.6090658903121948,-0.13369194849783858,0.37138056351696314,0.15747259433958535,0.0009705832926556468,0.0002588535426184535,-0.00012680076179094613,0.008510101586580276,-0.20720453560352325,0.08361537754535675,0.3192555904388428,-0.20335040986537933,0.0321391224861145,0.0010124798864126205,0.2236015945672989,0.37987950444221497,-1.08245412572876,1.292360021982212,-1.1108313838498505
-0.0006472477689385414,-0.0012686235131695867,-0.007073140703141689,-0.8142669200897217,0.3266226649284363,-0.14680731296539307,-0.05108517408370972,0.05665072053670883,0.23216137290000916,0.007215099409222603,0.8895309567451477,0.24437247216701508,-1.4926920417136715,1.360822945262024,-1.0584113995335,-0.0005607583443634212,0.0002651663380675018,-0.0007952792220748961,-0.014618352986872196,0.020017586648464203,-0.01256045512855053,-0.0975123792886734,-0.06359143555164337,0.329020619392395,0.0010085792746394873,0.027787858620285988,0.3490087389945984,-0.15434114616604924,0.744972552574914,-1.365010526867271,-0.0044807433150708675,-0.0011588747147470713,0.0037273415364325047,-0.4986949563026428,-0.4073309302330017,0.17041222751140594,0.009401455521583557,0.322354793548584,0.5341041088104248,0.005942484829574823,0.6660746932029724,0.6239136457443237,-0.13369194849783858,0.37138056351696314,0.15747259433958535,0.0006547081866301596,0.0001637392706470564,-0.00031820201547816396,0.010687241330742836,-0.22389818727970123,0.07874372601509094,0.28589293360710144,-0.2007381021976471,0.03728317469358444,0.0007461272180080414,0.23758196830749512,0.35131266713142395,-1.08245412572876,1.292360021982212,-1.1108313838498505
-0.0009627693798393011,-0.001281276810914278,-0.007162110880017281,-0.8127939701080322,0.32724007964134216,-0.15739402174949646,-0.011631980538368225,-0.014490149915218353,0.18093258142471313,0.007339238654822111,0.8902207612991333,0.18188421428203583,-1.4926920417136715,1.360822945262024,-1.0584113995335,-0.00030695527675561607,2.1063140593469143e-05,-0.0008728944230824709,0.0024849367327988148,0.01521250233054161,-0.02768317610025406,-0.10396993905305862,-0.050438910722732544,0.33480358123779297,0.0009255321929231286,0.03168522194027901,0.3541853725910187,-0.15434114616604924,0.744972552574914,-1.365010526867271,-0.004073187708854675,-0.0014658264117315412,0.0032526375725865364,-0.5110393166542053,-0.4594009220600128,0.155841663479805,0.008449636399745941,0.3255184292793274,0.5414007902145386,0.005414716433733702,0.7046254277229309,0.6317819952964783,-0.13369194849783858,0.37138056351696314,0.15747259433958535,0.0003323320997878909,6.966092769289389e-06,-0.0005158279091119766,0.013664951547980309,-0.23759986460208893,0.0676889717578888,0.2508208453655243,-0.19803953170776367,0.042701758444309235,0.0006136542651802301,0.24743124842643738,0.32241928577423096,-1.08245412572876,1.292360021982212,-1.1108313838498505
-0.00126980384811759,-0.001345455413684249,-0.007255255244672298,-0.8095130920410156,0.33046960830688477,-0.17353475093841553,0.025592684745788574,-0.08182850480079651,0.13241752982139587,0.007487414870411158,0.8914235234260559,0.15775072574615479,-1.4926920417136715,1.360822945262024,-1.0584113995335,-2.2539577912539244e-05,-0.00025106535758823156,-0.00102981086820364,0.024958577007055283,0.008738229051232338,-0.04820382595062256,-0.10719910264015198,-0.04292655736207962,0.3378094434738159,0.0010602133115753531,0.054980870336294174,0.35700076818466187,-0.15434114616604924,0.744972552574914,-1.365010526867271,-0.003595012007281184,-0.0017385489773005247,0.002745699603110552,-0.5093193054199219,-0.5108197331428528,0.1347130388021469,0.00914028286933899,0.3256317675113678,0.5420545339584351,0.004846186842769384,0.7338191270828247,0.6324102282524109,-0.13369194849783858,0.37138056351696314,0.15747259433958535,1.9027269445359707e-05,-0.00019425104255788028,-0.0006870838114991784,0.01730123721063137,-0.2457801252603531,0.050112541764974594,0.21751104295253754,-0.19551971554756165,0.04787135124206543,0.0007142686517909169,0.2514328360557556,0.29636240005493164,-1.08245412572876,1.292360021982212,-1.1108313838498505
-0.0015342854894697666,-0.0014505228027701378,-0.007331466302275658,-0.8036701083183289,0.3378123342990875,-0.19589611887931824,0.057337768375873566,-0.1396138221025467,0.09046001732349396,0.007629446219652891,0.8935200572013855,0.17596207559108734,-1.4926920417136715,1.360822945262024,-1.0584113995335,0.0002659803139977157,-0.0005301354103721678,-0.0012471452355384827,0.05130509287118912,0.0016532465815544128,-0.07355627417564392,-0.10779318958520889,-0.03705315291881561,0.33895647525787354,0.001380999805405736,0.08969654887914658,0.357608437538147,-0.15434114616604924,0.744972552574914,-1.365010526867271,-0.003091922728344798,-0.0019776190165430307,0.002240438712760806,-0.49478739500045776,-0.560202419757843,0.11173143982887268,0.00990179181098938,0.3225246071815491,0.5345374345779419,0.004300061613321304,0.7557282447814941,0.6243800520896912,-0.13369194849783858,0.37138056351696314,0.15747259433958535,-0.0002634976408444345,-0.0004121849196963012,-0.000793389743193984,0.021004755049943924,-0.2463626116514206,0.027502376586198807,0.188608318567276,-0.1935460865497589,0.05232204496860504,0.0009320915560238063,0.2487812638282776,0.2752649188041687,-1.0845096402896595,1.2924960258492995,-1.1121862982234079
-0.0017280278261750937,-0.0015746576245874166,-0.007364649325609207,-0.7947529554367065,0.3505987524986267,-0.22368040680885315,0.08201542496681213,-0.18506120145320892,0.05685340613126755,0.0077268159948289394,0.8969864249229431,0.21025338768959045,-1.4926920417136715,1.360822945262024,-1.0584113995335,0.0005242715124040842,-0.0007854543509893119,-0.0014740980695933104,0.08028314262628555,-0.0053271278738975525,-0.10316599160432816,-0.10616257786750793,-0.028706058859825134,0.3390645384788513,0.0017506468575447798,0.13083188235759735,0.3564537763595581,-0.15434114616604924,0.744972552574914,-1.365010526867271,-0.002633089665323496,-0.002192420419305563,0.001775042270310223,-0.4692181944847107,-0.6061297059059143,0.09213856607675552,0.00929059088230133,0.3155633807182312,0.5162210464477539,0.003858839627355337,0.7720417380332947,0.6051039099693298,-0.13369194849783858,0.37138056351696314,0.15747259433958535,-0.00048658851301297545,-0.0006116407457739115,-0.000807404110673815,0.024442577734589577,-0.23867306113243103,0.0032227905467152596,0.16568970680236816,-0.19195568561553955,0.05601820722222328,0.0011237323051318526,0.2399430274963379,0.25968846678733826,-1.0845096402896595,1.2924960258492995,-1.1121862982234079
-0.0018314432818442583,-0.0016916263848543167,-0.007338808849453926,-0.7832480072975159,0.36827486753463745,-0.25451788306236267,0.09954437613487244,-0.21783024072647095,0.031736958771944046,0.007750735618174076,0.9021547436714172,0.24159124493598938,-1.4913255480890304,1.3607346006041903,-1.0574938048905558,0.0007159648812375963,-0.0009836314711719751,-0.0016465213848277926,0.11155249178409576,-0.01195681095123291,-0.13650444149971008,-0.10251781344413757,-0.013828925788402557,0.33882197737693787,0.002047234680503607,0.1766929179430008,0.3542618751525879,-0.15434114616604924,0.744972552574914,-1.365010526867271,-0.0022889901883900166,-0.0023835047613829374,0.0013775615952908993,-0.4339669346809387,-0.6472975015640259,0.08012120425701141,0.005990207195281982,0.30372369289398193,0.4835633635520935,0.003580257995054126,0.7834160923957825,0.5710669755935669,-0.13369194849783858,0.37138056351696314,0.15747259433958535,-0.000630889437161386,-0.0007529950235038996,-0.0007290989742614329,0.02662157267332077,-0.2237817645072937,-0.018423408269882202,0.14874544739723206,-0.19096310436725616,0.05890907347202301,0.001223359489813447,0.2261114865541458,0.24912326037883759,-1.0845096402896595,1.2924960258492995,-1.1121862982234079
-0.001845955615863204,-0.0017693148693069816,-0.00725883524864912,-0.7702518701553345,0.389589786529541,-0.28431105613708496,0.11045937240123749,-0.2392585575580597,0.014167062938213348,0.007696019485592842,0.9087908864021301,0.26390647888183594,-1.4913255480890304,1.3607346006041903,-1.0574938048905558,0.0008105557644739747,-0.001098808366805315,-0.0017170539358630776,0.14534005522727966,-0.018273349851369858,-0.17325066030025482,-0.09690167009830475,0.011358782649040222,0.3387763500213623,0.002193776424974203,0.2268775850534439,0.3525455594062805,-0.15434114616604924,0.744972552574914,-1.365010526867271,-0.0021072342060506344,-0.002533957827836275,0.0010600138921290636,-0.39051955938339233,-0.6826473474502563,0.07816090434789658,-0.0011617094278335571,0.28574836254119873,0.4325338900089264,0.0034619371872395277,0.7903303503990173,0.5184004902839661,-0.13369194849783858,0.37138056351696314,0.15747259433958535,-0.0006955318967811763,-0.0008019108208827674,-0.000584281689953059,0.026707828044891357,-0.20431829988956451,-0.03355926275253296,0.1371726393699646,-0.1905745416879654,0.061136938631534576,0.0012116973521187901,0.20877140760421753,0.2426370084285736,-1.0845096402896595,1.2924960258492995,-1.1121862982234079
-0.001779421465471387,-0.0017835100879892707,-0.007148128934204578,-0.7576233148574829,0.4112873077392578,-0.30931931734085083,0.11606422066688538,-0.25137394666671753,0.0028594881296157837,0.0075791156850755215,0.9158759713172913,0.27688974142074585,-1.4913255480890304,1.3607346006041903,-1.0574938048905558,0.0007917606853879988,-0.001116077764891088,-0.001672911224886775,0.18142327666282654,-0.02428559958934784,-0.21299555897712708,-0.08926621079444885,0.05000688135623932,0.33933359384536743,0.0021612835116684437,0.28084033727645874,0.3544240891933441,-0.15434114616604924,0.744972552574914,-1.365010526867271,-0.002098251134157181,-0.0026205945760011673,0.0008271762053482234,-0.3419375419616699,-0.7119132876396179,0.0870356336236,-0.013091430068016052,0.2604113221168518,0.3593471050262451,0.0034575127065181732,0.794554591178894,0.4439772367477417,-0.13369194849783858,0.37138056351696314,0.15747259433958535,-0.0006953263655304909,-0.0007445783703587949,-0.0003994458820670843,0.023980407044291496,-0.18430064618587494,-0.03974992781877518,0.13001155853271484,-0.190769761800766,0.06289955973625183,0.0010942727094516158,0.19005747139453888,0.23927487432956696,-1.0845096402896595,1.2924960258492995,-1.1121862982234079
-0.0016479094047099352,-0.0017231779638677835,-0.007027490995824337,-0.7468932867050171,0.430846631526947,-0.32607340812683105,0.11785753816366196,-0.25659874081611633,-0.003552153706550598,0.007420955691486597,0.9218472242355347,0.282393217086792,-1.4913255480890304,1.3607346006041903,-1.0574938048905558,0.0006626065587624907,-0.0010282638249918818,-0.0015272716991603374,0.21892020106315613,-0.029968231916427612,-0.2546226382255554,-0.07959175854921341,0.1040683388710022,0.34075474739074707,0.0019567657727748156,0.33713027834892273,0.3650737702846527,-0.15434114616604924,0.744972552574914,-1.365010526867271,-0.0022435954306274652,-0.002639539074152708,0.000688674917910248,-0.29242420196533203,-0.7367295622825623,0.10540248453617096,-0.03032795339822769,0.22691096365451813,0.2615823447704315,0.0035320192109793425,0.7996199727058411,0.3476114273071289,-0.13369194849783858,0.37138056351696314,0.15747259433958535,-0.0006467119674198329,-0.0005938845570199192,-0.00018459523562341928,0.01790797896683216,-0.16864511370658875,-0.03658706694841385,0.1262008100748062,-0.19151067733764648,0.06440091133117676,0.0008972238283604383,0.17349490523338318,0.23822355270385742,-1.0845096402896595,1.2924960258492995,-1.1121862982234079
-0.0014645345509052277,-0.0016009875107556581,-0.006903139408677816,-0.7391785979270935,0.44640785455703735,-0.3321247100830078,0.11747399717569351,-0.2574249804019928,-0.006233081221580505,0.007236114703118801,0.9251874089241028,0.2830311059951782,-1.4913255480890304,1.3607346006041903,-1.0574938048905558,0.0004404740175232291,-0.0008317513857036829,-0.0012991110561415553,0.25686755776405334,-0.03549221530556679,-0.29577702283859253,-0.0680488795042038,0.17346081137657166,0.3431413173675537,0.001604218501597643,0.39335060119628906,0.3904680013656616,-0.15434114616604924,0.744972552574914,-1.365010526867271,-0.002515055937692523,-0.002626394387334585,0.0006528316880576313,-0.2456996887922287,-0.7607004046440125,0.12983547151088715,-0.052744969725608826,0.18541455268859863,0.13975805044174194,0.0036945424508303404,0.8098707795143127,0.23810270428657532,-0.13369194849783858,0.37138056351696314,0.15747259433958535,-0.0005575867835432291,-0.000375360221369192,5.221276660449803e-05,0.008164245635271072,-0.1620718091726303,-0.02568715624511242,0.12473997473716736,-0.19273751974105835,0.06581177562475204,0.0006741842953488231,0.16429777443408966,0.2388283908367157,-1.0845096402896595,1.2924960258492995,-1.1121862982234079
-0.0012362315319478512,-0.0014501368859782815,-0.006778128445148468,-0.7352429628372192,0.45642948150634766,-0.3268793821334839,0.1166289672255516,-0.2562778890132904,-0.005999207496643066,0.007040894124656916,0.9250731468200684,0.2816321551799774,-1.4913255480890304,1.3607346006041903,-1.0574938048905558,0.0001485203974880278,-0.0005318932817317545,-0.0010079131461679935,0.2941408157348633,-0.041212085634469986,-0.33266550302505493,-0.055201105773448944,0.254923552274704,0.3464043140411377,0.0011492857011035085,0.44596368074417114,0.4336232841014862,-0.15434114616604924,0.744972552574914,-1.365010526867271,-0.002874447265639901,-0.002642393112182617,0.0007002743659541011,-0.20543478429317474,-0.7863983511924744,0.15576694905757904,-0.079197458922863,0.13776548206806183,-0.0006052609533071518,0.003966745920479298,0.8275802731513977,0.15890856087207794,-0.13369194849783858,0.37138056351696314,0.15747259433958535,-0.0004299473075661808,-0.00011067297600675374,0.0002856454811990261,-0.005420733243227005,-0.16782155632972717,-0.009818155318498611,0.12478086352348328,-0.19435378909111023,0.06723609566688538,0.0005279171746224165,0.16819588840007782,0.24055010080337524,-1.0845096402896595,1.2924960258492995,-1.1121862982234079
-0.0009679687209427357,-0.0013103411765769124,-0.0066638123244047165,-0.7354773283004761,0.45968392491340637,-0.3117867708206177,0.11710858345031738,-0.25547242164611816,-0.003251783549785614,0.006860054563730955,0.9216545820236206,0.2810536324977875,-1.4913255480890304,1.3607346006041903,-1.0574938048905558,-0.0001866981911007315,-0.00015750755846966058,-0.0006877807318232954,0.32887887954711914,-0.04737887904047966,-0.3606882691383362,-0.042114004492759705,0.34147030115127563,0.3502559959888458,0.0007298679556697607,0.4904101490974426,0.4909733235836029,-0.15434114616604924,0.744972552574914,-1.365010526867271,-0.0032614923547953367,-0.0027238826733082533,0.0007777023129165173,-0.1762438863515854,-0.8119665384292603,0.17792990803718567,-0.10734711587429047,0.08784013986587524,-0.14794762432575226,0.004319917876273394,0.849712073802948,0.20279988646507263,-0.13369194849783858,0.37138056351696314,0.15747259433958535,-0.00027060939464718103,0.00017700300668366253,0.00047566863941028714,-0.022854933515191078,-0.18691955506801605,0.0082535520195961,0.12566737830638885,-0.196201354265213,0.06868012994527817,0.000575169688090682,0.18849241733551025,0.24290785193443298,-1.0845096402896595,1.2924960258492995,-1.1121862982234079
-0.0006692325696349144,-0.001216299831867218,-0.006574628874659538,-0.7397951483726501,0.45573943853378296,-0.2893393337726593,0.12076865136623383,-0.2572130858898163,0.0020217224955558777,0.006719598080962896,0.9158124923706055,0.28416144847869873,-1.4913255480890304,1.3607346006041903,-1.0574938048905558,-0.0005384376272559166,0.00023799671907909214,-0.0003979599568992853,0.35837429761886597,-0.05385185033082962,-0.3760031759738922,-0.0300978422164917,0.42428550124168396,0.35431069135665894,0.0007105839904397726,0.5222169756889343,0.5535884499549866,-0.15434114616604924,0.744972552574914,-1.365010526867271,-0.0036014015786349773,-0.00284872786141932,0.0008329828269779682,-0.16212546825408936,-0.832464873790741,0.19096046686172485,-0.13427753746509552,0.04050900787115097,-0.2877502739429474,0.004666819237172604,0.8693378567695618,0.3201119303703308,-0.13369194849783858,0.37138056351696314,0.15747259433958535,-9.85295046120882e-05,0.00045015994692221284,0.0005821706727147102,-0.04380039870738983,-0.2178467959165573,0.02623237483203411,0.12694168090820312,-0.19802790880203247,0.07002213597297668,0.0007424787618219852,0.22374950349330902,0.24542279541492462,-1.0845096402896595,1.2924960258492995,-1.1121862982234079
-0.00035517290234565735,-0.001194197335280478,-0.00651940843090415,-0.7476798295974731,0.44504231214523315,-0.26232537627220154,0.12950488924980164,-0.2635878026485443,0.010189622640609741,0.006637389771640301,0.908791720867157,0.2938602864742279,-1.4913255480890304,1.3607346006041903,-1.0574938048905558,-0.0008817502530291677,0.0005997271509841084,-0.0002103281585732475,0.3793867230415344,-0.059961557388305664,-0.37697580456733704,-0.02019423246383667,0.4963054955005646,0.3582567572593689,0.0010869195684790611,0.5381824970245361,0.6124335527420044,-0.15434114616604924,0.744972552574914,-1.365010526867271,-0.0038274694234132767,-0.002960909390822053,0.0008450630120933056,-0.16463178396224976,-0.8439756035804749,0.19156768918037415,-0.1576547622680664,-0.00036777928471565247,-0.40846380591392517,0.004912294447422028,0.8809634447097778,0.43783310055732727,-0.13369194849783858,0.37138056351696314,0.15747259433958535,5.8534962590783834e-05,0.0006667322595603764,0.0005789599963463843,-0.06722681224346161,-0.25626933574676514,0.04213028773665428,0.12833017110824585,-0.19945064187049866,0.0709831565618515,0.000884959299582988,0.26826921105384827,0.24756371974945068,-1.0845096402896595,1.2924960258492995,-1.1121862982234079
-4.414888098835945e-05,-0.0012562600895762444,-0.006499136332422495,-0.7583029270172119,0.42856571078300476,-0.2341870665550232,0.1451554149389267,-0.2765089273452759,0.021860331296920776,0.006619585677981377,0.9019620418548584,0.3130577504634857,-1.4913255480890304,1.3607346006041903,-1.0574938048905558,-0.0011908183805644512,0.0008963715517893434,-0.00018411202472634614,0.3890106976032257,-0.06474000960588455,-0.36439263820648193,-0.012901648879051208,0.5540870428085327,0.3619406223297119,0.001501808175817132,0.5369381904602051,0.6619516015052795,-0.15434114616604924,0.744972552574914,-1.365010526867271,-0.0038956617936491966,-0.003013984765857458,0.0008177580311894417,-0.1826246678829193,-0.8452466726303101,0.18010643124580383,-0.17633232474327087,-0.03298594802618027,-0.5046006441116333,0.0049928962253034115,0.8833074569702148,0.5355398654937744,-0.13369194849783858,0.37138056351696314,0.15747259433958535,0.00017422715609427541,0.0008058868115767837,0.00046086436486802995,-0.0909745991230011,-0.2956608235836029,0.054302919656038284,0.12971943616867065,-0.19992130994796753,0.07110163569450378,0.0009445658652111888,0.3140708804130554,0.24869883060455322,-1.0845096402896595,1.2924960258492995,-1.1121862982234079
0.00024086167104542255,-0.0013907983666285872,-0.00651156809180975,-0.7705808877944946,0.4077298939228058,-0.208835631608963,0.16929656267166138,-0.2975579798221588,0.037703126668930054,0.006662796251475811,0.8964657783508301,0.3444177806377411,-1.4913255480890304,1.3607346006041903,-1.0574938048905558,-0.0014454365009441972,0.0011220760643482208,-0.0003489825176075101,0.3861173391342163,-0.0668567344546318,-0.34063243865966797,-0.009245306253433228,0.5972234010696411,0.36527520418167114,0.0018628285033628345,0.5192175507545471,0.700133740901947,-0.15282901027750212,0.7447956438890715,-1.365088292882412,-0.003800639882683754,-0.0029763320926576853,0.0007528511923737824,-0.21562497317790985,-0.8375592231750488,0.15478919446468353,-0.19184622168540955,-0.052744172513484955,-0.575590968132019,0.0048857140354812145,0.8786121010780334,0.6090089678764343,-0.13612188002819126,0.37468420180469586,0.1637785623350649,0.0002296816383022815,0.000881677377037704,0.00023914720804896206,-0.11167970299720764,-0.3293316662311554,0.0620296336710453,0.13112811744213104,-0.19870248436927795,0.06971780955791473,0.0009419660782441497,0.3532412350177765,0.2480681985616684,-1.0845096402896595,1.2924960258492995,-1.1121862982234079
0.00047184224240481853,-0.001559042138978839,-0.006557406857609749,-0.7832320332527161,0.38463670015335083,-0.1892101764678955,0.20289480686187744,-0.3276957869529724,0.058194249868392944,0.006756688002496958,0.8928596377372742,0.38979148864746094,-1.4913255480890304,1.3607346006041903,-1.0574938048905558,-0.0016306210309267044,0.0012907874770462513,-0.0006984814535826445,0.3713109493255615,-0.06725624203681946,-0.309145987033844,-0.006997808814048767,0.6270624399185181,0.3683655560016632,0.0021938399877399206,0.48781806230545044,0.727289080619812,-0.15282901027750212,0.7447956438890715,-1.365088292882412,-0.003522783750668168,-0.002886248519644141,0.0006730514578521252,-0.2501983642578125,-0.8237892389297485,0.12881183624267578,-0.20146168768405914,-0.06923921406269073,-0.6243535876274109,0.004603632725775242,0.8705288171768188,0.6596956253051758,-0.13612188002819126,0.37468420180469586,0.1637785623350649,0.00021007299073971808,0.0009321430115960538,-6.530355312861502e-05,-0.1258927285671234,-0.3525884449481964,0.0659576803445816,0.13267728686332703,-0.194864884018898,0.06597836315631866,0.0009577504242770374,0.3801552355289459,0.24480345845222473,-1.0845096402896595,1.2924960258492995,-1.1121862982234079
0.0006228149868547916,-0.0017058936646208167,-0.006638368591666222,-0.7948266863822937,0.36221665143966675,-0.17624497413635254,0.24578605592250824,-0.36680668592453003,0.08327653259038925,0.006882289424538612,0.8910738825798035,0.44932496547698975,-1.4913255480890304,1.3607346006041903,-1.0574938048905558,-0.0017438044305890799,0.0014052374754101038,-0.0011952309869229794,0.3473867177963257,-0.06561245024204254,-0.2733304798603058,-0.0065927207469940186,0.6458663940429688,0.3711361885070801,0.0025385278277099133,0.4468691945075989,0.7449355125427246,-0.15282901027750212,0.7447956438890715,-1.365088292882412,-0.0030938300769776106,-0.0027623670175671577,0.0005587324849329889,-0.28400489687919617,-0.807059645652771,0.10082753002643585,-0.20734187960624695,-0.07987399399280548,-0.6547139286994934,0.004185049328953028,0.8614929914474487,0.6913905143737793,-0.13612188002819126,0.37468420180469586,0.1637785623350649,9.964714263333008e-05,0.000992079614661634,-0.0004199145478196442,-0.1318713128566742,-0.3634771704673767,0.0677424818277359,0.13455934822559357,-0.1873232126235962,0.05887460336089134,0.0010818870505318046,0.3925490379333496,0.23803870379924774,-1.0845096402896595,1.2924960258492995,-1.1121862982234079
0.0006765620782971382,-0.0017815141472965479,-0.006748075131326914,-0.8039089441299438,0.3438984155654907,-0.16911420226097107,0.29596617817878723,-0.41306233406066895,0.11192645132541656,0.007011993322521448,0.890581488609314,0.5203306674957275,-1.4913255480890304,1.3607346006041903,-1.0574938048905558,-0.0017890154849737883,0.0014594387030228972,-0.00177846010774374,0.3175584077835083,-0.06243057921528816,-0.236128032207489,-0.007377609610557556,0.6561079621315002,0.3734634220600128,0.0029143537394702435,0.400621235370636,0.7549880743026733,-0.15282901027750212,0.7447956438890715,-1.365088292882412,-0.0025470531545579433,-0.0026409104466438293,0.0003926397766917944,-0.3137890100479126,-0.7887352108955383,0.0739731565117836,-0.2103467881679535,-0.08617274463176727,-0.6711569428443909,0.0036899936385452747,0.8520790934562683,0.708606481552124,-0.13612188002819126,0.37468420180469586,0.1637785623350649,-0.00011236034333705902,0.0010715831303969026,-0.0007781870081089437,-0.1301994025707245,-0.3621584177017212,0.06928432732820511,0.13700328767299652,-0.1749289184808731,0.04733230918645859,0.0013290937058627605,0.39103826880455017,0.2271791696548462,-1.0845096402896595,1.2924960258492995,-1.1121862982234079
0.00062405108474195,-0.0017615139950066805,-0.006866879295557737,-0.80936598777771,0.3325895071029663,-0.16603967547416687,0.34923771023750305,-0.4626036286354065,0.14192873239517212,0.007116628345102072,0.8906504511833191,0.5967519283294678,-1.4913255480890304,1.3607346006041903,-1.0574938048905558,-0.001781579339876771,0.001448874594643712,-0.002372730989009142,0.2847522497177124,-0.058275286108255386,-0.19953802227973938,-0.008556857705116272,0.6600551605224609,0.37506961822509766,0.0033019864931702614,0.35255536437034607,0.7592254281044006,-0.15282901027750212,0.7447956438890715,-1.365088292882412,-0.0019358193967491388,-0.0025525945238769054,0.00016963180678430945,-0.3389682471752167,-0.7699097394943237,0.05032644048333168,-0.2112991213798523,-0.08954305201768875,-0.6778908967971802,0.0032081007957458496,0.8427296280860901,0.7156824469566345,-0.13612188002819126,0.37468420180469586,0.1637785623350649,-0.0004177936934866011,0.0011569815687835217,-0.0010909904958680272,-0.12296734750270844,-0.35035452246665955,0.07226185500621796,0.14023232460021973,-0.15664170682430267,0.030373405665159225,0.0016442075138911605,0.37827375531196594,0.21242475509643555,-1.0845096402896595,1.2924960258492995,-1.1121862982234079
0.00046373368240892887,-0.0016535897739231586,-0.006968868896365166,-0.8108807802200317,0.32950395345687866,-0.16497159004211426,0.4003237187862396,-0.5105658769607544,0.1704714596271515,0.007177363149821758,0.8906829357147217,0.6708182096481323,-1.4913255480890304,1.3607346006041903,-1.0574938048905558,-0.0017424649558961391,0.001381699345074594,-0.0029008795972913504,0.2515454590320587,-0.05376330018043518,-0.1645558774471283,-0.009183213114738464,0.6595312356948853,0.37547704577445984,0.0036551852244883776,0.30535921454429626,0.7589788436889648,-0.15282901027750212,0.7447956438890715,-1.365088292882412,-0.0013273153454065323,-0.002521072281524539,-9.367150778416544e-05,-0.3602474331855774,-0.7527173161506653,0.030607998371124268,-0.21091195940971375,-0.09112770110368729,-0.6784553527832031,0.00285067455843091,0.8350439667701721,0.7163028717041016,-0.13612188002819126,0.37468420180469586,0.1637785623350649,-0.0007842009654268622,0.0012262096861377358,-0.0013242741115391254,-0.11276319622993469,-0.3314354121685028,0.07773401588201523,0.1444099098443985,-0.13180303573608398,0.007370520383119583,0.001967806601896882,0.35861894488334656,0.1956542581319809,-1.0845096402896595,1.2924960258492995,-1.1121862982234079
0.00021097762510180473,-0.0014896581415086985,-0.0070360517129302025,-0.8093937635421753,0.3327988088130951,-0.16441214084625244,0.44548213481903076,-0.5525684356689453,0.19548718631267548,0.007195110432803631,0.890451967716217,0.7362074851989746,-1.488506087825776,1.3606908706802971,-1.0556537331350948,-0.0016860004980117083,0.0012737204087898135,-0.0033070826902985573,0.2206411063671112,-0.04964868724346161,-0.13154737651348114,-0.008143052458763123,0.6558111906051636,0.3739789128303528,0.0039245071820914745,0.2616337239742279,0.7549932599067688,-0.15282901027750212,0.7447956438890715,-1.365088292882412,-0.000778248009737581,-0.0025623219553381205,-0.0003715063212439418,-0.3784535527229309,-0.74017733335495,0.014742971397936344,-0.2097613513469696,-0.09172112494707108,-0.6755417585372925,0.002703549573197961,0.8314487338066101,0.7132806181907654,-0.13612188002819126,0.37468420180469586,0.1637785623350649,-0.0011677209986373782,0.001260161749087274,-0.0014654876431450248,-0.10201329737901688,-0.31011340022087097,0.085452139377594,0.14956972002983093,-0.10052979737520218,-0.021587513387203217,0.0022581482771784067,0.3374597728252411,0.1815030574798584,-1.0845096402896595,1.2924960258492995,-1.1121862982234079
-0.00011443556286394596,-0.0013117336202412844,-0.007065882906317711,-0.8057867288589478,0.341204971075058,-0.16281425952911377,0.4816747307777405,-0.5874933004379272,0.21554814279079437,0.007187519688159227,0.8900682926177979,0.7896960973739624,-1.488506087825776,1.3606908706802971,-1.0556537331350948,-0.0016168749425560236,0.0011363786179572344,-0.003575259819626808,0.19510595500469208,-0.046776384115219116,-0.10099837183952332,-0.004155099391937256,0.6496195197105408,0.3696378767490387,0.004085110034793615,0.22462198138237,0.7474322319030762,-0.15282901027750212,0.7447956438890715,-1.365088292882412,-0.0003131813427899033,-0.0026821282226592302,-0.0006512228865176439,-0.3940148651599884,-0.7351431250572205,0.0023980869445949793,-0.2082880437374115,-0.09172782301902771,-0.6709514856338501,0.002777766203507781,0.8340796232223511,0.7085011005401611,-0.13612188002819126,0.37468420180469586,0.1637785623350649,-0.0015340734971687198,0.0012466530315577984,-0.0015183722134679556,-0.09250222891569138,-0.2911404073238373,0.09367049485445023,0.15552672743797302,-0.06423881649971008,-0.05520995706319809,0.002492584753781557,0.31952083110809326,0.17709694802761078,-1.0845096402896595,1.2924960258492995,-1.1121862982234079
-0.0004648584872484207,-0.001157072838395834,-0.007065716199576855,-0.8019216060638428,0.3502344787120819,-0.16101527214050293,0.509017825126648,-0.6144791841506958,0.2306751310825348,0.007174904923886061,0.889757513999939,0.8305990695953369,-1.488506087825776,1.3606908706802971,-1.0556537331350948,-0.0015424625016748905,0.00097364850807935,-0.0037278635427355766,0.17777638137340546,-0.0458231084048748,-0.07401993870735168,0.0041946470737457275,0.6412018537521362,0.3613280653953552,0.004150198772549629,0.19794733822345734,0.7360131740570068,-0.15282901027750212,0.7447956438890715,-1.365088292882412,7.472281868103892e-05,-0.002867179922759533,-0.000939676072448492,-0.4060739278793335,-0.7393462657928467,-0.006939497776329517,-0.2068173885345459,-0.09114516526460648,-0.665640115737915,0.003018160816282034,0.8435502648353577,0.7029634714126587,-0.13612188002819126,0.37468420180469586,0.1637785623350649,-0.0018646464450284839,0.001184394583106041,-0.0014974329387769103,-0.08490840345621109,-0.27759841084480286,0.10006825625896454,0.161833256483078,-0.025909574702382088,-0.09076036512851715,0.002668707864359021,0.3070569336414337,0.18734660744667053,-1.0845096402896595,1.2924960258492995,-1.1121862982234079
-0.0007880344055593014,-0.0010526921832934022,-0.007045745383948088,-0.7989133596420288,0.3570166230201721,-0.1605919599533081,0.5281634330749512,-0.6338830590248108,0.2412487119436264,0.007167404517531395,0.8896703124046326,0.8596308827400208,-1.488506087825776,1.3606908706802971,-1.0556537331350948,-0.0014840189833194017,0.0007890353444963694,-0.0038097051437944174,0.17011813819408417,-0.04699668288230896,-0.05207361280918121,0.018352895975112915,0.6304528117179871,0.347838819026947,0.004163981415331364,0.184012308716774,0.7202773094177246,-0.15282901027750212,0.7447956438890715,-1.365088292882412,0.00040569098200649023,-0.003078050445765257,-0.0012503324542194605,-0.4116983711719513,-0.7528939247131348,-0.013819243758916855,-0.20558708906173706,-0.08956339210271835,-0.659803569316864,0.003346985438838601,0.8582166433334351,0.6968704462051392,-0.13612188002819126,0.37468420180469586,0.1637785623350649,-0.0021438803523778915,0.0010851225815713406,-0.0014250765088945627,-0.0785670354962349,-0.2698518633842468,0.10289410501718521,0.1679096221923828,0.010715196840465069,-0.12479569017887115,0.0027936636470258236,0.2992991805076599,0.20948131382465363,-1.0845096402896595,1.2924960258492995,-1.1121862982234079
-0.0010302483569830656,-0.0010132757015526295,-0.007014547474682331,-0.7972211837768555,0.3601328730583191,-0.16313326358795166,0.5401681661605835,-0.6462939381599426,0.24784623086452484,0.0071618445217609406,0.8898707032203674,0.8780121207237244,-1.488506087825776,1.3606908706802971,-1.0556537331350948,-0.0014678006991744041,0.0005924736615270376,-0.003864106722176075,0.17150571942329407,-0.049922291189432144,-0.0363171361386776,0.03960740566253662,0.6170951128005981,0.3280629515647888,0.004175737500190735,0.1822783201932907,0.7000002861022949,-0.15282901027750212,0.7447956438890715,-1.365088292882412,0.0006959817837923765,-0.00326158432289958,-0.0015887587796896696,-0.40692710876464844,-0.7741921544075012,-0.01851404272019863,-0.2047756314277649,-0.08618248254060745,-0.6529883146286011,0.0036941138096153736,0.8748176693916321,0.6897494196891785,-0.13612188002819126,0.37468420180469586,0.1637785623350649,-0.0023512057960033417,0.0009674772154539824,-0.0013284309534355998,-0.07193724066019058,-0.2659580111503601,0.10134496539831161,0.17329539358615875,0.042661573737859726,-0.15458279848098755,0.0028686076402664185,0.2935633361339569,0.23610833287239075,-1.0845096402896595,1.2924960258492995,-1.1121862982234079
-0.0011514145880937576,-0.0010418997844681144,-0.006978717632591724,-0.7969233989715576,0.35920920968055725,-0.16943451762199402,0.5460768938064575,-0.6521166563034058,0.25101238489151,0.007149392273277044,0.8904078602790833,0.8868277072906494,-1.488506087825776,1.3606908706802971,-1.0556537331350948,-0.0015030737267807126,0.0004011292476207018,-0.003911466337740421,0.17944276332855225,-0.053762905299663544,-0.027263963595032692,0.06877371668815613,0.6009104251861572,0.30129435658454895,0.004209477920085192,0.18929733335971832,0.6757228970527649,-0.15282901027750212,0.7447956438890715,-1.365088292882412,0.0009509819792583585,-0.003380828071385622,-0.0019480856135487556,-0.38919493556022644,-0.8002716898918152,-0.020796723663806915,-0.2045266181230545,-0.07985375076532364,-0.644220232963562,0.004016142804175615,0.8901348114013672,0.6806081533432007,-0.13612188002819126,0.37468420180469586,0.1637785623350649,-0.0024705040268599987,0.0008496403461322188,-0.0012333942577242851,-0.06357789039611816,-0.2630619406700134,0.0953746885061264,0.17777764797210693,0.06851678341627121,-0.17882874608039856,0.0028890378307551146,0.2869495749473572,0.2613028287887573,-1.0845096402896595,1.2924960258492995,-1.1121862982234079
-0.0011411451268941164,-0.0011286035878583789,-0.0069442931562662125,-0.7979593276977539,0.35445767641067505,-0.17918932437896729,0.5466583967208862,-0.6513047814369202,0.25111353397369385,0.007127353455871344,0.8913406133651733,0.88661789894104,-1.488506087825776,1.3606908706802971,-1.0556537331350948,-0.0015744882402941585,0.00023397593759000301,-0.0039476556703448296,0.19045662879943848,-0.057504601776599884,-0.024687975645065308,0.10573697090148926,0.5820240378379822,0.26765358448028564,0.004256494343280792,0.20047444105148315,0.6492847800254822,-0.15282901027750212,0.7447956438890715,-1.365088292882412,0.0011698197340592742,-0.003436504863202572,-0.002313036937266588,-0.35900041460990906,-0.8268145322799683,-0.019821807742118835,-0.2049642652273178,-0.0691637322306633,-0.632158637046814,0.0043044378980994225,0.9016076922416687,0.6681455969810486,-0.13612188002819126,0.37468420180469586,0.1637785623350649,-0.002504542237147689,0.000752390013076365,-0.0011512476485222578,-0.05291812866926193,-0.2585037052631378,0.08542932569980621,0.18106846511363983,0.08813145756721497,-0.19767996668815613,0.0028573053423315287,0.2773493528366089,0.28218844532966614,-1.0896131978670505,1.2937678776461006,-1.116759840281953
-0.0010199225507676601,-0.001247992622666061,-0.006916570011526346,-0.8001004457473755,0.3467482626438141,-0.1909535825252533,0.5422713160514832,-0.6432381868362427,0.24826695024967194,0.007101878058165312,0.8926692605018616,0.8771829605102539,-1.488506087825776,1.3606908706802971,-1.0556537331350948,-0.0016591784078627825,0.0001041314098984003,-0.003960117697715759,0.20098255574703217,-0.0602424181997776,-0.027503427118062973,0.1488356590270996,0.5612459182739258,0.22865311801433563,0.0042949095368385315,0.21161185204982758,0.6240442991256714,-0.15282901027750212,0.7447956438890715,-1.365088292882412,0.0013508633710443974,-0.003458969760686159,-0.002666723681613803,-0.3197551667690277,-0.8479481935501099,-0.014433274045586586,-0.20619750022888184,-0.052583035081624985,-0.615296483039856,0.004571730270981789,0.9063486456871033,0.6510546207427979,-0.13612188002819126,0.37468420180469586,0.1637785623350649,-0.0024700905196368694,0.0006907060160301626,-0.0010925696697086096,-0.0403345562517643,-0.2502095103263855,0.07241445034742355,0.18379278481006622,0.1021617203950882,-0.2111656665802002,0.0027878540568053722,0.26358211040496826,0.2980062961578369,-1.0896131978670505,1.2937678776461006,-1.116759840281953
-0.0008253029081970453,-0.001364783849567175,-0.006896309554576874,-0.8028903007507324,0.3376883864402771,-0.20236316323280334,0.5328485369682312,-0.6267462372779846,0.24233737587928772,0.007078336086124182,0.8942131400108337,0.8575929999351501,-1.488506087825776,1.3606908706802971,-1.0556537331350948,-0.0017471627797931433,1.7135636880993843e-05,-0.003941817674785852,0.2076544612646103,-0.06126905977725983,-0.033759333193302155,0.19455383718013763,0.5402496457099915,0.18748101592063904,0.00431170454248786,0.21912088990211487,0.6040446758270264,-0.15282901027750212,0.7447956438890715,-1.365088292882412,0.0014892552280798554,-0.0034809010103344917,-0.0029938139487057924,-0.2763468623161316,-0.8571684956550598,-0.004181180149316788,-0.20830942690372467,-0.02870872989296913,-0.5922306180000305,0.004826745949685574,0.9006235599517822,0.6284537315368652,-0.13612188002819126,0.37468420180469586,0.1637785623350649,-0.0023969903122633696,0.0006837742403149605,-0.0010447113309055567,-0.02708475850522518,-0.2368803769350052,0.05721021071076393,0.18581189215183258,0.11150573939085007,-0.22037169337272644,0.002702689729630947,0.2451915591955185,0.30906838178634644,-1.0896131978670505,1.2937678776461006,-1.116759840281953
-0.0005976411048322916,-0.001446726149879396,-0.006879535503685474,-0.8058264255523682,0.3290826082229614,-0.21067512035369873,0.5179905891418457,-0.6002911925315857,0.23299872875213623,0.00705536687746644,0.8955644369125366,0.8264092206954956,-1.488506087825776,1.3606908706802971,-1.0556537331350948,-0.0018440303392708302,-2.5350251235067844e-05,-0.003897853661328554,0.20741118490695953,-0.060069628059864044,-0.04087401181459427,0.23847243189811707,0.5211455821990967,0.14814448356628418,0.004312117118388414,0.21976907551288605,0.5919532179832458,-0.15282901027750212,0.7447956438890715,-1.365088292882412,0.0015791782643646002,-0.0035162498243153095,-0.0032794212456792593,-0.23344945907592773,-0.8489122986793518,0.00973699614405632,-0.21133044362068176,0.0033701471984386444,-0.5620346665382385,0.005060871597379446,0.8804803490638733,0.6004622578620911,-0.13612188002819126,0.37468420180469586,0.1637785623350649,-0.0023119798861443996,0.0007426577503792942,-0.0010019359178841114,-0.014620852656662464,-0.21796096861362457,0.040814902633428574,0.18721182644367218,0.11709969490766525,-0.22609257698059082,0.0026269122026860714,0.22223098576068878,0.31603553891181946,-1.0896131978670505,1.2937678776461006,-1.116759840281953
-0.0003750512842088938,-0.0014739581383764744,-0.006864872761070728,-0.8086610436439514,0.32208195328712463,-0.21349909901618958,0.49716949462890625,-0.5623335242271423,0.21986308693885803,0.007031336892396212,0.8962429165840149,0.7821357250213623,-1.488506087825776,1.3606908706802971,-1.0556537331350948,-0.0019572030287235975,-2.6912312023341656e-05,-0.0038482099771499634,0.19819997251033783,-0.056447044014930725,-0.04618271812796593,0.2770874500274658,0.5056291818618774,0.11382582783699036,0.004317416809499264,0.21119266748428345,0.5877028703689575,-0.15282901027750212,0.7447956438890715,-1.365088292882412,0.0016258293762803078,-0.003556841518729925,-0.0035128891468048096,-0.19424811005592346,-0.8191558718681335,0.024637728929519653,-0.21519307792186737,0.0435575395822525,-0.5247556567192078,0.005256884265691042,0.8422325253486633,0.5688354969024658,-0.13612188002819126,0.37468420180469586,0.1637785623350649,-0.0022366822231560946,0.0008713023271411657,-0.00096771155949682,-0.004060002043843269,-0.19370512664318085,0.024503661319613457,0.1880037784576416,0.11968202143907547,-0.22889336943626404,0.002588123083114624,0.19529104232788086,0.31947046518325806,-1.0896131978670505,1.2937678776461006,-1.116759840281953
-0.00019471487030386925,-0.0014411065494641662,-0.006857149302959442,-0.8114280700683594,0.3169543147087097,-0.2094707190990448,0.4700482189655304,-0.5119078755378723,0.20268240571022034,0.007009650580585003,0.8959650993347168,0.7239303588867188,-1.488506087825776,1.3606908706802971,-1.0556537331350948,-0.002079465426504612,-2.2440217435359955e-06,-0.003821729216724634,0.1796647310256958,-0.05061813443899155,-0.04764227569103241,0.30874401330947876,0.4945183992385864,0.08603343367576599,0.004350838717073202,0.1926431804895401,0.5892987847328186,-0.15282901027750212,0.7447956438890715,-1.365088292882412,0.0016497415490448475,-0.003585534170269966,-0.0036974058020859957,-0.16003939509391785,-0.7657487988471985,0.037350304424762726,-0.21966908872127533,0.09007281810045242,-0.48205339908599854,0.005408189259469509,0.7831850647926331,0.537348210811615,-0.13612188002819126,0.37468420180469586,0.1637785623350649,-0.0021917223930358887,0.001058727502822876,-0.0009542715270072222,0.0040121362544596195,-0.16541986167430878,0.009762810543179512,0.18809421360492706,0.11966725438833237,-0.22898273169994354,0.0026144187431782484,0.16575627028942108,0.3195821940898895,-1.0896131978670505,1.2937678776461006,-1.116759840281953
-9.073177352547646e-05,-0.0013571945019066334,-0.006862044334411621,-0.814172089099884,0.31357598304748535,-0.1986882984638214,0.43692547082901,-0.44943612813949585,0.18162879347801208,0.006995560135692358,0.8948090076446533,0.6525992155075073,-1.488506087825776,1.3606908706802971,-1.0556537331350948,-0.002186983823776245,1.894356682896614e-05,-0.003842392936348915,0.15300559997558594,-0.042803600430488586,-0.04438944533467293,0.3324403464794159,0.4884698987007141,0.06469413638114929,0.004421226214617491,0.164964497089386,0.5943944454193115,-0.1511625043283755,0.7452705735776664,-1.365303509895804,0.0016786875203251839,-0.00359633332118392,-0.0038516041822731495,-0.13070330023765564,-0.6894027590751648,0.04513786360621452,-0.22433751821517944,0.13911235332489014,-0.43751364946365356,0.005530502647161484,0.7031336426734924,0.5109772682189941,-0.13612188002819126,0.37468420180469586,0.1637785623350649,-0.0022001932375133038,0.0012728426372632384,-0.0009757070802152157,0.009486920200288296,-0.1353554129600525,-0.002267668955028057,0.187269389629364,0.11708694696426392,-0.2261514514684677,0.00272267940454185,0.13570640981197357,0.31610703468322754,-1.0896131978670505,1.2937678776461006,-1.116759840281953
-8.409004658460617e-05,-0.0012441290309652686,-0.006880993023514748,-0.816754937171936,0.3118448853492737,-0.18277683854103088,0.39930588006973267,-0.3777904510498047,0.15765659511089325,0.0069930674508214,0.8931647539138794,0.5718622207641602,-1.488506087825776,1.3606908706802971,-1.0556537331350948,-0.0022445349022746086,1.7383601516485214e-05,-0.003924358170479536,0.12015051394701004,-0.03418238088488579,-0.03656016290187836,0.35056811571121216,0.485810250043869,0.0495530366897583,0.004520931746810675,0.130158469080925,0.6011365056037903,-0.1511625043283755,0.7452705735776664,-1.365303509895804,0.0017378912307322025,-0.0036024865694344044,-0.003999829292297363,-0.1052628606557846,-0.594056248664856,0.04627370834350586,-0.22868585586547852,0.18587803840637207,-0.39568400382995605,0.005656572058796883,0.605082094669342,0.4933697283267975,-0.13612188002819126,0.37468420180469586,0.1637785623350649,-0.00228078942745924,0.001469066017307341,-0.0010378190781921148,0.012595947831869125,-0.10581392794847488,-0.011278832331299782,0.18519528210163116,0.11158966273069382,-0.2197725474834442,0.0029046901036053896,0.10715623199939728,0.30830100178718567,-1.0896131978670505,1.2937678776461006,-1.116759840281953
-0.0001731028314679861,-0.001128918956965208,-0.006911494769155979,-0.8188455104827881,0.3118327558040619,-0.16437429189682007,0.36020100116729736,-0.30283814668655396,0.13269110023975372,0.0070052254013717175,0.8914967775344849,0.4889403283596039,-1.488506087825776,1.3606908706802971,-1.0556537331350948,-0.002234870567917824,-2.8925016522407532e-05,-0.00406099995598197,0.0836566835641861,-0.024994317442178726,-0.02541210874915123,0.36327385902404785,0.48623037338256836,0.03942364454269409,0.004635429009795189,0.0909336656332016,0.6082286834716797,-0.1511625043283755,0.7452705735776664,-1.365303509895804,0.001840406097471714,-0.0036259223707020283,-0.004161647520959377,-0.0820709764957428,-0.4856792390346527,0.04027928411960602,-0.23230302333831787,0.22654923796653748,-0.3602232038974762,0.00581839494407177,0.49420884251594543,0.48481956124305725,-0.13612188002819126,0.37468420180469586,0.1637785623350649,-0.0024342467077076435,0.0016093087615445256,-0.0011334281880408525,0.013723496347665787,-0.07809977233409882,-0.017550036311149597,0.18143896758556366,0.10249938070774078,-0.20886820554733276,0.003130509750917554,0.08121522516012192,0.29504600167274475,-1.0896131978670505,1.2937678776461006,-1.116759840281953
-0.0003345492295920849,-0.0010325030889362097,-0.006949580740183592,-0.8199926614761353,0.3138737380504608,-0.14613446593284607,0.3233581781387329,-0.23191127181053162,0.1091296598315239,0.007033822126686573,0.8900898694992065,0.4126167893409729,-1.488506087825776,1.3606908706802971,-1.0556537331350948,-0.0021597007289528847,-0.00011771614663302898,-0.0042295390740036964,0.04608015716075897,-0.015777967870235443,-0.01238968875259161,0.3714757263660431,0.4885317385196686,0.03330880403518677,0.004750491119921207,0.05025762692093849,0.614627480506897,-0.1511625043283755,0.7452705735776664,-1.365303509895804,0.0019780758302658796,-0.003682446666061878,-0.004343836568295956,-0.05906916409730911,-0.3704398572444916,0.02778683602809906,-0.2349829226732254,0.2593061923980713,-0.3329177498817444,0.006028442177921534,0.3761475086212158,0.4830019772052765,-0.13612188002819126,0.37468420180469586,0.1637785623350649,-0.0026390147395431995,0.0016733985394239426,-0.0012459892313927412,0.013246770948171616,-0.05227057263255119,-0.021313060075044632,0.1755167841911316,0.08893878757953644,-0.1922547072172165,0.0033640973269939423,0.05798220634460449,0.2750965654850006,-1.0896131978670505,1.2937678776461006,-1.116759840281953
-0.0005334764719009399,-0.000965386105235666,-0.006990809924900532,-0.8198426961898804,0.3182942867279053,-0.12988021969795227,0.29174429178237915,-0.17083805799484253,0.08886611461639404,0.007077286951243877,0.889000654220581,0.3495676517486572,-1.488506087825776,1.3606908706802971,-1.0556537331350948,-0.0020359696354717016,-0.0002269688993692398,-0.004398486576974392,0.009766544215381145,-0.007015351206064224,0.001104685477912426,0.3757306933403015,0.4911961555480957,0.030431747436523438,0.004852151032537222,0.012075630947947502,0.6191714406013489,-0.1511625043283755,0.7452705735776664,-1.365303509895804,0.002088113222271204,-0.003755692159757018,-0.004569455981254578,-0.03555527329444885,-0.2534794211387634,0.008777342736721039,-0.23695692420005798,0.2869235873222351,-0.3110720217227936,0.006272588390856981,0.25611138343811035,0.48501497507095337,-0.13807031540112802,0.3801233095599217,0.16977245643922595,-0.002862015273422003,0.0016557143535465002,-0.001354903681203723,0.011498796753585339,-0.027781622484326363,-0.022519491612911224,0.16697917878627777,0.07003109902143478,-0.16878587007522583,0.0035732737742364407,0.03756552189588547,0.2475380152463913,-1.0896131978670505,1.2937678776461006,-1.116759840281953
-0.0007337294518947601,-0.0009305799612775445,-0.007029527798295021,-0.8183990716934204,0.32489368319511414,-0.11638104915618896,0.26675868034362793,-0.12239772081375122,0.07278339564800262,0.007128716446459293,0.8881877660751343,0.3023885190486908,-1.488506087825776,1.3606908706802971,-1.0556537331350948,-0.001884583500213921,-0.00032752263359725475,-0.004537748172879219,-0.02343527413904667,0.00095563312061131,0.013700123876333237,0.3760553002357483,0.4923533797264099,0.030373752117156982,0.0049244374968111515,0.027162818238139153,0.6202837824821472,-0.1511625043283755,0.7452705735776664,-1.365303509895804,0.00221339357085526,-0.0038762600161135197,-0.004751807078719139,-0.008305304683744907,-0.13921187818050385,-0.011363858357071877,-0.23767545819282532,0.30424317717552185,-0.299506276845932,0.00651952251791954,0.139921635389328,0.48862823843955994,-0.13807031540112802,0.3801233095599217,0.16977245643922595,-0.003071038518100977,0.00156188546679914,-0.0014405060792341828,0.008826914243400097,-0.004214206710457802,-0.021129805594682693,0.15554054081439972,0.045196160674095154,-0.13771677017211914,0.003734410274773836,0.023283956572413445,0.21260635554790497,-1.0896131978670505,1.2937678776461006,-1.116759840281953
-0.0009049845393747091,-0.0009267650893889368,-0.007057908922433853,-0.8162856101989746,0.3322710692882538,-0.10551100969314575,0.24856549501419067,-0.08667542040348053,0.06090064346790314,0.00717579061165452,0.8876141309738159,0.2701968252658844,-1.488431951224707,1.3606611508833715,-1.056232073448395,-0.0017270917305722833,-0.00039531546644866467,-0.004624467343091965,-0.05236367508769035,0.008019023574888706,0.023927053436636925,0.3718351125717163,0.4897443652153015,0.033139556646347046,0.004952253773808479,0.058127131313085556,0.6157995462417603,-0.1511625043283755,0.7452705735776664,-1.365303509895804,0.0022925834637135267,-0.004006588365882635,-0.0049020410515367985,0.021465275436639786,-0.03150947391986847,-0.032021209597587585,-0.23775513470172882,0.3155359923839569,-0.29404282569885254,0.00673340167850256,0.0497891828417778,0.4924953281879425,-0.13807031540112802,0.3801233095599217,0.16977245643922595,-0.0032391087152063847,0.0014128824695944786,-0.00148819200694561,0.005651269108057022,0.01861230842769146,-0.017439965158700943,0.14126306772232056,0.014556598849594593,-0.09920798242092133,0.0038344203494489193,0.02612483873963356,0.17323213815689087,-1.0896131978670505,1.2937678776461006,-1.116759840281953
-0.0010254897642880678,-0.0009470815421082079,-0.007068315986543894,-0.813674807548523,0.3402496576309204,-0.0968778133392334,0.23635491728782654,-0.06273863464593887,0.0528172105550766,0.007204837631434202,0.8872551918029785,0.25017881393432617,-1.488431951224707,1.3606611508833715,-1.056232073448395,-0.00159059080760926,-0.00041336240246891975,-0.004647614900022745,-0.07618945837020874,0.014197728596627712,0.030069008469581604,0.36182448267936707,0.4807206690311432,0.03915807604789734,0.004929622169584036,0.08312974125146866,0.6029450297355652,-0.1511625043283755,0.7452705735776664,-1.365303509895804,0.0023012273013591766,-0.004118712618947029,-0.005004384089261293,0.053451959043741226,0.06557023525238037,-0.04944666475057602,-0.23742608726024628,0.32206669449806213,-0.2928706407546997,0.0068777394481003284,0.09798745065927505,0.49585413932800293,-0.13807031540112802,0.3801233095599217,0.16977245643922595,-0.0033451816998422146,0.0012395097874104977,-0.0014883177354931831,0.0024892038200050592,0.04080452397465706,-0.012111136689782143,0.12479802221059799,-0.020537860691547394,-0.054981447756290436,0.0038654515519738197,0.04263666272163391,0.13791051506996155,-1.0896131978670505,1.2937678776461006,-1.116759840281953
-0.0010875947773456573,-0.000989230116829276,-0.0070577883161604404,-0.8114341497421265,0.34710991382598877,-0.08942112326622009,0.22916728258132935,-0.048406679183244705,0.04781106859445572,0.007209287025034428,0.8870776891708374,0.2390538603067398,-1.488431951224707,1.3606611508833715,-1.056232073448395,-0.0015046565094962716,-0.00036963203456252813,-0.004605704918503761,-0.09373597800731659,0.01940895803272724,0.030418718233704567,0.3442491292953491,0.4623276889324188,0.04922002553939819,0.004859334789216518,0.10044122487306595,0.5785127282142639,-0.1511625043283755,0.7452705735776664,-1.365303509895804,0.00222023855894804,-0.004180870950222015,-0.005043363198637962,0.08697517961263657,0.14839358627796173,-0.059438638389110565,-0.23697718977928162,0.32489562034606934,-0.29395750164985657,0.006916983053088188,0.1819843202829361,0.49812284111976624,-0.13807031540112802,0.3801233095599217,0.16977245643922595,-0.00337420217692852,0.001066478667780757,-0.0014337596949189901,-9.458645945414901e-05,0.06204434484243393,-0.006037498824298382,0.10750703513622284,-0.05724373459815979,-0.008652757853269577,0.0038181517738848925,0.062337476760149,0.12210437655448914,-1.0896131978670505,1.2937678776461006,-1.116759840281953
-0.0010972570162266493,-0.0010523386299610138,-0.0070296842604875565,-0.8101527690887451,0.351849228143692,-0.08192065358161926,0.22584867477416992,-0.04145614057779312,0.04512286186218262,0.007192207500338554,0.8870492577552795,0.23401348292827606,-1.488431951224707,1.3606611508833715,-1.056232073448395,-0.0014852581080049276,-0.000261655542999506,-0.004493341781198978,-0.10378194600343704,0.023388735949993134,0.024328360334038734,0.31703662872314453,0.4315268397331238,0.06434150040149689,0.004739680793136358,0.1091310903429985,0.5393213033676147,-0.1511625043283755,0.7452705735776664,-1.365303509895804,0.0020408460404723883,-0.004174384754151106,-0.0050008948892354965,0.12168078124523163,0.21460404992103577,-0.05895804986357689,-0.23676040768623352,0.32472938299179077,-0.2950969934463501,0.006826381664723158,0.25364771485328674,0.49858489632606506,-0.13807031540112802,0.3801233095599217,0.16977245643922595,-0.003317433875054121,0.0009115380235016346,-0.0013206038856878877,-0.0016857655718922615,0.08099539577960968,-0.00028372183442115784,0.09110040962696075,-0.0919804498553276,0.0352284237742424,0.003685140982270241,0.08101343363523483,0.13416679203510284,-1.0896131978670505,1.2937678776461006,-1.116759840281953
-0.0010660712141543627,-0.0011300159385427833,-0.006988320033997297,-0.8103629946708679,0.35350602865219116,-0.07349139451980591,0.2253015637397766,-0.03977397084236145,0.044043250381946564,0.0071589145809412,0.8871615529060364,0.2329862117767334,-1.488431951224707,1.3606611508833715,-1.056232073448395,-0.0015285963891074061,-0.00010396214202046394,-0.004302484914660454,-0.10642065107822418,0.02592933177947998,0.013286531902849674,0.27821019291877747,0.3856169581413269,0.0855410099029541,0.004567142575979233,0.11033683270215988,0.4831341505050659,-0.1511625043283755,0.7452705735776664,-1.365303509895804,0.0017699800664559007,-0.004107930231839418,-0.004866429604589939,0.15699225664138794,0.264003723859787,-0.04732600599527359,-0.23719610273838043,0.32185348868370056,-0.2939085066318512,0.006609845440834761,0.3107801377773285,0.49621957540512085,-0.13807031540112802,0.3801233095599217,0.16977245643922595,-0.003175667952746153,0.0007996755884960294,-0.0011552852811291814,-0.0021782293915748596,0.09556467086076736,0.003930186852812767,0.07694115489721298,-0.1218952164053917,0.07303181290626526,0.0034726117737591267,0.09567025303840637,0.16159217059612274,-1.0896131978670505,1.2937678776461006,-1.116759840281953
-0.001000910997390747,-0.001209057867527008,-0.006937990430742502,-0.8124885559082031,0.351146936416626,-0.06409716606140137,0.2265668660402298,-0.04152696579694748,0.04397723823785782,0.007113322615623474,0.8874402642250061,0.2345016598701477,-1.488431951224707,1.3606611508833715,-1.056232073448395,-0.0016253823414444923,7.342873141169548e-05,-0.004048118833452463,-0.10357726365327835,0.027091752737760544,0.0005570538341999054,0.2264855057001114,0.3229144811630249,0.11350810527801514,0.004362857434898615,0.1070631742477417,0.410430908203125,-0.1511625043283755,0.7452705735776664,-1.365303509895804,0.0014367178082466125,-0.004007583484053612,-0.00465247081592679,0.19073525071144104,0.29961782693862915,-0.026737669482827187,-0.23877349495887756,0.31613290309906006,-0.2878381609916687,0.006306375376880169,0.3561820685863495,0.4896974563598633,-0.13807031540112802,0.3801233095599217,0.16977245643922595,-0.0029623121954500675,0.0007596118375658989,-0.0009610195993445814,-0.0016777822747826576,0.1039380207657814,0.005442894529551268,0.06568216532468796,-0.14562739431858063,0.1030135527253151,0.0032055985648185015,0.10409396141767502,0.19008755683898926,-1.0896131978670505,1.2937678776461006,-1.116759840281953
-0.0009005516767501831,-0.0012793359346687794,-0.00688671600073576,-0.8166419267654419,0.34438851475715637,-0.05426475405693054,0.2288457155227661,-0.04521673917770386,0.04447343200445175,0.007062191609293222,0.8879482746124268,0.23747168481349945,-1.488431951224707,1.3606611508833715,-1.056232073448395,-0.0017665913328528404,0.00023853906895965338,-0.003776028286665678,-0.09819038212299347,0.027238015085458755,-0.010576557368040085,0.16210556030273438,0.24374286830425262,0.1481480747461319,0.0041756597347557545,0.10244571417570114,0.32808026671409607,-0.1511625043283755,0.7452705735776664,-1.365303509895804,0.001083852257579565,-0.0038901222869753838,-0.004391329828649759,0.21973681449890137,0.327099084854126,-0.001979290507733822,-0.24203619360923767,0.3070742189884186,-0.27421149611473083,0.00596586661413312,0.39405834674835205,0.4775646924972534,-0.13807031540112802,0.3801233095599217,0.16977245643922595,-0.002700269687920809,0.0007994051557034254,-0.0007714114617556334,-0.0002592625096440315,0.10527783632278442,0.003711497876793146,0.05728937312960625,-0.163147434592247,0.12492503970861435,0.00291985971853137,0.10534355789422989,0.21332000195980072,-1.091623788446629,1.294242716459073,-1.1178556487252516
-0.0007620290853083134,-0.0013433628482744098,-0.0068476516753435135,-0.8224600553512573,0.33395659923553467,-0.04430994391441345,0.23148104548454285,-0.049658555537462234,0.045229919254779816,0.007019661366939545,0.8887805938720703,0.24102944135665894,-1.488431951224707,1.3606611508833715,-1.056232073448395,-0.0019291582284495234,0.000374998664483428,-0.003538382239639759,-0.09330490976572037,0.026976753026247025,-0.018186405301094055,0.08793292194604874,0.15175558626651764,0.1879907250404358,0.00404752092435956,0.0988144502043724,0.2571040093898773,-0.1511625043283755,0.7452705735776664,-1.365303509895804,0.0007506555994041264,-0.003753385040909052,-0.0041132718324661255,0.24193838238716125,0.3521841764450073,0.021706901490688324,-0.24754291772842407,0.2939520478248596,-0.25038963556289673,0.005618753377348185,0.42783066630363464,0.45867228507995605,-0.13807031540112802,0.3801233095599217,0.16977245643922595,-0.002415473572909832,0.0008818596252240241,-0.0006257293280214071,0.0016318024136126041,0.1000494658946991,-0.001038053072988987,0.05165713280439377,-0.17489394545555115,0.13967564702033997,0.0026464553084224463,0.10006815940141678,0.2297077178955078,-1.091623788446629,1.294242716459073,-1.1178556487252516
-0.0005899425595998764,-0.0014138806145638227,-0.006837642751634121,-0.8291914463043213,0.32147955894470215,-0.03439047932624817,0.2339162826538086,-0.05391564592719078,0.04608733952045441,0.007007170934230089,0.8899945020675659,0.24443355202674866,-1.488431951224707,1.3606611508833715,-1.056232073448395,-0.00207254895940423,0.00048685481306165457,-0.0033722356893122196,-0.09143266081809998,0.02696051262319088,-0.021632425487041473,0.010001257061958313,0.054596126079559326,0.22988909482955933,0.003988039679825306,0.09774846583604813,0.2364947348833084,-0.1511625043283755,0.7452705735776664,-1.365303509895804,0.00047098181676119566,-0.0035936301574110985,-0.003833161201328039,0.25758475065231323,0.37911856174468994,0.04115089774131775,-0.2557928264141083,0.2760083079338074,-0.21408605575561523,0.005275331903249025,0.4601892828941345,0.4329473376274109,-0.13807031540112802,0.3801233095599217,0.16977245643922595,-0.002129404805600643,0.0009641913347877562,-0.0005506520392373204,0.0038301637396216393,0.09043470770120621,-0.00811809953302145,0.04822799935936928,-0.18194350600242615,0.14841778576374054,0.002401509555056691,0.09087909013032913,0.23970235884189606,-1.091623788446629,1.294242716459073,-1.1178556487252516
-0.00040040910243988037,-0.0015000595012679696,-0.006871045101433992,-0.8359056115150452,0.30879032611846924,-0.02543577551841736,0.23564556241035461,-0.057215284556150436,0.0470142588019371,0.007044272031635046,0.891480028629303,0.2470076084136963,-1.488431951224707,1.3606611508833715,-1.056232073448395,-0.0021566664800047874,0.0005860095843672752,-0.003291849745437503,-0.09412451833486557,0.027641013264656067,-0.020827794447541237,-0.06409908831119537,-0.038144081830978394,0.2698723077774048,0.003978805150836706,0.10028582811355591,0.2799905836582184,-0.1511625043283755,0.7452705735776664,-1.365303509895804,0.0002767011756077409,-0.003422077978029847,-0.0035524340346455574,0.2686357796192169,0.41032153367996216,0.05550437793135643,-0.2671034336090088,0.25273793935775757,-0.1638941764831543,0.004940340761095285,0.4935683012008667,0.40259408950805664,-0.13807031540112802,0.3801233095599217,0.16977245643922595,-0.0018619061447679996,0.0010172438342124224,-0.0005593556561507285,0.006087967660278082,0.08024434000253677,-0.017107047140598297,0.04648274555802345,-0.18538646399974823,0.1525152325630188,0.002194164553657174,0.08227313309907913,0.24451929330825806,-1.091623788446629,1.294242716459073,-1.1178556487252516
-0.00021962099708616734,-0.0015960200689733028,-0.006950980518013239,-0.8416011333465576,0.2977192997932434,-0.019008487462997437,0.23616760969161987,-0.05886678397655487,0.04808959364891052,0.0071352394297719,0.8929113149642944,0.24809886515140533,-1.488431951224707,1.3606611508833715,-1.056232073448395,-0.0021595521830022335,0.0006781942211091518,-0.003286586841568351,-0.10201799124479294,0.0292185228317976,-0.015828724950551987,-0.1283329874277115,-0.11883236467838287,0.3047958016395569,0.003990647383034229,0.10729371011257172,0.3514128029346466,-0.1511625043283755,0.7452705735776664,-1.365303509895804,0.00018599553732201457,-0.003264414379373193,-0.0032663876190781593,0.2772926688194275,0.44585973024368286,0.06477195024490356,-0.2814328670501709,0.22427377104759216,-0.10007118433713913,0.004621718544512987,0.5290344953536987,0.37352028489112854,-0.13807031540112802,0.3801233095599217,0.16977245643922595,-0.0016352587845176458,0.0010407286463305354,-0.0006462846649810672,0.008197256363928318,0.07373236119747162,-0.02774498239159584,0.04592897742986679,-0.18625810742378235,0.15327078104019165,0.002043250249698758,0.07920505106449127,0.2455473244190216,-1.091623788446629,1.294242716459073,-1.1178556487252516
-7.744855247437954e-05,-0.0016819379525259137,-0.007066459394991398,-0.8452054262161255,0.29048043489456177,-0.01577627658843994,0.23495422303676605,-0.05819904804229736,0.04948192089796066,0.007264279760420322,0.8938680291175842,0.2470608800649643,-1.488431951224707,1.3606611508833715,-1.056232073448395,-0.0020836431067436934,0.0007570915622636676,-0.003328524064272642,-0.11499173939228058,0.03169182315468788,-0.006857540458440781,-0.17983666062355042,-0.18382056057453156,0.3331911265850067,0.003999228589236736,0.11947593092918396,0.4208889901638031,-0.1511625043283755,0.7452705735776664,-1.365303509895804,0.00019047758542001247,-0.00315057672560215,-0.0029737213626503944,0.2848379611968994,0.4840005934238434,0.06880848109722137,-0.2981409430503845,0.19187772274017334,-0.02559656649827957,0.0043365228921175,0.5657948851585388,0.3554718792438507,-0.13807031540112802,0.3801233095599217,0.16977245643922595,-0.0014734338037669659,0.0010517474729567766,-0.000790482503362,0.009973142296075821,0.07402679324150085,-0.03938810154795647,0.046143293380737305,-0.18545472621917725,0.15182563662528992,0.001975358696654439,0.08444437384605408,0.24407720565795898,-1.091623788446629,1.294242716459073,-1.1178556487252516
1.3583339750766754e-06,-0.0017350530251860619,-0.007195980288088322,-0.8456828594207764,0.28961968421936035,-0.014763712882995605,0.2314450442790985,-0.05453266203403473,0.05142522603273392,0.007402198389172554,0.8940229415893555,0.24328002333641052,-1.488431951224707,1.3606611508833715,-1.056232073448395,-0.001951906131580472,0.000805328250862658,-0.0033860341645777225,-0.1320522576570511,0.03482363373041153,0.005437994375824928,-0.21825382113456726,-0.23281095921993256,0.35499152541160583,0.003990453667938709,0.13667500019073486,0.47734126448631287,-0.15089409284307143,0.7453849380860051,-1.3653668116364646,0.0002592527598608285,-0.0031002701725810766,-0.0026835380122065544,0.2912891209125519,0.5229632258415222,0.06741835922002792,-0.31586962938308716,0.15819092094898224,0.05330248549580574,0.0041085598058998585,0.602399468421936,0.35726621747016907,-0.13807031540112802,0.3801233095599217,0.16977245643922595,-0.001395575818605721,0.0010620600078254938,-0.0009607189567759633,0.011231418699026108,0.08227647095918655,-0.050630390644073486,0.04678746312856674,-0.1837058961391449,0.1491314023733139,0.001999645959585905,0.09725738316774368,0.2411992996931076,-1.091623788446629,1.294242716459073,-1.1178556487252516
8.656643331050873e-07,-0.0017416587797924876,-0.007313122972846031,-0.8423954248428345,0.29702433943748474,-0.014108896255493164,0.22507905960083008,-0.04720129072666168,0.05418666452169418,0.0075176553800702095,0.8933379054069519,0.23627260327339172,-1.488431951224707,1.3606611508833715,-1.056232073448395,-0.001794873271137476,0.0008077084785327315,-0.003432981204241514,-0.15129737555980682,0.038339532911777496,0.019679922610521317,-0.24509631097316742,-0.2672621011734009,0.3708043694496155,0.003957186359912157,0.15731532871723175,0.5186492800712585,-0.15089409284307143,0.7453849380860051,-1.3653668116364646,0.00035150922485627234,-0.003112675854936242,-0.0024129298981279135,0.2957671284675598,0.5613664984703064,0.060722921043634415,-0.33291056752204895,0.1265367716550827,0.1288175731897354,0.003954053390771151,0.6374149322509766,0.37872809171676636,-0.13807031540112802,0.3801233095599217,0.16977245643922595,-0.0014071225887164474,0.0010650219628587365,-0.0011203595204278827,0.011791879311203957,0.09771087765693665,-0.059422168880701065,0.04760747775435448,-0.18158367276191711,0.1459706425666809,0.0020903281401842833,0.11496720463037491,0.2377951443195343,-1.091623788446629,1.294242716459073,-1.1178556487252516
-8.665164932608604e-05,-0.0017026580171659589,-0.007392160594463348,-0.8355188369750977,0.3127375841140747,-0.012097358703613281,0.2153748720884323,-0.03563625365495682,0.058022886514663696,0.007586210500448942,0.8922123312950134,0.22588257491588593,-1.488431951224707,1.3606611508833715,-1.056232073448395,-0.0016452933195978403,0.0007619787938892841,-0.0034462609328329563,-0.1703837811946869,0.04178239405155182,0.03408273309469223,-0.2622666656970978,-0.2896563410758972,0.38162726163864136,0.003894138615578413,0.1787121444940567,0.5461903810501099,-0.15089409284307143,0.7453849380860051,-1.3653668116364646,0.0004224794392939657,-0.003170562209561467,-0.0021745741833001375,0.29730653762817383,0.5971391201019287,0.049215711653232574,-0.3479090929031372,0.09956666082143784,0.1947365701198578,0.0038677805569022894,0.6688710451126099,0.41094598174095154,-0.13807031540112802,0.3801233095599217,0.16977245643922595,-0.001493779942393303,0.0010437214514240623,-0.0012348617892712355,0.011526374146342278,0.11809930205345154,-0.0636727437376976,0.04842258244752884,-0.17953342199325562,0.14300554990768433,0.002201276132836938,0.13466447591781616,0.23457957804203033,-1.091623788446629,1.294242716459073,-1.1178556487252516
-0.00026003667153418064,-0.0016307192854583263,-0.007413170300424099,-0.8261680603027344,0.33452361822128296,-0.007795959711074829,0.20207028090953827,-0.01952766254544258,0.06311865150928497,0.007594863884150982,0.8913587927818298,0.21259747445583344,-1.488431951224707,1.3606611508833715,-1.056232073448395,-0.001526729785837233,0.000688794651068747,-0.003402243833988905,-0.18699780106544495,0.04469311237335205,0.0471641905605793,-0.2718814015388489,-0.30254465341567993,0.38838720321655273,0.0037921767216175795,0.19796493649482727,0.5624032020568848,-0.15089409284307143,0.7453849380860051,-1.3653668116364646,0.00042601372115314007,-0.003256444353610277,-0.0019631274044513702,0.2956312596797943,0.6269037127494812,0.033798012882471085,-0.3602246344089508,0.07854726910591125,0.24808770418167114,0.0038261974696069956,0.6939368844032288,0.4443860650062561,-0.13807031540112802,0.3801233095599217,0.16977245643922595,-0.0016260374104604125,0.0009872197406366467,-0.0012803025310859084,0.01046086847782135,0.1400735080242157,-0.062235645949840546,0.049109913408756256,-0.17791423201560974,0.1408378630876541,0.0022929839324206114,0.15363363921642303,0.23216494917869568,-1.091623788446629,1.294242716459073,-1.1178556487252516
-0.0005075603257864714,-0.001543670892715454,-0.007368887308984995,-0.8161226511001587,0.35841965675354004,-0.0012807250022888184,0.18533062934875488,0.0009275814518332481,0.06950398534536362,0.007545928470790386,0.8913599252700806,0.19793713092803955,-1.488431951224707,1.3606611508833715,-1.056232073448395,-0.0014450359158217907,0.0006193597801029682,-0.0032830138225108385,-0.19915549457073212,0.046558402478694916,0.05840924754738808,-0.2757885158061981,-0.3080922067165375,0.39172881841659546,0.003640043316408992,0.21270222961902618,0.5695889592170715,-0.15089409284307143,0.7453849380860051,-1.3653668116364646,0.00032944383565336466,-0.0033585738856345415,-0.0017715514404699206,0.29134976863861084,0.6464974284172058,0.019369307905435562,-0.3704458475112915,0.0626906007528305,0.28793174028396606,0.0038114232011139393,0.7093791365623474,0.4733549654483795,-0.13721023970832574,0.3782764183445569,0.1747886356236276,-0.0017713019624352455,0.0008940503466874361,-0.0012506050989031792,0.00887306872755289,0.15939664840698242,-0.055824704468250275,0.04958842322230339,-0.17703834176063538,0.14006513357162476,0.002345388988032937,0.16912250220775604,0.2311272919178009,-1.091623788446629,1.294242716459073,-1.1178556487252516
-0.0008046622388064861,-0.00146061135455966,-0.007270876783877611,-0.8073370456695557,0.37985146045684814,0.006452590227127075,0.16602849960327148,0.02468699775636196,0.0769457221031189,0.00745965912938118,0.8922566175460815,0.18464982509613037,-1.488431951224707,1.3606611508833715,-1.056232073448395,-0.0013864838983863592,0.0005739952903240919,-0.00309257535263896,-0.20533300936222076,0.0468413420021534,0.06832360476255417,-0.27534422278404236,-0.3077826201915741,0.39186471700668335,0.003437416162341833,0.22141334414482117,0.5693000555038452,-0.15089409284307143,0.7453849380860051,-1.3653668116364646,0.00012898346176370978,-0.0034952927380800247,-0.001557953073643148,0.2824384272098541,0.6543144583702087,0.0002393089234828949,-0.3776165843009949,0.05303306505084038,0.31673064827919006,0.0038289588410407305,0.7126702666282654,0.4957066476345062,-0.13721023970832574,0.3782764183445569,0.1747886356236276,-0.0019011881668120623,0.0007640217081643641,-0.0011610479559749365,0.007237534038722515,0.17191150784492493,-0.04688813537359238,0.04980532079935074,-0.17720216512680054,0.14132046699523926,0.002355053788051009,0.17833800613880157,0.2320617437362671,-1.091623788446629,1.294242716459073,-1.1178556487252516
-0.0011126603931188583,-0.0014008332509547472,-0.007145586423575878,-0.8013655543327332,0.39499327540397644,0.013813912868499756,0.14588245749473572,0.04969258978962898,0.08489321172237396,0.007366121746599674,0.8935307860374451,0.17594857513904572,-1.488431951224707,1.3606611508833715,-1.056232073448395,-0.0013287574984133244,0.0005525066517293453,-0.0028614767361432314,-0.20474646985530853,0.045159947127103806,0.07783573120832443,-0.2713159918785095,-0.30228492617607117,0.3885021209716797,0.003202953143045306,0.22364914417266846,0.5620697736740112,-0.15089409284307143,0.7453849380860051,-1.3653668116364646,-0.00013955330359749496,-0.0036480198614299297,-0.0013420009054243565,0.268279105424881,0.6498359441757202,-0.019367322325706482,-0.3826521933078766,0.047823838889598846,0.33585020899772644,0.0038895360194146633,0.7033032774925232,0.5113757848739624,-0.13721023970832574,0.3782764183445569,0.1747886356236276,-0.0019921609200537205,0.000597838603425771,-0.0010417115408927202,0.005993657745420933,0.1752086728811264,-0.038251906633377075,0.0497264638543129,-0.17870162427425385,0.14528195559978485,0.0023262156173586845,0.1794358193874359,0.23561374843120575,-1.091623788446629,1.294242716459073,-1.1178556487252516
-0.0013844124041497707,-0.0013812845572829247,-0.007020983379334211,-0.798906683921814,0.40195217728614807,0.019298076629638672,0.1270231008529663,0.07339686900377274,0.09263885766267776,0.007288261316716671,0.8945333361625671,0.17350482940673828,-1.488431951224707,1.3606611508833715,-1.056232073448395,-0.0012582188937813044,0.000542784109711647,-0.0026335809379816055,-0.19755040109157562,0.04151712730526924,0.08721990883350372,-0.2638838291168213,-0.2914530634880066,0.38084349036216736,0.0029687501955777407,0.21990257501602173,0.547376811504364,-0.15089409284307143,0.7453849380860051,-1.3653668116364646,-0.00042778963688760996,-0.0037841261364519596,-0.001145786140114069,0.24954183399677277,0.6348318457603455,-0.03906632214784622,-0.3858954608440399,0.04584704339504242,0.34724920988082886,0.003976862877607346,0.6832340359687805,0.5211519002914429,-0.13721023970832574,0.3782764183445569,0.1747886356236276,-0.002026704605668783,0.0004068419220857322,-0.0009220520150847733,0.005342066753655672,0.16975551843643188,-0.03180934861302376,0.04933205619454384,-0.18182560801506042,0.15263906121253967,0.0022634556517004967,0.17279267311096191,0.24247244000434875,-1.091623788446629,1.294242716459073,-1.1178556487252516
-0.0015770120080560446,-0.0014106028247624636,-0.006915861740708351,-0.7997679710388184,0.40101078152656555,0.02213922142982483,0.11116021871566772,0.09377144277095795,0.0996260717511177,0.007232282310724258,0.8949461579322815,0.17628110945224762,-1.488431951224707,1.3606611508833715,-1.056232073448395,-0.001180674764327705,0.0005345449317246675,-0.0024476051330566406,-0.1846483051776886,0.03635571897029877,0.09538981318473816,-0.25272345542907715,-0.2744438052177429,0.36766576766967773,0.00276956707239151,0.21098802983760834,0.523800253868103,-0.15089409284307143,0.7453849380860051,-1.3653668116364646,-0.0006977163720875978,-0.0038616498932242393,-0.0009868491906672716,0.2293948382139206,0.6120026707649231,-0.05802442133426666,-0.3875408470630646,0.045823127031326294,0.35250523686408997,0.00404635863378644,0.6561524868011475,0.5258779525756836,-0.13721023970832574,0.3782764183445569,0.1747886356236276,-0.0019969779532402754,0.00021528007346205413,-0.0008211653330363333,0.00524342805147171,0.15841099619865417,-0.028332160785794258,0.048618659377098083,-0.18682123720645905,0.16400156915187836,0.0021699259523302317,0.16101008653640747,0.2533031105995178,-1.091623788446629,1.294242716459073,-1.1178556487252516
-0.0016644906718283892,-0.0014831331791356206,-0.006838531233370304,-0.8031914234161377,0.39390307664871216,0.022320717573165894,0.09913928806781769,0.10983392596244812,0.10560353100299835,0.007192754652351141,0.8948599696159363,0.1817806214094162,-1.488431951224707,1.3606611508833715,-1.056232073448395,-0.001117291278205812,0.0005265581421554089,-0.0023250526282936335,-0.16749827563762665,0.030429823324084282,0.10034310817718506,-0.23716731369495392,-0.24995478987693787,0.34749555587768555,0.0026327690575271845,0.1976117044687271,0.4893657863140106,-0.15089409284307143,0.7453849380860051,-1.3653668116364646,-0.0009304156992584467,-0.003847380168735981,-0.0008644805056974292,0.2121216207742691,0.5846571326255798,-0.07476244121789932,-0.38756319880485535,0.0464642271399498,0.3525564968585968,0.004051584284752607,0.626425564289093,0.525985062122345,-0.13721023970832574,0.3782764183445569,0.1747886356236276,-0.0019061772618442774,5.276920273900032e-05,-0.0007516519981436431,0.005548563785851002,0.14498594403266907,-0.02803795039653778,0.04760747030377388,-0.19382496178150177,0.17973728477954865,0.002049701754003763,0.1477763056755066,0.268589049577713,-1.091623788446629,1.294242716459073,-1.1178556487252516
-0.0016447256784886122,-0.0015788449672982097,-0.006791254505515099,-0.808112621307373,0.38313645124435425,0.020469844341278076,0.09110746532678604,0.12146340310573578,0.11053802073001862,0.007163729052990675,0.8945717215538025,0.18780995905399323,-1.4897141099509859,1.3606985870740593,-1.0573894317361425,-0.0010892993304878473,0.0005241791950538754,-0.0022711881902068853,-0.14808225631713867,0.024612510576844215,0.10031792521476746,-0.21644750237464905,-0.21659815311431885,0.31890371441841125,0.0025728647597134113,0.18054865300655365,0.4421129524707794,-0.15089409284307143,0.7453849380860051,-1.3653668116364646,-0.0011205410119146109,-0.003726547583937645,-0.0007628680905327201,0.20118720829486847,0.5567741394042969,-0.08759956061840057,-0.3856835663318634,0.046488262712955475,0.3475809693336487,0.003965442534536123,0.5984541773796082,0.5212729573249817,-0.13721023970832574,0.3782764183445569,0.1747886356236276,-0.001765594119206071,-5.1152070227544755e-05,-0.0007257150718942285,0.006095185875892639,0.1331918090581894,-0.03100505843758583,0.046359214931726456,-0.20275568962097168,0.1997278332710266,0.0019096077885478735,0.13688871264457703,0.28835785388946533,-1.091623788446629,1.294242716459073,-1.1178556487252516
-0.0015274384059011936,-0.0016711577773094177,-0.0067757610231637955,-0.8135507702827454,0.37113556265830994,0.016810119152069092,0.086588054895401,0.1291246861219406,0.11456974595785141,0.0071440027095377445,0.8943651914596558,0.19312405586242676,-1.4897141099509859,1.3606985870740593,-1.0573894317361425,-0.0011062819976359606,0.0005296015879139304,-0.0022836741991341114,-0.12872502207756042,0.01968280039727688,0.09479603171348572,-0.19003324210643768,-0.17343346774578094,0.28094667196273804,0.002592200879007578,0.16107089817523956,0.3809499144554138,-0.15089409284307143,0.7453849380860051,-1.3653668116364646,-0.0012682939413934946,-0.0035036394838243723,-0.000663770770188421,0.19791492819786072,0.532719075679779,-0.09487763047218323,-0.3813716769218445,0.04461903125047684,0.3369934558868408,0.0037847920320928097,0.5761611461639404,0.5108813643455505,-0.13721023970832574,0.3782764183445569,0.1747886356236276,-0.0015912525122985244,-7.10506210452877e-05,-0.0007526501431129873,0.006732776761054993,0.1259860396385193,-0.037115320563316345,0.04499494284391403,-0.21316716074943542,0.2230370193719864,0.0017617079429328442,0.13151182234287262,0.31178566813468933,-1.091623788446629,1.294242716459073,-1.1178556487252516
-0.001341385068371892,-0.0017323698848485947,-0.006791193038225174,-0.8183251619338989,0.36063799262046814,0.012028664350509644,0.08491968363523483,0.13352146744728088,0.1177813708782196,0.0071358755230903625,0.894349217414856,0.19726070761680603,-1.4897141099509859,1.3606985870740593,-1.0573894317361425,-0.0011652862885966897,0.0005364360986277461,-0.002357219811528921,-0.11168257892131805,0.01615281030535698,0.0848156288266182,-0.15807472169399261,-0.12068351358175278,0.23378212749958038,0.0026836805045604706,0.14116515219211578,0.3069303035736084,-0.15089409284307143,0.7453849380860051,-1.3653668116364646,-0.001377283944748342,-0.003199315397068858,-0.0005554822273552418,0.20123490691184998,0.5162493586540222,-0.09490826725959778,-0.37389108538627625,0.03959906846284866,0.3195567727088928,0.003527193097397685,0.5621533989906311,0.4934360682964325,-0.13721023970832574,0.3782764183445569,0.1747886356236276,-0.0014018411748111248,5.971902282908559e-06,-0.0008319247281178832,0.007332891225814819,0.1248326301574707,-0.04583244025707245,0.04370541870594025,-0.22417379915714264,0.24774309992790222,0.0016301205614581704,0.13318246603012085,0.33695799112319946,-1.091623788446629,1.294242716459073,-1.1178556487252516
-0.0011269969400018454,-0.0017415097681805491,-0.006834234111011028,-0.8215436935424805,0.3536374568939209,0.0062912702560424805,0.08518652617931366,0.1354919672012329,0.12019741535186768,0.0071421097964048386,0.8944457173347473,0.20015552639961243,-1.4897141099509859,1.3606985870740593,-1.0573894317361425,-0.0012551839463412762,0.0005367047851905227,-0.0024836943484842777,-0.09865708649158478,0.014217475429177284,0.07236915826797485,-0.12196053564548492,-0.06064515933394432,0.17946994304656982,0.002834127051755786,0.12317731976509094,0.2253035008907318,-0.15089409284307143,0.7453849380860051,-1.3653668116364646,-0.0014563205186277628,-0.0028460959438234568,-0.00043253684998489916,0.20871952176094055,0.509378969669342,-0.08640052378177643,-0.36239826679229736,0.03024260140955448,0.2936190962791443,0.003226177068427205,0.557221531867981,0.4673962891101837,-0.13721023970832574,0.3782764183445569,0.1747886356236276,-0.0012181997299194336,0.00017431689775548875,-0.000950516783632338,0.007822737097740173,0.12929169833660126,-0.056270014494657516,0.04271513223648071,-0.2346792072057724,0.2714484930038452,0.0015549530507996678,0.14122270047664642,0.3613629639148712,-1.091623788446629,1.294242716459073,-1.1178556487252516
-0.000932174501940608,-0.0016872147098183632,-0.00689735496416688,-0.8227845430374146,0.3509882092475891,-0.00031000375747680664,0.08630552142858505,0.13589000701904297,0.1216939389705658,0.007161644287407398,0.8945206999778748,0.20180225372314453,-1.4897141099509859,1.3606985870740593,-1.0573894317361425,-0.0013624734710901976,0.0005300205666571856,-0.0026517855003476143,-0.09051258862018585,0.013815224170684814,0.0594826266169548,-0.08460160344839096,0.0018460936844348907,0.12238119542598724,0.0030280721839517355,0.10918595641851425,0.1487884223461151,-0.15089409284307143,0.7453849380860051,-1.3653668116364646,-0.0015183731447905302,-0.002481591422110796,-0.00029154802905395627,0.21818560361862183,0.51188063621521,-0.0695442408323288,-0.34611013531684875,0.015554305166006088,0.2575002610683441,0.002923825057223439,0.5607701539993286,0.43167179822921753,-0.13721023970832574,0.3782764183445569,0.1747886356236276,-0.0010625742143020034,0.00041360873728990555,-0.0010876130545511842,0.00821809284389019,0.13749805092811584,-0.06754307448863983,0.04221296310424805,-0.24381399154663086,0.2922554612159729,0.001575765898451209,0.15341225266456604,0.38293662667274475,-1.091623788446629,1.294242716459073,-1.1178556487252516
-0.0007979236543178558,-0.0015690719010308385,-0.0069687142968177795,-0.8221681118011475,0.35224053263664246,-0.007656306028366089,0.08703220635652542,0.13553455471992493,0.12194855511188507,0.00718760397285223,0.8944788575172424,0.20202888548374176,-1.4897141099509859,1.3606985870740593,-1.0573894317361425,-0.001476329518482089,0.000523366266861558,-0.0028478032909333706,-0.08739196509122849,0.014713319949805737,0.04789705574512482,-0.04965445399284363,0.060706157237291336,0.06803157180547714,0.0032501453533768654,0.10073710978031158,0.10382243245840073,-0.15089409284307143,0.7453849380860051,-1.3653668116364646,-0.0015763835981488228,-0.0021403625141829252,-0.000129582331283018,0.22828933596611023,0.5218690037727356,-0.04670326039195061,-0.3245551288127899,-0.005062263458967209,0.2100585699081421,0.002661377191543579,0.5715281963348389,0.38663455843925476,-0.13721023970832574,0.3782764183445569,0.1747886356236276,-0.0009520440362393856,0.000695021590217948,-0.0012230419088155031,0.008599255234003067,0.14733794331550598,-0.07887349277734756,0.04230831563472748,-0.2511623799800873,0.3092671036720276,0.0016986095579341054,0.16734230518341064,0.4006478190422058,-1.091623788446629,1.294242716459073,-1.1178556487252516
-0.0007459751795977354,-0.001399934059008956,-0.007035837508738041,-0.8201888799667358,0.35593801736831665,-0.015758812427520752,0.08595020323991776,0.13519252836704254,0.12041225284337997,0.007212440948933363,0.8942314982414246,0.20040850341320038,-1.4897141099509859,1.3606985870740593,-1.0573894317361425,-0.0015889010392129421,0.0005260884063318372,-0.0030594775453209877,-0.08898773044347763,0.016628248617053032,0.03918285295367241,-0.019936690106987953,0.11112192273139954,0.020822804421186447,0.0034873741678893566,0.09864386171102524,0.11480044573545456,-0.15153265131218804,0.7451201336876698,-1.3652927363614258,-0.001639117719605565,-0.0018456298857927322,5.4181276937015355e-05,0.2381378561258316,0.5370091199874878,-0.02193095162510872,-0.2979229986667633,-0.03148745745420456,0.15146677196025848,0.0024690062273293734,0.5878515243530273,0.33569592237472534,-0.13721023970832574,0.3782764183445569,0.1747886356236276,-0.0008855982450768352,0.0009844291489571333,-0.001343722571618855,0.00941837951540947,0.15747001767158508,-0.08928920328617096,0.04219640791416168,-0.25680404901504517,0.3224150538444519,0.0018865247257053852,0.18126796185970306,0.4143432676792145,-1.08896914724605,1.2937929411604125,-1.1134164819181505
-0.0007737078703939915,-0.001205937471240759,-0.007091359235346317,-0.8173878192901611,0.36037373542785645,-0.024513334035873413,0.0814708024263382,0.1355781853199005,0.11630982160568237,0.00723465858027339,0.8936402797698975,0.19633367657661438,-1.4897141099509859,1.3606985870740593,-1.0573894317361425,-0.0016979327192530036,0.0005408268189057708,-0.003275674069300294,-0.09463802725076675,0.0190418753772974,0.034665610641241074,0.003128083422780037,0.15079686045646667,-0.017101291567087173,0.0037290090695023537,0.10257023572921753,0.15179568529129028,-0.15153265131218804,0.7451201336876698,-1.3652927363614258,-0.0017100343247875571,-0.0016036942834034562,0.0002537962282076478,0.24742519855499268,0.5549235939979553,0.00010694004595279694,-0.26751887798309326,-0.06245071813464165,0.08421431481838226,0.0023580638226121664,0.6075848937034607,0.28732994198799133,-0.13721023970832574,0.3782764183445569,0.1747886356236276,-0.0008541857241652906,0.001239699893631041,-0.0014373203739523888,0.01003725454211235,0.16752462089061737,-0.09764038026332855,0.04345140606164932,-0.2606787085533142,0.3320491909980774,0.0020814368035644293,0.1941620111465454,0.4243796169757843,-1.08896914724605,1.2937929411604125,-1.1134164819181505
-0.0008567329496145248,-0.001020592637360096,-0.0071336692199110985,-0.8140909671783447,0.36425966024398804,-0.03326728940010071,0.07187271118164062,0.13735279440879822,0.10868054628372192,0.007257054094225168,0.8924886584281921,0.1893223226070404,-1.4897141099509859,1.3606985870740593,-1.0573894317361425,-0.0017970234621316195,0.0005683635827153921,-0.0034837196581065655,-0.1031971126794815,0.02160455286502838,0.03472605720162392,0.019577203318476677,0.17966711521148682,-0.04549131542444229,0.003960887901484966,0.11100585013628006,0.1863679140806198,-0.15153265131218804,0.7451201336876698,-1.3652927363614258,-0.0017924554413184524,-0.0014089752221480012,0.0004539549699984491,0.257095068693161,0.5727064609527588,0.015231354162096977,-0.23598921298980713,-0.09531694650650024,0.013619590550661087,0.0023246898781508207,0.6279510855674744,0.25487589836120605,-0.13721023970832574,0.3782764183445569,0.1747886356236276,-0.0008306612726300955,0.001432445365935564,-0.0014915841165930033,0.010909158736467361,0.17753656208515167,-0.10258014500141144,0.04510265588760376,-0.2631828784942627,0.33873194456100464,0.0022286141756922007,0.2053312510251999,0.4313221573829651,-1.08896914724605,1.2937929411604125,-1.1134164819181505
-0.0009596520103514194,-0.0008765199454501271,-0.0071617355570197105,-0.8103885650634766,0.36668872833251953,-0.041143566370010376,0.05541498214006424,0.14110958576202393,0.09647517651319504,0.007278713863343,0.8904398083686829,0.17969472706317902,-1.4897141099509859,1.3606985870740593,-1.0573894317361425,-0.0018821037374436855,0.0006055004196241498,-0.00366238784044981,-0.11277076601982117,0.023895973339676857,0.038423795253038406,0.03027176298201084,0.198953315615654,-0.06515253335237503,0.004161974415183067,0.12150987982749939,0.21152696013450623,-0.15153265131218804,0.7451201336876698,-1.3652927363614258,-0.0018972603138536215,-0.0012589694233611226,0.000638508761767298,0.26912882924079895,0.5867506265640259,0.0207827128469944,-0.20664282143115997,-0.12678833305835724,-0.053607355803251266,0.0023648031055927277,0.6458626389503479,0.24829475581645966,-0.13721023970832574,0.3782764183445569,0.1747886356236276,-0.000794526538811624,0.0015481888549402356,-0.0014888077275827527,0.012252289801836014,0.1872086226940155,-0.10298851132392883,0.0468546524643898,-0.2646108567714691,0.34297749400138855,0.0022901331540197134,0.21401827037334442,0.43571531772613525,-1.08896914724605,1.2937929411604125,-1.1134164819181505
-0.001050444319844246,-0.0007980172522366047,-0.007171425968408585,-0.8062214851379395,0.3667897582054138,-0.04779767990112305,0.030558591708540916,0.14732979238033295,0.07872845977544785,0.007291749585419893,0.887024462223053,0.1698177456855774,-1.4897141099509859,1.3606985870740593,-1.0573894317361425,-0.0019559033680707216,0.0006518076406791806,-0.003785378998145461,-0.12072563171386719,0.025477182120084763,0.04353386536240578,0.03656291216611862,0.21056999266147614,-0.07734827697277069,0.00431039510294795,0.13083945214748383,0.22728687524795532,-0.15153265131218804,0.7451201336876698,-1.3652927363614258,-0.0020408870186656713,-0.001161671243607998,0.0008057882660068572,0.2853935956954956,0.5933261513710022,0.015980370342731476,-0.18214096128940582,-0.15423701703548431,-0.11214841902256012,0.0024827392771840096,0.6585900187492371,0.2637075185775757,-0.13721023970832574,0.3782764183445569,0.1747886356236276,-0.0007358498405665159,0.0015839141560718417,-0.0014121879357844591,0.014387954026460648,0.1957404911518097,-0.09801960736513138,0.04825244098901749,-0.26521673798561096,0.3451177179813385,0.0022460040636360645,0.21938367187976837,0.43792060017585754,-1.08896914724605,1.2937929411604125,-1.1134164819181505
-0.001108979806303978,-0.0007946515688672662,-0.0071557373739778996,-0.8014253377914429,0.3637397885322571,-0.05334728956222534,-0.0036691278219223022,0.15629813075065613,0.054827600717544556,0.007284633349627256,0.8817228078842163,0.1656762957572937,-1.4897141099509859,1.3606985870740593,-1.0573894317361425,-0.0020287625957280397,0.0007117060013115406,-0.003830869682133198,-0.12439373880624771,0.025980984792113304,0.04731258749961853,0.04005124419927597,0.21669742465019226,-0.08337056636810303,0.00439294520765543,0.1355997622013092,0.2356109619140625,-0.15153265131218804,0.7451201336876698,-1.3652927363614258,-0.0022348677739501,-0.0011238439474254847,0.0009725692798383534,0.3070717453956604,0.5898726582527161,0.0014165714383125305,-0.16379563510417938,-0.17639613151550293,-0.15951526165008545,0.0026839429046958685,0.6650148630142212,0.2887727916240692,-0.13721023970832574,0.3782764183445569,0.1747886356236276,-0.000651206006295979,0.0015451638028025627,-0.001253537368029356,0.017651392146945,0.20243409276008606,-0.08689209818840027,0.048649370670318604,-0.2651810050010681,0.3452093005180359,0.0020935512147843838,0.22100083529949188,0.43801504373550415,-1.08896914724605,1.2937929411604125,-1.1134164819181505
-0.0011265729553997517,-0.0008596631814725697,-0.0071067120879888535,-0.7958319783210754,0.3569219410419464,-0.05752071738243103,-0.04713820666074753,0.16796818375587463,0.024894272908568382,0.0072466228157281876,0.8740997910499573,0.17622442543506622,-1.4897141099509859,1.3606985870740593,-1.0573894317361425,-0.0021132242400199175,0.0007921033538877964,-0.00378662021830678,-0.12233909964561462,0.025297200307250023,0.0477311797440052,0.04243680089712143,0.21951255202293396,-0.08426836878061295,0.004408132750540972,0.1337350755929947,0.23893053829669952,-0.15153265131218804,0.7451201336876698,-1.3652927363614258,-0.00249021896161139,-0.0011397171765565872,0.0011481076944619417,0.3349558115005493,0.5760641098022461,-0.017549216747283936,-0.15100523829460144,-0.19224688410758972,-0.19697457551956177,0.002969561843201518,0.6665982604026794,0.31394335627555847,-0.1359499330381736,0.37452363830220287,0.17973086603785074,-0.0005398803041316569,0.0014469828456640244,-0.0010243926662951708,0.022286415100097656,0.2072439342737198,-0.06877300143241882,0.04718434065580368,-0.2645963728427887,0.3429873585700989,0.001853270223364234,0.2194913625717163,0.4357498586177826,-1.08896914724605,1.2937929411604125,-1.1134164819181505
-0.0011051958426833153,-0.000975548755377531,-0.007021463010460138,-0.7894113063812256,0.34597474336624146,-0.05929073691368103,-0.09789320826530457,0.1817731410264969,-0.009711012244224548,0.007174544967710972,0.8639352321624756,0.206685408949852,-1.4897141099509859,1.3606985870740593,-1.0573894317361425,-0.0022151500452309847,0.0009020273573696613,-0.0036513260565698147,-0.11513214558362961,0.023657629266381264,0.04440852254629135,0.045427240431308746,0.22103647887706757,-0.08070908486843109,0.004364942666143179,0.12564717233181,0.23965542018413544,-0.15153265131218804,0.7451201336876698,-1.3652927363614258,-0.002798381494358182,-0.0011813822202384472,0.001385239651426673,0.3666396141052246,0.5539906024932861,-0.045553967356681824,-0.14451663196086884,-0.20396065711975098,-0.22282129526138306,0.003338486421853304,0.6658868789672852,0.33486464619636536,-0.1359499330381736,0.37452363830220287,0.17973086603785074,-0.00040544223156757653,0.0013078496558591723,-0.0007588968146592379,0.028406484052538872,0.21034254133701324,-0.043195366859436035,0.04278255254030228,-0.2634672522544861,0.3378669023513794,0.0015654962044209242,0.21660275757312775,0.4305802881717682,-1.08896914724605,1.2937929411604125,-1.1134164819181505
-0.0010602627880871296,-0.0011218495201319456,-0.006910854950547218,-0.782310962677002,0.3309497535228729,-0.05745804309844971,-0.1517876535654068,0.19653289020061493,-0.046135064214468,0.007081145420670509,0.851375162601471,0.2525729835033417,-1.4897141099509859,1.3606985870740593,-1.0573894317361425,-0.0023244526237249374,0.001049150712788105,-0.0034390443470329046,-0.10456524789333344,0.021406015381217003,0.03857509791851044,0.05066927522420883,0.22305339574813843,-0.0729525089263916,0.004281450994312763,0.11349073052406311,0.24008803069591522,-0.15153265131218804,0.7451201336876698,-1.3652927363614258,-0.003151457291096449,-0.0012298825895413756,0.0016884258948266506,0.3977632522583008,0.5256926417350769,-0.07458408176898956,-0.14256682991981506,-0.21160873770713806,-0.24016745388507843,0.003780883038416505,0.6634238362312317,0.35040542483329773,-0.1359499330381736,0.37452363830220287,0.17973086603785074,-0.0002589391078799963,0.0011381498770788312,-0.00049577746540308,0.03599439933896065,0.21105904877185822,-0.010946966707706451,0.034197814762592316,-0.2617219388484955,0.3289952874183655,0.0012681600637733936,0.214385986328125,0.4217887818813324,-1.08896914724605,1.2937929411604125,-1.1134164819181505
-0.0010166154243052006,-0.001278865267522633,-0.006798499263823032,-0.7748768329620361,0.3126067519187927,-0.051379770040512085,-0.2035885602235794,0.2107665091753006,-0.08079086244106293,0.006992037873715162,0.8371362090110779,0.3039703667163849,-1.4897141099509859,1.3606985870740593,-1.0573894317361425,-0.002413146896287799,0.0012250107247382402,-0.003174146171659231,-0.09226072579622269,0.018679561093449593,0.032442595809698105,0.059668030589818954,0.2270594835281372,-0.060923315584659576,0.004171227104961872,0.0995665043592453,0.24254471063613892,-0.15153265131218804,0.7451201336876698,-1.3652927363614258,-0.0035162055864930153,-0.0012748956214636564,0.002062135608866811,0.42284736037254333,0.49215197563171387,-0.09991832077503204,-0.14361819624900818,-0.21604150533676147,-0.2506811022758484,0.004271002486348152,0.6565037369728088,0.36075079441070557,-0.1359499330381736,0.37452363830220287,0.17973086603785074,-0.00012157911260146648,0.0009367023012600839,-0.00025996152544394135,0.044804349541664124,0.2076837569475174,0.025183815509080887,0.020118996500968933,-0.2592375874519348,0.31537026166915894,0.0009796798694878817,0.213949054479599,0.4087386727333069,-1.08896914724605,1.2937929411604125,-1.1134164819181505
-0.0009950138628482819,-0.0014287714147940278,-0.006709583103656769,-0.7677963972091675,0.29268985986709595,-0.041173696517944336,-0.24909266829490662,0.2232840359210968,-0.11081598699092865,0.006931806914508343,0.8227235078811646,0.3523962199687958,-1.4897141099509859,1.3606985870740593,-1.0573894317361425,-0.0024403254501521587,0.0013908847467973828,-0.0028739143162965775,-0.07939207553863525,0.015414376743137836,0.0286408718675375,0.07366015017032623,0.23420457541942596,-0.04437611997127533,0.004018598236143589,0.0857962965965271,0.24949316680431366,-0.15153265131218804,0.7451201336876698,-1.3652927363614258,-0.0038509503938257694,-0.0013245925074443221,0.002480644965544343,0.43795904517173767,0.4525795578956604,-0.11772051453590393,-0.14581796526908875,-0.21797922253608704,-0.2556234896183014,0.004768433980643749,0.6406984329223633,0.36622560024261475,-0.1359499330381736,0.37452363830220287,0.17973086603785074,-1.8794062270899303e-05,0.0006992155686020851,-6.519065937027335e-05,0.05404156073927879,0.1987810581922531,0.060661762952804565,-0.0006346851587295532,-0.2558780908584595,0.29603803157806396,0.0007024994702078402,0.2147422879934311,0.3912959396839142,-1.08896914724605,1.2937929411604125,-1.1134164819181505
-0.0010031810961663723,-0.001561212819069624,-0.006664194632321596,-0.7623535990715027,0.27411600947380066,-0.027643293142318726,-0.2862095236778259,0.23349009454250336,-0.13483044505119324,0.006917748600244522,0.8106088638305664,0.3932082951068878,-1.4897141099509859,1.3606985870740593,-1.0573894317361425,-0.002365323482081294,0.0014848931459710002,-0.0025479248724877834,-0.06709294021129608,0.011578243225812912,0.029523998498916626,0.09341035038232803,0.2451949119567871,-0.02315247803926468,0.0037804211024194956,0.07421040534973145,0.2634047865867615,-0.15153265131218804,0.7451201336876698,-1.3652927363614258,-0.004117313306778669,-0.001399493427015841,0.002881340915337205,0.44043707847595215,0.40692126750946045,-0.12594281136989594,-0.1469956934452057,-0.2179105281829834,-0.25561344623565674,0.005216605961322784,0.6127245426177979,0.36664828658103943,-0.1359499330381736,0.37452363830220287,0.17973086603785074,3.627988189691678e-05,0.00042684952495619655,7.571228343294933e-05,0.06188170239329338,0.18454664945602417,0.09056036919355392,-0.028802983462810516,-0.25154855847358704,0.2703913748264313,0.0004350277013145387,0.21468113362789154,0.3704291880130768,-1.08896914724605,1.2937929411604125,-1.1134164819181505
-0.0010403264313936234,-0.0016788521315902472,-0.006675626616925001,-0.7603535652160645,0.26094067096710205,-0.012165725231170654,-0.3145301342010498,0.24132932722568512,-0.15264175832271576,0.0069616674445569515,0.8039748072624207,0.4248158931732178,-1.4906988778730481,1.3606620081271985,-1.058189265658651,-0.0021705010440200567,0.0014517363160848618,-0.002216645749285817,-0.056593384593725204,0.007354367058724165,0.03626914322376251,0.11890724301338196,0.260134756565094,0.0024672746658325195,0.003425220027565956,0.06761914491653442,0.28603339195251465,-0.15153265131218804,0.7451201336876698,-1.3652927363614258,-0.004289495758712292,-0.001512417453341186,0.003185730427503586,0.4287467896938324,0.3586735427379608,-0.1249455064535141,-0.1446394920349121,-0.21604615449905396,-0.2505158483982086,0.005553022492676973,0.5727843642234802,0.361046701669693,-0.1359499330381736,0.37452363830220287,0.17973086603785074,5.261746991891414e-05,0.0001265679020434618,0.00014959316467866302,0.06545551121234894,0.16677513718605042,0.11095236986875534,-0.06423798203468323,-0.2462669461965561,0.23858557641506195,0.00020289441454224288,0.21073395013809204,0.34885096549987793,-1.08896914724605,1.2937929411604125,-1.1134164819181505
-0.0010979913640767336,-0.0017908832523971796,-0.006744873709976673,-0.7634294033050537,0.25641772150993347,0.002884119749069214,-0.3346427083015442,0.24685069918632507,-0.16489319503307343,0.007064429577440023,0.8053464293479919,0.44733741879463196,-1.4906988778730481,1.3606620081271985,-1.058189265658651,-0.0018689068965613842,0.0012734562624245882,-0.0019160390365868807,-0.04921642318367958,0.0032156147062778473,0.048401184380054474,0.14894558489322662,0.2782926559448242,0.03131796419620514,0.0029640698339790106,0.06910333782434464,0.3171945810317993,-0.15153265131218804,0.7451201336876698,-1.3652927363614258,-0.0043610818684101105,-0.0016599600203335285,0.003338322974741459,0.4035192131996155,0.3136020600795746,-0.11693333089351654,-0.13589780032634735,-0.2123183161020279,-0.23944364488124847,0.005737499799579382,0.5242589116096497,0.3476787805557251,-0.1359499330381736,0.37452363830220287,0.17973086603785074,5.2212923037586734e-05,-0.00018855974485632032,0.00015144881035666913,0.062173306941986084,0.14808820188045502,0.1193636879324913,-0.10530932247638702,-0.24025560915470123,0.202079176902771,0.0002474221109878272,0.20010827481746674,0.3311326205730438,-1.08896914724605,1.2937929411604125,-1.1134164819181505
-0.0011724215000867844,-0.0019001434557139874,-0.006851858459413052,-0.771466851234436,0.261821448802948,0.014935135841369629,-0.3473800718784332,0.2503662705421448,-0.17245358228683472,0.007206460926681757,0.8148218393325806,0.4616236686706543,-1.4906988778730481,1.3606620081271985,-1.058189265658651,-0.00149236258585006,0.0009763572597876191,-0.0016842391341924667,-0.04604899510741234,-0.0001730639487504959,0.06378442794084549,0.1809285581111908,0.29800283908843994,0.06111063063144684,0.002452973974868655,0.07867015898227692,0.3539425730705261,-0.15153265131218804,0.7451201336876698,-1.3652927363614258,-0.004338590428233147,-0.001826857915148139,0.0033284041564911604,0.36753615736961365,0.27685150504112244,-0.10416759550571442,-0.11765941977500916,-0.20642083883285522,-0.2208748310804367,0.005765331909060478,0.4717843532562256,0.32440558075904846,-0.1359499330381736,0.37452363830220287,0.17973086603785074,5.080716800875962e-05,-0.0004944606916978955,9.453426173422486e-05,0.05165637657046318,0.1313229203224182,0.11445131152868271,-0.1486075520515442,-0.23398849368095398,0.16390636563301086,0.0005059738177806139,0.1816953420639038,0.32202503085136414,-1.08896914724605,1.2937929411604125,-1.1134164819181505
-0.0012631723657250404,-0.0019948212429881096,-0.006963151972740889,-0.7826522588729858,0.2751210629940033,0.021234214305877686,-0.3534846603870392,0.25212016701698303,-0.17629477381706238,0.007352577988058329,0.8298717141151428,0.4686105251312256,-1.4906988778730481,1.3606620081271985,-1.058189265658651,-0.0010883042123168707,0.0006150840781629086,-0.0015505701303482056,-0.04723038896918297,-0.0021713338792324066,0.07864083349704742,0.2115756869316101,0.3171377182006836,0.08901013433933258,0.001991733442991972,0.09175948798656464,0.3914887011051178,-0.15153265131218804,0.7451201336876698,-1.3652927363614258,-0.004237188491970301,-0.0019820830784738064,0.003186175599694252,0.32556164264678955,0.2519834339618683,-0.08818128705024719,-0.08677132427692413,-0.19789108633995056,-0.1929030567407608,0.005659870803356171,0.421024888753891,0.28965795040130615,-0.1359499330381736,0.37452363830220287,0.17973086603785074,4.6305129217216745e-05,-0.0007558835204690695,7.499866114812903e-06,0.036179859191179276,0.11889335513114929,0.09580591320991516,-0.18985305726528168,-0.22806385159492493,0.1278766393661499,0.0007573377224616706,0.15691840648651123,0.3231249749660492,-1.08896914724605,1.2937929411604125,-1.1134164819181505
-0.0013748633209615946,-0.002053156029433012,-0.007052755448967218,-0.7945601344108582,0.29260849952697754,0.01986098289489746,-0.35330572724342346,0.25226283073425293,-0.17728622257709503,0.007473089266568422,0.8469592332839966,0.4689263105392456,-1.4906988778730481,1.3606620081271985,-1.058189265658651,-0.0007190173491835594,0.0002549164346419275,-0.0015313911717385054,-0.051646921783685684,-0.0023550502955913544,0.08817977458238602,0.2382550835609436,0.333972305059433,0.11278045177459717,0.0017108849715441465,0.10221850872039795,0.42546728253364563,-0.15153265131218804,0.7451201336876698,-1.3652927363614258,-0.004085045773535967,-0.0020758071914315224,0.002972513670101762,0.28479644656181335,0.2406885027885437,-0.07054581493139267,-0.04045799374580383,-0.18624000251293182,-0.15365050733089447,0.005461905617266893,0.3794952929019928,0.2448074072599411,-0.1359499330381736,0.37452363830220287,0.17973086603785074,2.5691268092487007e-05,-0.0009345636935904622,-8.358166815014556e-05,0.01929781585931778,0.11223823577165604,0.0645778477191925,-0.22563862800598145,-0.22295637428760529,0.09703107178211212,0.0009386454476043582,0.13092030584812164,0.3317188024520874,-1.08896914724605,1.2937929411604125,-1.1134164819181505
-0.0015087274368852377,-0.002053997479379177,-0.007116222754120827,-0.8051427602767944,0.3109338581562042,0.010429292917251587,-0.34666651487350464,0.25081250071525574,-0.17610466480255127,0.007558821700513363,0.8631590604782104,0.46270662546157837,-1.4906988778730481,1.3606620081271985,-1.058189265658651,-0.00044233602238819003,-4.3985608499497175e-05,-0.0016291514039039612,-0.057358600199222565,-0.0007109809666872025,0.08863720297813416,0.25967884063720703,0.347636342048645,0.13138163089752197,0.0016887066885828972,0.105579674243927,0.45337098836898804,-0.15153265131218804,0.7451201336876698,-1.3652927363614258,-0.003914946690201759,-0.002057621954008937,0.002763780765235424,0.25334984064102173,0.24276970326900482,-0.053177520632743835,0.022995734587311745,-0.17113745212554932,-0.10187973082065582,0.005215275567024946,0.3548959493637085,0.20049017667770386,-0.1359499330381736,0.37452363830220287,0.17973086603785074,-1.900397182907909e-05,-0.0009999214671552181,-0.00016821257304400206,0.0043039582669734955,0.1118229478597641,0.024267632514238358,-0.25433486700057983,-0.21888810396194458,0.07283180207014084,0.001014149747788906,0.11450682580471039,0.34336963295936584,-1.08896914724605,1.2937929411604125,-1.1134164819181505
-0.0016558850184082985,-0.0019840849563479424,-0.0071629127487540245,-0.8129011988639832,0.32804426550865173,-0.005908876657485962,-0.33286988735198975,0.24765165150165558,-0.17320573329925537,0.00761484494432807,0.8766164183616638,0.44959306716918945,-1.4906988778730481,1.3606620081271985,-1.058189265658651,-0.00028948177350685,-0.00024536781711503863,-0.0018322528339922428,-0.06252386420965195,0.0023101307451725006,0.0795087069272995,0.2757657766342163,0.3579212725162506,0.1447470486164093,0.00187113753054291,0.10117413103580475,0.47445347905158997,-0.1518806424405824,0.7450465838856715,-1.3654231056111776,-0.0037474478594958782,-0.001902504824101925,0.0026242875028401613,0.23640750348567963,0.25695571303367615,-0.03749309852719307,0.10324649512767792,-0.15266230702400208,-0.03783721849322319,0.004954773001372814,0.351170152425766,0.1881416290998459,-0.1359499330381736,0.37452363830220287,0.17973086603785074,-8.557585533708334e-05,-0.0009381709969602525,-0.0002456837391946465,-0.0063173058442771435,0.11735142767429352,-0.019671332091093063,-0.27608153223991394,-0.21556083858013153,0.05515303462743759,0.000973575166426599,0.11915631592273712,0.35458335280418396,-1.0869619794469103,1.2931141732473297,-1.110196893542174
-0.0018005643505603075,-0.0018413964426144958,-0.0072004422545433044,-0.8167809247970581,0.34283775091171265,-0.02686026692390442,-0.3108461797237396,0.24255934357643127,-0.16884435713291168,0.007647165562957525,0.8862224817276001,0.4289158582687378,-1.4906988778730481,1.3606620081271985,-1.058189265658651,-0.0002623584005050361,-0.00034444930497556925,-0.002111585810780525,-0.06643751263618469,0.005991225130856037,0.06369397789239883,0.2868531048297882,0.3652154803276062,0.15347740054130554,0.002155521186068654,0.0922321006655693,0.48910364508628845,-0.1518806424405824,0.7450465838856715,-1.3654231056111776,-0.003593382891267538,-0.0016206614673137665,0.0025828913785517216,0.2335052341222763,0.28145042061805725,-0.02367197535932064,0.19655342400074005,-0.13162130117416382,0.035653725266456604,0.004712777677923441,0.3664688169956207,0.23922500014305115,-0.1359499330381736,0.37452363830220287,0.17973086603785074,-0.0001637996465433389,-0.0007568488945253193,-0.00031354487873613834,-0.011606825515627861,0.12755879759788513,-0.06103435158729553,-0.2909846603870392,-0.21347256004810333,0.043818891048431396,0.0008354405872523785,0.14188429713249207,0.3635418713092804,-1.0869619794469103,1.2931141732473297,-1.110196893542174
-0.001926617929711938,-0.0016375575214624405,-0.007230888120830059,-0.8161500096321106,0.3546944558620453,-0.0495527982711792,-0.2794564664363861,0.23528015613555908,-0.16313320398330688,0.007660234812647104,0.8912712335586548,0.4000813961029053,-1.4906988778730481,1.3606620081271985,-1.058189265658651,-0.0003443402238190174,-0.0003548995591700077,-0.0024167713709175587,-0.06984061747789383,0.00991661474108696,0.04536622762680054,0.29385507106781006,0.36995163559913635,0.15842106938362122,0.002466841833665967,0.0838698148727417,0.4983094036579132,-0.1518806424405824,0.7450465838856715,-1.3654231056111776,-0.0034750697668641806,-0.001252062153071165,0.002638450590893626,0.23933391273021698,0.31386831402778625,-0.010828916914761066,0.29511550068855286,-0.10971251875162125,0.11263922601938248,0.004539294168353081,0.3948560655117035,0.33439138531684875,-0.1359499330381736,0.37452363830220287,0.17973086603785074,-0.0002448143786750734,-0.0004833014099858701,-0.000365148443961516,-0.01158236525952816,0.1399276852607727,-0.09424663335084915,-0.30047935247421265,-0.21216243505477905,0.03746946156024933,0.0006533358828164637,0.16910451650619507,0.369735985994339,-1.0869619794469103,1.2931141732473297,-1.110196893542174
-0.0020193480886518955,-0.0013996774796396494,-0.00725567527115345,-0.8110172748565674,0.36364638805389404,-0.07113617658615112,-0.23797063529491425,0.22563470900058746,-0.15613394975662231,0.007660397328436375,0.8916546702384949,0.3632063567638397,-1.4906988778730481,1.3606620081271985,-1.058189265658651,-0.0005065868608653545,-0.00028986611869186163,-0.0026849752757698298,-0.07398286461830139,0.013923394493758678,0.027928754687309265,0.29768648743629456,0.3726649284362793,0.16056706011295319,0.002747679827734828,0.08029533177614212,0.5032674670219421,-0.1518806424405824,0.7450465838856715,-1.3654231056111776,-0.003431708784773946,-0.0008566127507947385,0.0027855848893523216,0.24712136387825012,0.3508482873439789,0.0020542191341519356,0.3891621530056,-0.08907774835824966,0.18562805652618408,0.004502209834754467,0.4291476309299469,0.44027239084243774,-0.1359499330381736,0.37452363830220287,0.17973086603785074,-0.0003166766546200961,-0.0001605809957254678,-0.0003964484785683453,-0.007721904665231705,0.151119664311409,-0.11557501554489136,-0.305761456489563,-0.21144825220108032,0.03479240834712982,0.0005322046345099807,0.19040578603744507,0.3733777403831482,-1.0869619794469103,1.2931141732473297,-1.110196893542174
-0.0020643617026507854,-0.0011680549941956997,-0.007276293821632862,-0.8024100065231323,0.37049245834350586,-0.08915883302688599,-0.1867392659187317,0.2136755883693695,-0.14797736704349518,0.007653129752725363,0.8882994055747986,0.3200407922267914,-1.4906988778730481,1.3606620081271985,-1.058189265658651,-0.0007068535196594894,-0.00016249646432697773,-0.0028646052815020084,-0.0795041024684906,0.017852069810032845,0.013604440726339817,0.2991878092288971,0.37383368611335754,0.16090814769268036,0.0029549975879490376,0.08261161297559738,0.5051300525665283,-0.1518806424405824,0.7450465838856715,-1.3654231056111776,-0.0034942475613206625,-0.000502239097841084,0.003021378070116043,0.2514879107475281,0.38785767555236816,0.015078973025083542,0.4709455966949463,-0.07143095880746841,0.2486705631017685,0.004646582994610071,0.4625009298324585,0.5373352766036987,-0.1359499330381736,0.37452363830220287,0.17973086603785074,-0.0003652441664598882,0.0001590178144397214,-0.00040659308433532715,-0.002341523766517639,0.15824653208255768,-0.12446913123130798,-0.3078921437263489,-0.21116477251052856,0.03443428874015808,0.0005692169070243835,0.2013455033302307,0.37493181228637695,-1.0869619794469103,1.2931141732473297,-1.110196893542174
-0.0020515769720077515,-0.000986860366538167,-0.007290051784366369,-0.7922418117523193,0.3763681650161743,-0.10174298286437988,-0.12806759774684906,0.19989092648029327,-0.13901008665561676,0.007637258619070053,0.8829789161682129,0.2751027047634125,-1.4906988778730481,1.3606620081271985,-1.058189265658651,-0.0008974538650363684,2.573942765593529e-07,-0.0029335077852010727,-0.08612988144159317,0.021381445229053497,0.003900631330907345,0.29903489351272583,0.3738166093826294,0.1603851169347763,0.003067717654630542,0.08882982283830643,0.504860520362854,-0.1518806424405824,0.7450465838856715,-1.3654231056111776,-0.003661688882857561,-0.00024589328677393496,0.003325614146888256,0.24911443889141083,0.4200775623321533,0.027010273188352585,0.5368151664733887,-0.05760174244642258,0.29896217584609985,0.004952589049935341,0.48913466930389404,0.6171441078186035,-0.1359499330381736,0.37452363830220287,0.17973086603785074,-0.00037803614395670593,0.0004251603386364877,-0.0003927494108211249,0.0023077577352523804,0.1600106954574585,-0.12341216206550598,-0.30767473578453064,-0.21118055284023285,0.035071492195129395,0.0006913210381753743,0.2020873874425888,0.374821275472641,-1.0869619794469103,1.2931141732473297,-1.110196893542174
-0.001982630230486393,-0.0008912256453186274,-0.007289441768079996,-0.7825160026550293,0.3821851313114166,-0.1078641414642334,-0.06666871160268784,0.18531188368797302,-0.12987865507602692,0.007606646046042442,0.8775143027305603,0.2359103113412857,-1.4906988778730481,1.3606620081271985,-1.058189265658651,-0.001043285126797855,0.00015763146802783012,-0.0028957072645425797,-0.09307833760976791,0.02416170947253704,-0.00045869871973991394,0.2977001965045929,0.3728247582912445,0.15986955165863037,0.0030819494277238846,0.09616431593894958,0.5031719207763672,-0.1518806424405824,0.7450465838856715,-1.3654231056111776,-0.003919277805835009,-0.00012535895803011954,0.0036411762703210115,0.238411545753479,0.4436143934726715,0.03789478912949562,0.5855453610420227,-0.04842158779501915,0.3379018008708954,0.005351132247596979,0.5050444006919861,0.6777799129486084,-0.134092945504513,0.37199758339070815,0.18343407021179295,-0.0003479028237052262,0.0006007177289575338,-0.0003508081135805696,0.004703797399997711,0.15707503259181976,-0.11605686694383621,-0.30560123920440674,-0.2114054560661316,0.035431891679763794,0.000777794630266726,0.19535580277442932,0.37328246235847473,-1.0869619794469103,1.2931141732473297,-1.110196893542174
-0.0018697644118219614,-0.0008961671264842153,-0.0072676995769143105,-0.7746385931968689,0.38828739523887634,-0.10785999894142151,-0.008428409695625305,0.17123204469680786,-0.12137320637702942,0.00755768408998847,0.8731928467750549,0.21005453169345856,-1.4906988778730481,1.3606620081271985,-1.058189265658651,-0.0011314388830214739,0.0002737686736509204,-0.0027684341184794903,-0.09942448884248734,0.02600250393152237,-2.853013575077057e-05,0.2954510450363159,0.37091922760009766,0.16016550362110138,0.003003220073878765,0.10276848077774048,0.5005251169204712,-0.1518806424405824,0.7450465838856715,-1.3654231056111776,-0.004218646325170994,-0.00010154573828913271,0.0039445445872843266,0.22120296955108643,0.4559105634689331,0.042009200900793076,0.6207687854766846,-0.042115774005651474,0.36378979682922363,0.005776393227279186,0.5084781050682068,0.7207431197166443,-0.134092945504513,0.37199758339070815,0.18343407021179295,-0.0002738917828537524,0.0006673728348687291,-0.0002813473402056843,0.0043614767491817474,0.15166912972927094,-0.10564321279525757,-0.3018517792224884,-0.2117912322282791,0.03429467976093292,0.0007743122987449169,0.18488654494285583,0.3703324794769287,-1.0869619794469103,1.2931141732473297,-1.110196893542174
-0.001727306516841054,-0.0009905811166390777,-0.007223100401461124,-0.769321858882904,0.3944779336452484,-0.1036558449268341,0.04199787229299545,0.15866006910800934,-0.11410351097583771,0.00749253062531352,0.8707545399665833,0.1998910903930664,-1.4906988778730481,1.3606620081271985,-1.058189265658651,-0.001167031703516841,0.0003355368971824646,-0.002575094345957041,-0.10418101400136948,0.02688274160027504,0.0034485487267374992,0.29237493872642517,0.3680317997932434,0.1620122790336609,0.0028470437973737717,0.10764876753091812,0.49717047810554504,-0.1518806424405824,0.7450465838856715,-1.3654231056111776,-0.004545699805021286,-0.0001475991157349199,0.004202903714030981,0.20026236772537231,0.45618095993995667,0.04128643125295639,0.6443190574645996,-0.038750894367694855,0.3801532983779907,0.006192703265696764,0.4999106526374817,0.7491096258163452,-0.134092945504513,0.37199758339070815,0.18343407021179295,-0.00016096894978545606,0.0006292017642408609,-0.00018943293252959847,0.0017753727734088898,0.1464940309524536,-0.09466752409934998,-0.29633647203445435,-0.21232718229293823,0.03049589693546295,0.0006765283760614693,0.17442934215068817,0.36582526564598083,-1.0869619794469103,1.2931141732473297,-1.110196893542174
-0.0015691323205828667,-0.0011391426669433713,-0.007157596759498119,-0.7667626142501831,0.4002361297607422,-0.09799224138259888,0.08242856711149216,0.14804573357105255,-0.10833308845758438,0.007415592670440674,0.8704690337181091,0.20111703872680664,-1.4906988778730481,1.3606620081271985,-1.058189265658651,-0.0011674327543005347,0.0003537693992257118,-0.0023422110825777054,-0.1064499095082283,0.02687084674835205,0.00783427245914936,0.28842636942863464,0.3640057146549225,0.1660698652267456,0.002640834078192711,0.11006816476583481,0.4932232201099396,-0.1518806424405824,0.7450465838856715,-1.3654231056111776,-0.00487589742988348,-0.00021778095106128603,0.004420544486492872,0.17882204055786133,0.4452911913394928,0.03702371567487717,0.6590532064437866,-0.037651628255844116,0.3892853856086731,0.006585060153156519,0.48128196597099304,0.766362726688385,-0.134092945504513,0.37199758339070815,0.18343407021179295,-1.8281749362358823e-05,0.0005139379063621163,-8.078884275164455e-05,-0.0019483156502246857,0.14350226521492004,-0.08496375381946564,-0.288775771856308,-0.21303226053714752,0.02296443283557892,0.0005205700872465968,0.16677990555763245,0.3595852553844452,-1.0869619794469103,1.2931141732473297,-1.110196893542174
-0.001415938837453723,-0.0012966867070645094,-0.007075309753417969,-0.7668088674545288,0.40467703342437744,-0.09289264678955078,0.11268039792776108,0.1393677443265915,-0.10413118451833725,0.007331185974180698,0.8720024824142456,0.20727649331092834,-1.4924469566859353,1.360360185499419,-1.0599897428397567,-0.001159135950729251,0.00035042938543483615,-0.0020970716141164303,-0.10571559518575668,0.02609764225780964,0.01132276188582182,0.28349223732948303,0.35865867137908936,0.1728733479976654,0.0024215916637331247,0.10947638750076294,0.48876282572746277,-0.1518806424405824,0.7450465838856715,-1.3654231056111776,-0.005188740789890289,-0.0002721327473409474,0.004608100280165672,0.15901093184947968,0.42476141452789307,0.0311187244951725,0.6674633026123047,-0.038129135966300964,0.39328715205192566,0.006944902706891298,0.45461535453796387,0.7756519317626953,-0.134092945504513,0.37199758339070815,0.18343407021179295,0.00014270974497776479,0.00036562513560056686,3.7478697777260095e-05,-0.005474342033267021,0.14332619309425354,-0.07755443453788757,-0.27882012724876404,-0.21394339203834534,0.010814160108566284,0.00039427459705621004,0.16305537521839142,0.3516097068786621,-1.0869619794469103,1.2931141732473297,-1.110196893542174
-0.001286052167415619,-0.0014168130001053214,-0.006988523527979851,-0.768984317779541,0.4067310094833374,-0.08950543403625488,0.13386884331703186,0.13249137997627258,-0.1011577919125557,0.007245740387588739,0.8745160102844238,0.21379366517066956,-1.4924469566859353,1.360360185499419,-1.0599897428397567,-0.0011703664204105735,0.00034659053198993206,-0.0018667781259864569,-0.10210360586643219,0.024784715846180916,0.012753160670399666,0.2774766683578491,0.35186976194381714,0.18274106085300446,0.002230413258075714,0.10583984106779099,0.48394206166267395,-0.1518806424405824,0.7450465838856715,-1.3654231056111776,-0.005474240984767675,-0.0002826628042384982,0.004772132262587547,0.14180272817611694,0.3958035707473755,0.02531544864177704,0.6713384985923767,-0.039511844515800476,0.39385339617729187,0.007267768494784832,0.42119988799095154,0.7793439626693726,-0.134092945504513,0.37199758339070815,0.18343407021179295,0.00030725804390385747,0.00023157874238677323,0.0001545754203107208,-0.007624709978699684,0.14533889293670654,-0.07248663157224655,-0.2662135362625122,-0.2151002436876297,-0.006487622857093811,0.00041464416426606476,0.16259102523326874,0.3423154354095459,-1.0869619794469103,1.2931141732473297,-1.110196893542174
-0.0012028694618493319,-0.0014779841294512153,-0.006910430267453194,-0.7728813886642456,0.4053582549095154,-0.08775302767753601,0.14752259850502014,0.12715138494968414,-0.09925204515457153,0.007168359588831663,0.8771325945854187,0.21858946979045868,-1.4924469566859353,1.360360185499419,-1.0599897428397567,-0.0012189806438982487,0.00035745027707889676,-0.0016753746895119548,-0.09657891094684601,0.02326989360153675,0.01182485930621624,0.27040645480155945,0.34369397163391113,0.1956273764371872,0.0021025140304118395,0.10004399716854095,0.4790775179862976,-0.1518806424405824,0.7450465838856715,-1.3654231056111776,-0.0057267616502940655,-0.00023652889649383724,0.0049188691191375256,0.12692493200302124,0.359384149312973,0.02060839720070362,0.6715672016143799,-0.041142355650663376,0.3921692967414856,0.007552947849035263,0.3816957175731659,0.7787759304046631,-0.134092945504513,0.37199758339070815,0.18343407021179295,0.00045699483598582447,0.00014813742018304765,0.00025690291658975184,-0.007809137925505638,0.14797835052013397,-0.06904885917901993,-0.25100716948509216,-0.21652548015117645,-0.028857305645942688,0.00054478261154145,0.16348186135292053,0.33274710178375244,-1.0869619794469103,1.2931141732473297,-1.110196893542174
-0.0011773805599659681,-0.0014734872383996844,-0.006853221915662289,-0.7779788970947266,0.4003041982650757,-0.08749184012413025,0.1552761197090149,0.12323683500289917,-0.09817580878734589,0.007108026649802923,0.8792892098426819,0.22121590375900269,-1.4924469566859353,1.360360185499419,-1.0599897428397567,-0.001303770113736391,0.0003882568562403321,-0.0015389452455565333,-0.09081026911735535,0.021934062242507935,0.00930262915790081,0.2625579833984375,0.3345053195953369,0.21091443300247192,0.0020539991091936827,0.0938836857676506,0.4746739864349365,-0.1518806424405824,0.7450465838856715,-1.3654231056111776,-0.00593519164249301,-0.0001379307941533625,0.005057458765804768,0.11245990544557571,0.31688812375068665,0.01694154553115368,0.6680472493171692,-0.042355116456747055,0.3888857662677765,0.007798937149345875,0.3366783857345581,0.7741532325744629,-0.134092945504513,0.37199758339070815,0.18343407021179295,0.0005757617764174938,0.00012969020463060588,0.00033169661764986813,-0.006209397688508034,0.14922024309635162,-0.06620912998914719,-0.23382529616355896,-0.21820014715194702,-0.05522993206977844,0.000677010917570442,0.16336733102798462,0.3245549499988556,-1.0869619794469103,1.2931141732473297,-1.110196893542174
-0.0012083263136446476,-0.0014090489130467176,-0.006823957897722721,-0.7836445569992065,0.39221063256263733,-0.08835825324058533,0.15852366387844086,0.12087033689022064,-0.09773430973291397,0.007071907166391611,0.8807582855224609,0.22201663255691528,-1.4924469566859353,1.360360185499419,-1.0599897428397567,-0.001404358772560954,0.00043176207691431046,-0.0014623013557866216,-0.08643122762441635,0.021017637103796005,0.00677149835973978,0.2545246183872223,0.3250698745250702,0.22731071710586548,0.0020729126408696175,0.08920735120773315,0.4712996482849121,-0.1518806424405824,0.7450465838856715,-1.3654231056111776,-0.00608269777148962,-7.639930117875338e-06,0.005194573663175106,0.09587661176919937,0.2709980010986328,0.013704707846045494,0.6596807837486267,-0.04244901239871979,0.38414883613586426,0.007998929359018803,0.28778475522994995,0.7645593285560608,-0.134092945504513,0.37199758339070815,0.18343407021179295,0.0006564318318851292,0.00017197846318595111,0.00037137168692424893,-0.0035278555005788803,0.14715895056724548,-0.0629051998257637,-0.21600380539894104,-0.2200494110584259,-0.08338034152984619,0.0007735607796348631,0.16007894277572632,0.31942397356033325,-1.0869619794469103,1.2931141732473297,-1.110196893542174
-0.0012834167573601007,-0.0013008782407268882,-0.006824786774814129,-0.7892404794692993,0.3823190927505493,-0.08953183889389038,0.15824028849601746,0.12048956006765366,-0.09780095517635345,0.007065207697451115,0.8815239071846008,0.22163653373718262,-1.4924469566859353,1.360360185499419,-1.0599897428397567,-0.001488904352299869,0.00047277798876166344,-0.0014389504212886095,-0.08426560461521149,0.02051171287894249,0.005852933973073959,0.24705907702445984,0.3163490891456604,0.2432001531124115,0.002123895799741149,0.08692341297864914,0.4693199694156647,-0.1518806424405824,0.7450465838856715,-1.3654231056111776,-0.006155658047646284,0.00012172450078651309,0.005324802361428738,0.07616204023361206,0.22557368874549866,0.010508216917514801,0.6444612145423889,-0.04066905006766319,0.37766700983047485,0.00814005360007286,0.2383161187171936,0.7480752468109131,-0.134092945504513,0.37199758339070815,0.18343407021179295,0.0007001649937592447,0.0002657744335010648,0.00037577986950054765,-0.0005482509732246399,0.1405867338180542,-0.05811797454953194,-0.1992325782775879,-0.22197158634662628,-0.11052199453115463,0.0008379007340408862,0.15212701261043549,0.31808823347091675,-1.0869619794469103,1.2931141732473297,-1.110196893542174
-0.0013830491807311773,-0.0011735250009223819,-0.00685432692989707,-0.7942423820495605,0.37205997109413147,-0.08993873000144958,0.15490297973155975,0.12289276719093323,-0.09832797944545746,0.007090259809046984,0.8816680312156677,0.22083015739917755,-1.4924469566859353,1.360360185499419,-1.0599897428397567,-0.001527960179373622,0.0004967422573827207,-0.0014554867520928383,-0.08413618803024292,0.020218616351485252,0.007458722218871117,0.24075937271118164,0.309114545583725,0.25730079412460327,0.002167915226891637,0.0868523046374321,0.46874362230300903,-0.1518806424405824,0.7450465838856715,-1.3654231056111776,-0.006154211238026619,0.00021682275109924376,0.005428833421319723,0.05443461984395981,0.1838545948266983,0.007276675198227167,0.6196707487106323,-0.03621246665716171,0.3688148558139801,0.008209357969462872,0.1918817162513733,0.7220301628112793,-0.134092945504513,0.37199758339070815,0.18343407021179295,0.0007120271911844611,0.00040111030102707446,0.0003497496945783496,0.0021129846572875977,0.1294146031141281,-0.05083697289228439,-0.18485423922538757,-0.2238953411579132,-0.13444097340106964,0.0008889302844181657,0.13905754685401917,0.3199602961540222,-1.0869619794469103,1.2931141732473297,-1.110196893542174
-0.0014856532216072083,-0.0010546008124947548,-0.006909326650202274,-0.7982501983642578,0.3628087341785431,-0.08888906240463257,0.14849147200584412,0.12923835217952728,-0.09934566169977188,0.007145498413592577,0.8813256025314331,0.22050358355045319,-1.4924469566859353,1.360360185499419,-1.0599897428397567,-0.0015091353561729193,0.0004963314277119935,-0.001499020610935986,-0.08511412888765335,0.019862178713083267,0.011568578891456127,0.23590290546417236,0.30374085903167725,0.26900097727775574,0.0021842382848262787,0.08816321939229965,0.4693295359611511,-0.1518806424405824,0.7450465838856715,-1.3654231056111776,-0.006094738375395536,0.0002560358843766153,0.005484711844474077,0.032989323139190674,0.14706780016422272,0.0038763340562582016,0.5822315216064453,-0.028274767100811005,0.3567766547203064,0.008203258737921715,0.15077221393585205,0.6834344267845154,-0.134092945504513,0.37199758339070815,0.18343407021179295,0.0006995818694122136,0.0005586161860264838,0.0002977210679091513,0.004050786606967449,0.11477616429328918,-0.040317658334970474,-0.1734975129365921,-0.2258032262325287,-0.15407821536064148,0.0009434535750187933,0.12171889841556549,0.3237724304199219,-1.0869619794469103,1.2931141732473297,-1.110196893542174
-0.0015737409703433514,-0.0009693366591818631,-0.006985880434513092,-0.8009463548660278,0.35584425926208496,-0.08651968836784363,0.1385592222213745,0.14098185300827026,-0.1009507104754448,0.007226257584989071,0.8806962370872498,0.22195851802825928,-1.4924469566859353,1.360360185499419,-1.0599897428397567,-0.0014398718485608697,0.00047377910232171416,-0.0015639072516933084,-0.08604741096496582,0.019226621836423874,0.01755617745220661,0.23255136609077454,0.3001796305179596,0.2782730758190155,0.00217795860953629,0.08990016579627991,0.4707694351673126,-0.1522662098648932,0.7448222351026172,-1.3654250256929203,-0.005998732056468725,0.00023377654724754393,0.005480767227709293,0.01441977359354496,0.11477886140346527,-8.821394294500351e-05,0.5292633175849915,-0.016152694821357727,0.3407423794269562,0.00812885258346796,0.11568113416433334,0.6296713352203369,-0.134092945504513,0.37199758339070815,0.18343407021179295,0.0006733634509146214,0.0007027614628896117,0.00022205492132343352,0.005217619705945253,0.09878259152173996,-0.026763010770082474,-0.16516360640525818,-0.2275487184524536,-0.16956490278244019,0.0009982987539842725,0.10247673839330673,0.32834386825561523,-1.0835373010381593,1.2926511970280286,-1.1058016347276924
-0.0016392250545322895,-0.0009364250581711531,-0.007078438997268677,-0.8021520376205444,0.35226112604141235,-0.08367708325386047,0.1243736669421196,0.15972605347633362,-0.10328379273414612,0.007325861603021622,0.8800781965255737,0.2272636443376541,-1.4924469566859353,1.360360185499419,-1.0599897428397567,-0.0013372189132496715,0.00043525814544409513,-0.0016509853303432465,-0.08621302992105484,0.01813107170164585,0.024789150804281235,0.2304362654685974,0.2983922064304352,0.28526294231414795,0.002168722450733185,0.09152007102966309,0.47277238965034485,-0.1522662098648932,0.7448222351026172,-1.3654250256929203,-0.005879002157598734,0.0001562573597766459,0.005417011212557554,0.0009113270789384842,0.08596710115671158,-0.00506927166134119,0.4589051604270935,0.0005806013941764832,0.32017120718955994,0.00799569208174944,0.08612125366926193,0.5595568418502808,-0.134092945504513,0.37199758339070815,0.18343407021179295,0.0006453618407249451,0.000792762846685946,0.00012270119623281062,0.005455683916807175,0.08400608599185944,-0.01184217818081379,-0.15959221124649048,-0.22945185005664825,-0.18081434071063995,0.0010295729152858257,0.08501190692186356,0.3328838348388672,-1.0835373010381593,1.2926511970280286,-1.1058016347276924
-0.0016848368104547262,-0.0009631156572140753,-0.007175631355494261,-0.8019067049026489,0.35270923376083374,-0.08154702186584473,0.10513415932655334,0.1869557797908783,-0.10649408400058746,0.007433434948325157,0.8798341155052185,0.23947159945964813,-1.4924469566859353,1.360360185499419,-1.0599897428397567,-0.0012112323893234134,0.0003888700739480555,-0.0017613380914554,-0.08545392751693726,0.016672611236572266,0.03255493938922882,0.22936248779296875,0.29794415831565857,0.2903384566307068,0.002172697801142931,0.09295253455638885,0.4750518798828125,-0.1522662098648932,0.7448222351026172,-1.3654250256929203,-0.005741045344620943,3.3371150493621826e-05,0.005298571661114693,-0.006203177385032177,0.06000417470932007,-0.011211318895220757,0.3714563250541687,0.021814383566379547,0.29513585567474365,0.007812527008354664,0.06135693937540054,0.474932461977005,-0.134092945504513,0.37199758339070815,0.18343407021179295,0.000627505942247808,0.0007984715048223734,1.1108117178082466e-05,0.005199723411351442,0.07266511768102646,0.0019587804563343525,-0.15627457201480865,-0.23129937052726746,-0.18869870901107788,0.0010156002826988697,0.07287725061178207,0.3369396924972534,-1.0835373010381593,1.2926511970280286,-1.1058016347276924
-0.0017210622318089008,-0.0010420322651043534,-0.007257858291268349,-0.8003649711608887,0.357144832611084,-0.08130258321762085,0.08028064668178558,0.2236255407333374,-0.11068826168775558,0.007531560026109219,0.8801969289779663,0.2621168792247772,-1.4924469566859353,1.360360185499419,-1.0599897428397567,-0.001067194971255958,0.00034107413375750184,-0.0018827940803021193,-0.08372753113508224,0.015043850988149643,0.03955613821744919,0.22903214395046234,0.2983696162700653,0.29377344250679016,0.002190924482420087,0.09381526708602905,0.4772661626338959,-0.1522662098648932,0.7448222351026172,-1.3654250256929203,-0.005597283132374287,-0.00012950791278854012,0.005135912448167801,-0.006144917104393244,0.03702671825885773,-0.018314525485038757,0.27086180448532104,0.046547435224056244,0.2667580246925354,0.007597627583891153,0.04176313802599907,0.383004754781723,-0.134092945504513,0.37199758339070815,0.18343407021179295,0.0006254991749301553,0.0007154148770496249,-8.926499867811799e-05,0.004803711082786322,0.06573257595300674,0.012243353761732578,-0.15466764569282532,-0.23294952511787415,-0.19379083812236786,0.0009544820059090853,0.06703541427850723,0.340209424495697,-1.0835373010381593,1.2926511970280286,-1.1058016347276924
-0.0017595861572772264,-0.0011533235665410757,-0.007302901707589626,-0.7976903319358826,0.3647337257862091,-0.08386901021003723,0.049906641244888306,0.2695731222629547,-0.11586149036884308,0.007599912583827972,0.8811212182044983,0.29763102531433105,-1.4924469566859353,1.360360185499419,-1.0599897428397567,-0.0009126162622123957,0.0002981169382110238,-0.0019874833524227142,-0.08054724335670471,0.013474157080054283,0.043418943881988525,0.22912746667861938,0.29910439252853394,0.2956785559654236,0.0022072226274758577,0.09249116480350494,0.4789453148841858,-0.1522662098648932,0.7448222351026172,-1.3654250256929203,-0.00547368498519063,-0.0003341987612657249,0.004950188100337982,0.0019008521921932697,0.01730344258248806,-0.026162702590227127,0.16545496881008148,0.0727119892835617,0.2374238520860672,0.007387643679976463,0.03142466023564339,0.29838308691978455,-0.134092945504513,0.37199758339070815,0.18343407021179295,0.000633664894849062,0.0005619438015855849,-0.00014829510473646224,0.004596398212015629,0.06279714405536652,0.017297446727752686,-0.1542530059814453,-0.2341318577528,-0.19644805788993835,0.0008598275599069893,0.06529785692691803,0.342350035905838,-1.0835373010381593,1.2926511970280286,-1.1058016347276924
-0.0018055378459393978,-0.001270373584702611,-0.007296300493180752,-0.7942018508911133,0.37393778562545776,-0.08979296684265137,0.01528409868478775,0.32274550199508667,-0.12180881947278976,0.007622979115694761,0.8824107646942139,0.3453051745891571,-1.4924469566859353,1.360360185499419,-1.0599897428397567,-0.0007598062511533499,0.00026358821196481586,-0.0020441911183297634,-0.07491397112607956,0.012111596763134003,0.041308075189590454,0.22932109236717224,0.29948288202285767,0.2959277033805847,0.0021967024076730013,0.08640110492706299,0.47942817211151123,-0.1522662098648932,0.7448222351026172,-1.3654250256929203,-0.005399544723331928,-0.0005804662359878421,0.004767456091940403,0.018892841413617134,0.0004219138063490391,-0.03474125266075134,0.0657343715429306,0.09772217273712158,0.2101537138223648,0.007226386573165655,0.039548348635435104,0.24090498685836792,-0.134092945504513,0.37199758339070815,0.18343407021179295,0.0006387733737938106,0.00037122570211067796,-0.00014373261365108192,0.004810165613889694,0.06289860606193542,0.016294311732053757,-0.15457649528980255,-0.23441511392593384,-0.19670087099075317,0.0007526612607762218,0.06515271961688995,0.34283462166786194,-1.0835373010381593,1.2926511970280286,-1.1058016347276924
-0.001855615060776472,-0.0013677021488547325,-0.007240583188831806,-0.790515124797821,0.3828067183494568,-0.09902879595756531,-0.0208674818277359,0.37881237268447876,-0.12808015942573547,0.007598681375384331,0.8838902115821838,0.4004232585430145,-1.4924469566859353,1.360360185499419,-1.0599897428397567,-0.0006257384084165096,0.0002354591852054,-0.002033788012340665,-0.06600359082221985,0.010981729254126549,0.03149457275867462,0.22927764058113098,0.29872962832450867,0.2941187620162964,0.002140860306099057,0.0739525556564331,0.47782158851623535,-0.1522662098648932,0.7448222351026172,-1.3654250256929203,-0.005406773649156094,-0.0008566825999878347,0.004591570235788822,0.0452786386013031,-0.014367341063916683,-0.04383799806237221,-0.02028595842421055,0.11906712502241135,0.18763163685798645,0.007144901901483536,0.06464012712240219,0.223145991563797,-0.13353055679248754,0.37003032196060465,0.18640816894970338,0.000632929673884064,0.0001823537313612178,-7.473971345461905e-05,0.005485094618052244,0.06548015773296356,0.00971625279635191,-0.15526162087917328,-0.23318684101104736,-0.19419625401496887,0.0006629018462263048,0.06642396748065948,0.3408730924129486,-1.0835373010381593,1.2926511970280286,-1.1058016347276924
-0.001904487842693925,-0.0014290830586105585,-0.007157358340919018,-0.7874488830566406,0.3893888294696808,-0.11068826913833618,-0.05511810630559921,0.432341992855072,-0.1341097354888916,0.0075430190190672874,0.8854102492332458,0.4560076892375946,-1.4924469566859353,1.360360185499419,-1.0599897428397567,-0.0005300667253322899,0.0002131562796421349,-0.001953628147020936,-0.054132021963596344,0.010111331008374691,0.014409776777029037,0.22865314781665802,0.2959595322608948,0.2895728349685669,0.0020354532171040773,0.05692237243056297,0.47299760580062866,-0.1522662098648932,0.7448222351026172,-1.3654250256929203,-0.005483424291014671,-0.0011001063976436853,0.004462995566427708,0.07921409606933594,-0.02766091749072075,-0.052599336951971054,-0.08777651190757751,0.13675309717655182,0.170438751578331,0.00715517345815897,0.09902872890233994,0.23548990488052368,-0.13353055679248754,0.37003032196060465,0.18640816894970338,0.000622187159024179,2.8881044272566214e-05,3.74640803784132e-05,0.006422559265047312,0.070470429956913,-0.00031892023980617523,-0.15600691735744476,-0.22965385019779205,-0.18819627165794373,0.0006239828071556985,0.07076321542263031,0.335405558347702,-1.0835373010381593,1.2926511970280286,-1.1058016347276924
-0.0019497424364089966,-0.0014488737797364593,-0.007074159570038319,-0.7857894897460938,0.3922095000743866,-0.1229870617389679,-0.08475961536169052,0.47905564308166504,-0.1394641250371933,0.00747960340231657,0.8868027925491333,0.5060915946960449,-1.4924469566859353,1.360360185499419,-1.0599897428397567,-0.00048576382687315345,0.0002090934431180358,-0.0018125930801033974,-0.04068950191140175,0.009546788409352303,-0.007595796138048172,0.22709935903549194,0.2902030050754547,0.2813795506954193,0.0018881685100495815,0.04247908666729927,0.4636446535587311,-0.1522662098648932,0.7448222351026172,-1.3654250256929203,-0.005639932118356228,-0.0012716148048639297,0.0043882690370082855,0.11649798601865768,-0.039323221892118454,-0.059097908437252045,-0.13679111003875732,0.150125652551651,0.15908992290496826,0.007258288096636534,0.13642089068889618,0.2579905390739441,-0.13353055679248754,0.37003032196060465,0.18640816894970338,0.0006222210358828306,-7.077310146996751e-05,0.00016624842828605324,0.007301976904273033,0.07729087769985199,-0.010693807154893875,-0.15657448768615723,-0.22287650406360626,-0.17763863503932953,0.000647924724034965,0.07836808264255524,0.32518455386161804,-1.0835373010381593,1.2926511970280286,-1.1058016347276924
-0.0019864896312355995,-0.0014259153977036476,-0.007006588391959667,-0.7860345840454102,0.39070871472358704,-0.1335432231426239,-0.10855041444301605,0.5169958472251892,-0.1439698338508606,0.00742102786898613,0.8878836631774902,0.5475355386734009,-1.4924469566859353,1.360360185499419,-1.0599897428397567,-0.0004926090477965772,0.00024526799097657204,-0.0016250250628218055,-0.02698655240237713,0.009125386364758015,-0.031002679839730263,0.22428113222122192,0.28047510981559753,0.26850301027297974,0.0017156709218397737,0.0421035960316658,0.4483995735645294,-0.1522662098648932,0.7448222351026172,-1.3654250256929203,-0.005862941965460777,-0.001347141806036234,0.00440116785466671,0.15173760056495667,-0.049136076122522354,-0.06127581745386124,-0.1691688448190689,0.15960299968719482,0.1529892385005951,0.0074538011103868484,0.17086070775985718,0.27838268876075745,-0.13353055679248754,0.37003032196060465,0.18640816894970338,0.0006481732125394046,-0.00011120455747004598,0.0002956033276859671,0.00791573990136385,0.0838957130908966,-0.018874678760766983,-0.15677675604820251,-0.21185357868671417,-0.16127505898475647,0.0007210245239548385,0.0863562598824501,0.30898305773735046,-1.0835373010381593,1.2926511970280286,-1.1058016347276924
-0.0019977653864771128,-0.001358847483061254,-0.006955273449420929,-0.7882401943206787,0.38536107540130615,-0.14008405804634094,-0.1264617145061493,0.5461220741271973,-0.14766404032707214,0.007362972479313612,0.8885096311569214,0.5796952247619629,-1.4924469566859353,1.360360185499419,-1.0599897428397567,-0.0005409540608525276,0.00033488369081169367,-0.0014077362138777971,-0.013570163398981094,0.008375780656933784,-0.05179445445537567,0.2199123501777649,0.2659074664115906,0.24996595084667206,0.001544829923659563,0.054193805903196335,0.42608824372291565,-0.1522662098648932,0.7448222351026172,-1.3654250256929203,-0.006127788219600916,-0.0013314260868355632,0.0045234630815684795,0.18001332879066467,-0.05638895556330681,-0.05758937448263168,-0.18791525065898895,0.16583189368247986,0.1510702669620514,0.0077320244163274765,0.19723348319530487,0.29263386130332947,-0.13353055679248754,0.37003032196060465,0.18640816894970338,0.0007084920653142035,-8.534995868103579e-05,0.0004190978652331978,0.008281650952994823,0.08733311295509338,-0.02396475523710251,-0.156466543674469,-0.19567613303661346,-0.13790778815746307,0.0008275799918919802,0.09093936532735825,0.28598859906196594,-1.0835373010381593,1.2926511970280286,-1.1058016347276924
-0.001956117805093527,-0.001250071101821959,-0.006914698053151369,-0.7919324636459351,0.37767764925956726,-0.1410643756389618,-0.13917423784732819,0.5675087571144104,-0.15069907903671265,0.007293978706002235,0.8886487483978271,0.6034449934959412,-1.4924469566859353,1.360360185499419,-1.0599897428397567,-0.0006195988971740007,0.0004653593641705811,-0.0011818396160379052,-0.0004599243402481079,0.00674092024564743,-0.066415935754776,0.2138189971446991,0.2459636926651001,0.22513267397880554,0.0014132257783785462,0.06675872951745987,0.39610785245895386,-0.1522662098648932,0.7448222351026172,-1.3654250256929203,-0.006399010308086872,-0.0012398379622027278,0.004731388296931982,0.19723369181156158,-0.059419792145490646,-0.04728887975215912,-0.19648517668247223,0.16948062181472778,0.15193647146224976,0.008054226636886597,0.21134823560714722,0.30069053173065186,-0.13353055679248754,0.37003032196060465,0.18640816894970338,0.0008036388317123055,1.8806909793056548e-05,0.0005309885018505156,0.008496317081153393,0.0852791890501976,-0.025966105982661247,-0.15553423762321472,-0.17377039790153503,-0.10674850642681122,0.0009633991285227239,0.08954867720603943,0.2564806044101715,-1.0835373010381593,1.2926511970280286,-1.1058016347276924
-0.001837774645537138,-0.001117002684623003,-0.0068835606798529625,-0.7961206436157227,0.3701697289943695,-0.13554799556732178,-0.1476753205060959,0.5827123522758484,-0.15329933166503906,0.007211693096905947,0.8883731961250305,0.6203727722167969,-1.4918711400521645,1.3603188145200107,-1.0594049234206635,-0.0007261249120347202,0.0005983457085676491,-0.0009758061496540904,0.012364278547465801,0.003930667415261269,-0.0730721578001976,0.20603305101394653,0.22075268626213074,0.19410783052444458,0.0013555340701714158,0.07421499490737915,0.35896965861320496,-0.1522662098648932,0.7448222351026172,-1.3654250256929203,-0.006640756502747536,-0.0010804696939885616,0.004962006583809853,0.20149201154708862,-0.05639083683490753,-0.031329818069934845,-0.19834983348846436,0.17109984159469604,0.15391665697097778,0.008359938859939575,0.21156680583953857,0.3038225471973419,-0.13353055679248754,0.37003032196060465,0.18640816894970338,0.0009287485736422241,0.000194902706425637,0.0006202833610586822,0.008536248467862606,0.0768895372748375,-0.024414289742708206,-0.15391555428504944,-0.14624616503715515,-0.06792113184928894,0.0011337161995470524,0.08112290501594543,0.22291527688503265,-1.0835373010381593,1.2926511970280286,-1.1058016347276924
-0.0016390122473239899,-0.0009942313190549612,-0.006867554038763046,-0.7997661828994751,0.3654932379722595,-0.122626394033432,-0.15304669737815857,0.5933231711387634,-0.15554894506931305,0.007130088284611702,0.8878335952758789,0.6321796774864197,-1.4918711400521645,1.3603188145200107,-1.0594049234206635,-0.000864307046867907,0.0006936926511116326,-0.0008215504931285977,0.02453220821917057,0.0001492965966463089,-0.07234667241573334,0.19692134857177734,0.19145017862319946,0.15826106071472168,0.0013795584673061967,0.0763930082321167,0.3169822692871094,-0.1522662098648932,0.7448222351026172,-1.3654250256929203,-0.00683081429451704,-0.000855307443998754,0.005158441141247749,0.19472883641719818,-0.04657894745469093,-0.013018373399972916,-0.19677865505218506,0.17103971540927887,0.15506428480148315,0.008602388203144073,0.20064495503902435,0.30335021018981934,-0.13353055679248754,0.37003032196060465,0.18640816894970338,0.001079968293197453,0.00040161199285648763,0.0006704956758767366,0.008272787556052208,0.06304706633090973,-0.018555454909801483,-0.15161195397377014,-0.11435911059379578,-0.023119792342185974,0.0013331122463569045,0.06623954325914383,0.1913079023361206,-1.0835373010381593,1.2926511970280286,-1.1058016347276924
-0.0013747916091233492,-0.0009183888323605061,-0.006871708668768406,-0.8022616505622864,0.36478209495544434,-0.1034160852432251,-0.1561722308397293,0.6005954146385193,-0.15755313634872437,0.007067805156111717,0.8873469829559326,0.640255868434906,-1.4918711400521645,1.3603188145200107,-1.0594049234206635,-0.0010237519163638353,0.0007356148562394083,-0.0007437807507812977,0.035017043352127075,-0.003963874652981758,-0.0663200318813324,0.18724897503852844,0.16050732135772705,0.12049158662557602,0.0014636963605880737,0.07510161399841309,0.27448680996894836,-0.1522662098648932,0.7448222351026172,-1.3654250256929203,-0.0069586001336574554,-0.0005743787623941898,0.005298541858792305,0.18121272325515747,-0.03056432493031025,0.003480721265077591,-0.1947650909423828,0.1694118082523346,0.15313610434532166,0.008765077218413353,0.1838051676750183,0.30014073848724365,-0.13353055679248754,0.37003032196060465,0.18640816894970338,0.0012549334205687046,0.0005826365668326616,0.0006689702859148383,0.00765781057998538,0.04641253501176834,-0.008842759765684605,-0.148706316947937,-0.08074310421943665,0.024055160582065582,0.001536829280667007,0.04786397144198418,0.17091421782970428,-1.0835373010381593,1.2926511970280286,-1.1058016347276924
-0.0010818291921168566,-0.0009045703918673098,-0.006891568191349506,-0.8036505579948425,0.36711183190345764,-0.08148494362831116,-0.1576818972826004,0.6052303910255432,-0.15924692153930664,0.007034366484731436,0.8872796297073364,0.6453890204429626,-1.4918711400521645,1.3603188145200107,-1.0594049234206635,-0.0011760055785998702,0.0007355876732617617,-0.0007509189308620989,0.04200837016105652,-0.0075126271694898605,-0.05720342695713043,0.17797398567199707,0.13099774718284607,0.08444809913635254,0.0015773260965943336,0.07136788219213486,0.23657266795635223,-0.1522662098648932,0.7448222351026172,-1.3654250256929203,-0.007016620133072138,-0.00026234224787913263,0.005388826597481966,0.16414830088615417,-0.009649255312979221,0.015214469283819199,-0.19502845406532288,0.16608940064907074,0.14559175074100494,0.008851057849824429,0.16513404250144958,0.29465019702911377,-0.13353055679248754,0.37003032196060465,0.18640816894970338,0.0014414142351597548,0.0007011936977505684,0.0006172120338305831,0.0068083880469202995,0.03061382845044136,0.0026390226557850838,-0.1453365683555603,-0.04870998486876488,0.06905783712863922,0.0017176432302221656,0.03147260844707489,0.16812008619308472,-1.0835373010381593,1.2926511970280286,-1.1058016347276924
-0.0008107700850814581,-0.000938327400945127,-0.006917914375662804,-0.804256796836853,0.3707209825515747,-0.061190783977508545,-0.15786206722259521,0.6072097420692444,-0.16038815677165985,0.007028182037174702,0.8876978158950806,0.6475712060928345,-1.4918711400521645,1.3603188145200107,-1.0594049234206635,-0.0012943461770191789,0.0007178738014772534,-0.0008316427702084184,0.04326409846544266,-0.009534461423754692,-0.04680418223142624,0.16985724866390228,0.1053684800863266,0.053026992827653885,0.0016977351624518633,0.06444625556468964,0.20679907500743866,-0.1522662098648932,0.7448222351026172,-1.3654250256929203,-0.006999913137406111,4.7509995056316257e-05,0.005452132783830166,0.14470341801643372,0.014716305769979954,0.02070028707385063,-0.20002764463424683,0.16074305772781372,0.12966126203536987,0.008872811682522297,0.14691545069217682,0.287509024143219,-0.13353055679248754,0.37003032196060465,0.18640816894970338,0.0016095947939902544,0.0007550615118816495,0.0005303107318468392,0.005876094102859497,0.01875571347773075,0.013769100420176983,-0.14172880351543427,-0.0207673292607069,0.10816850513219833,0.0018553012050688267,0.023997778072953224,0.17949585616588593,-1.0826807808429433,1.2923693471344437,-1.103902951322058
-0.0006125278305262327,-0.0009864044841378927,-0.006942041218280792,-0.8042640686035156,0.3745846450328827,-0.04513481259346008,-0.1566208004951477,0.6056979894638062,-0.16052472591400146,0.007038474548608065,0.8883644938468933,0.645885705947876,-1.4918711400521645,1.3603188145200107,-1.0594049234206635,-0.001366130542010069,0.0007038764888420701,-0.0009609064436517656,0.03732870891690254,-0.009391352534294128,-0.03637532889842987,0.16326087713241577,0.0847911387681961,0.027596186846494675,0.0018124834168702364,0.05296031013131142,0.1860247403383255,-0.1522662098648932,0.7448222351026172,-1.3654250256929203,-0.006910709198564291,0.00032361826742999256,0.0055158706381917,0.1236298531293869,0.04140662029385567,0.019289309158921242,-0.21192941069602966,0.15291444957256317,0.10253408551216125,0.008848019875586033,0.13179881870746613,0.2807314395904541,-0.13353055679248754,0.37003032196060465,0.18640816894970338,0.0017200487200170755,0.0007729493663646281,0.00042673898860812187,0.004814282059669495,0.012493979185819626,0.02412312850356102,-0.13785234093666077,0.0015241142828017473,0.13978825509548187,0.0019334229873493314,0.027589892968535423,0.19633223116397858,-1.0826807808429433,1.2923693471344437,-1.103902951322058
-0.0005262710619717836,-0.0010163267143070698,-0.006954809185117483,-0.803617537021637,0.3787991404533386,-0.03350350260734558,-0.15348488092422485,0.599009096622467,-0.15897482633590698,0.0070483507588505745,0.8890514373779297,0.638468861579895,-1.4918711400521645,1.3603188145200107,-1.0594049234206635,-0.001390975434333086,0.0007050739950500429,-0.0011139956768602133,0.024634476751089096,-0.007155072409659624,-0.026275064796209335,0.15821731090545654,0.06938029825687408,0.008290573954582214,0.0019164885161444545,0.03672099485993385,0.17295975983142853,-0.15230125753342783,0.7446480258653262,-1.3654747145365265,-0.006762733217328787,0.0005481048719957471,0.0055976263247430325,0.1023903638124466,0.06921402364969254,0.01108725368976593,-0.23247982561588287,0.14213447272777557,0.06172590330243111,0.00879593100398779,0.12408583611249924,0.27939069271087646,-0.13353055679248754,0.37003032196060465,0.18640816894970338,0.0017443671822547913,0.0007798584992997348,0.0003306983271613717,0.0034917667508125305,0.01193893700838089,0.03492092713713646,-0.1339937448501587,0.01814991608262062,0.16358594596385956,0.0019391641253605485,0.037070225924253464,0.2122359722852707,-1.0826807808429433,1.2923693471344437,-1.103902951322058
-0.0005720602348446846,-0.001010359963402152,-0.006948331370949745,-0.8023134469985962,0.3836357593536377,-0.0252993106842041,-0.14763109385967255,0.5846564173698425,-0.15483160316944122,0.007044670637696981,0.8896759152412415,0.6225680112838745,-1.4918711400521645,1.3603188145200107,-1.0594049234206635,-0.0013780826702713966,0.0007255679229274392,-0.0012710418086498976,0.0072011216543614864,-0.0035237446427345276,-0.015934862196445465,0.15457601845264435,0.05862552672624588,-0.005539223551750183,0.002010250696912408,0.01783795841038227,0.1654127687215805,-0.15230125753342783,0.7446480258653262,-1.3654747145365265,-0.006582854315638542,0.0007212767959572375,0.005700382404029369,0.08249831944704056,0.09575378149747849,-0.002939986065030098,-0.2627340853214264,0.1280936598777771,0.005678888410329819,0.008737767115235329,0.12642548978328705,0.29235154390335083,-0.13353055679248754,0.37003032196060465,0.18640816894970338,0.0016754812095314264,0.0007849841495044529,0.0002616036799736321,0.0017910096794366837,0.0158898513764143,0.04743937402963638,-0.13048847019672394,0.029610270634293556,0.18017378449440002,0.0018686556722968817,0.05006185546517372,0.2244250476360321,-1.0826807808429433,1.2923693471344437,-1.103902951322058
-0.0007457993924617767,-0.0009679666254669428,-0.0069218226708471775,-0.8007292747497559,0.3884626626968384,-0.019712746143341064,-0.13796116411685944,0.5595206022262573,-0.14700524508953094,0.007028854917734861,0.89020174741745,0.5947328209877014,-1.4918711400521645,1.3603188145200107,-1.0594049234206635,-0.0013396310387179255,0.0007653001812286675,-0.0014128986513242126,-0.01249508187174797,0.0005755177699029446,-0.004199619870632887,0.15209639072418213,0.05172766000032425,-0.014779515564441681,0.002092027338221669,0.013194509781897068,0.16133040189743042,-0.15230125753342783,0.7446480258653262,-1.3654747145365265,-0.006406898144632578,0.0008510775514878333,0.005819770507514477,0.06437207013368607,0.11769405752420425,-0.021095069125294685,-0.30261021852493286,0.11087370663881302,-0.06535840034484863,0.008697263896465302,0.13579638302326202,0.3288429081439972,-0.13353055679248754,0.37003032196060465,0.18640816894970338,0.0015288578579202294,0.0007852002163417637,0.00022464041830971837,-0.00021183118224143982,0.022008808329701424,0.06174458563327789,-0.12788733839988708,0.036704134196043015,0.19051136076450348,0.0017333230935037136,0.06555017828941345,0.23237241804599762,-1.0826807808429433,1.2923693471344437,-1.103902951322058
-0.0010166421998292208,-0.000902412342838943,-0.006882465910166502,-0.7995820641517639,0.39180988073349,-0.01625460386276245,-0.12323751300573349,0.5201863050460815,-0.13432244956493378,0.007015428971499205,0.8905676007270813,0.551202118396759,-1.4918711400521645,1.3603188145200107,-1.0594049234206635,-0.0012838582042604685,0.0008223307668231428,-0.0015207547694444656,-0.03221635892987251,0.004283720627427101,0.010100980289280415,0.15054121613502502,0.04783031344413757,-0.020339079201221466,0.0021534194238483906,0.03403342142701149,0.15926103293895721,-0.15230125753342783,0.7446480258653262,-1.3654747145365265,-0.006264946423470974,0.000941316713578999,0.00595076335594058,0.04724150151014328,0.13242876529693604,-0.04116632789373398,-0.3502499461174011,0.09124360978603363,-0.14814767241477966,0.008691789582371712,0.14650529623031616,0.3910858631134033,-0.13353055679248754,0.37003032196060465,0.18640816894970338,0.0013328948989510536,0.0007780608721077442,0.00021016178652644157,-0.0022449791431427,0.027211608365178108,0.07656002789735794,-0.1270245760679245,0.04027826711535454,0.1955445110797882,0.0015576120931655169,0.08128314465284348,0.23663313686847687,-1.0826807808429433,1.2923693471344437,-1.103902951322058
-0.0013303873129189014,-0.0008357289480045438,-0.006840483285486698,-0.7995603680610657,0.3923105001449585,-0.014267683029174805,-0.10230075567960739,0.4635098874568939,-0.11570415645837784,0.007018588483333588,0.8907344341278076,0.48856350779533386,-1.4918711400521645,1.3603188145200107,-1.0594049234206635,-0.00121492485050112,0.0008927240851335227,-0.0015885881148278713,-0.04981634020805359,0.006851892918348312,0.027608221396803856,0.1497269570827484,0.046176400035619736,-0.022922243922948837,0.002190116560086608,0.05736575648188591,0.15835356712341309,-0.15230125753342783,0.7446480258653262,-1.3654747145365265,-0.006165996193885803,0.0009934885893017054,0.006083989050239325,0.030057329684495926,0.13917717337608337,-0.060833290219306946,-0.40169888734817505,0.07080940902233124,-0.23586562275886536,0.00871902797371149,0.1548367440700531,0.4711778461933136,-0.13353055679248754,0.37003032196060465,0.18640816894970338,0.0011161104775965214,0.0007622542907483876,0.00020199769642204046,-0.0039191655814647675,0.028411922976374626,0.08967214822769165,-0.12906435132026672,0.04106816276907921,0.1959766447544098,0.0013665787409991026,0.09414717555046082,0.23822477459907532,-1.0826807808429433,1.2923693471344437,-1.103902951322058
-0.0016229627653956413,-0.0007918433984741569,-0.006806475110352039,-0.8009645938873291,0.38939985632896423,-0.01332545280456543,-0.07439351826906204,0.3874855637550354,-0.09044555574655533,0.007041954901069403,0.8907042741775513,0.4047960638999939,-1.4918711400521645,1.3603188145200107,-1.0594049234206635,-0.001140248030424118,0.0009672786691226065,-0.0016311501385644078,-0.0631139799952507,0.0076616802252829075,0.048060137778520584,0.14955872297286987,0.04619862139225006,-0.0229036808013916,0.0022127910051494837,0.07969851046800613,0.1581982970237732,-0.15230125753342783,0.7446480258653262,-1.3654747145365265,-0.006097984965890646,0.0010188089217990637,0.00619833217933774,0.012473579496145248,0.13849420845508575,-0.07832358032464981,-0.4519568085670471,0.05158679932355881,-0.31991884112358093,0.008754582144320011,0.1595958024263382,0.5561242699623108,-0.13353055679248754,0.37003032196060465,0.18640816894970338,0.0009039610158652067,0.0007307979976758361,0.00018287668353877962,-0.004828888922929764,0.023636842146515846,0.09841102361679077,-0.13550643622875214,0.03961465135216713,0.1921546310186386,0.0011767137330025434,0.10132496058940887,0.23844227194786072,-1.0826807808429433,1.2923693471344437,-1.103902951322058
-0.0018407250754535198,-0.0007910843705758452,-0.006791349500417709,-0.8035545349121094,0.3834124803543091,-0.014205902814865112,-0.03961155191063881,0.29246512055397034,-0.05861737206578255,0.007080713752657175,0.8904531598091125,0.3009001910686493,-1.4918711400521645,1.3603188145200107,-1.0594049234206635,-0.0010696714743971825,0.0010284311138093472,-0.001675819861702621,-0.07037432491779327,0.006404794752597809,0.07006742060184479,0.15004843473434448,0.04756047576665878,-0.020269837230443954,0.0022383565083146095,0.09951386600732803,0.15870538353919983,-0.15230125753342783,0.7446480258653262,-1.3654747145365265,-0.006045251153409481,0.0010309338103979826,0.00625940877944231,-0.0043601179495453835,0.13106398284435272,-0.09250876307487488,-0.49656519293785095,0.03569761663675308,-0.3938799202442169,0.00876288115978241,0.16048255562782288,0.6348170638084412,-0.13269397923204115,0.3692093447872117,0.18821720917571144,0.0007226326270028949,0.0006749738822691143,0.00013794601545669138,-0.004681691527366638,0.013176286593079567,0.10034686326980591,-0.14812731742858887,0.03624148666858673,0.18405616283416748,0.0009984071366488934,0.10131646692752838,0.2390226274728775,-1.0826807808429433,1.2923693471344437,-1.103902951322058
-0.0019551380537450314,-0.0008463960257358849,-0.006802818272262812,-0.8066248297691345,0.37544211745262146,-0.018779844045639038,0.0005069393664598465,0.1827632188796997,-0.021599603816866875,0.007128624245524406,0.8899174332618713,0.18403585255146027,-1.4918711400521645,1.3603188145200107,-1.0594049234206635,-0.0010047904215753078,0.001052076811902225,-0.0017430585576221347,-0.07095077633857727,0.0032746531069278717,0.09111912548542023,0.15131831169128418,0.05015933886170387,-0.014619510620832443,0.002270401455461979,0.1155310794711113,0.1600840985774994,-0.15230125753342783,0.7446480258653262,-1.3654747145365265,-0.005973793566226959,0.0010730067733675241,0.006251797545701265,-0.018079768866300583,0.11670142412185669,-0.10327450186014175,-0.5341469049453735,0.02292267605662346,-0.453495055437088,0.008713353425264359,0.15688124299049377,0.7010678648948669,-0.13269397923204115,0.3692093447872117,0.18821720917571144,0.0005979024572297931,0.0005977650871500373,6.24191015958786e-05,-0.003426801413297653,-0.0002012760378420353,0.0942562073469162,-0.16882511973381042,0.031082630157470703,0.17137077450752258,0.0008477656519971788,0.094318687915802,0.24256131052970886,-1.0826807808429433,1.2923693471344437,-1.103902951322058
-0.001962909009307623,-0.0009556137374602258,-0.006840568967163563,-0.8092527389526367,0.3671688735485077,-0.028513699769973755,0.0426856130361557,0.06745985895395279,0.017649592831730843,0.007180500775575638,0.8891096711158752,0.08175819367170334,-1.4918711400521645,1.3603188145200107,-1.0594049234206635,-0.0009388772305101156,0.001019337447360158,-0.0018320335075259209,-0.06553932279348373,-0.0010473541915416718,0.10814809799194336,0.1535891890525818,0.05409872904419899,-0.005223717540502548,0.00229714740999043,0.12646150588989258,0.16292206943035126,-0.15230125753342783,0.7446480258653262,-1.3654747145365265,-0.005884593352675438,0.0011347690597176552,0.006165489554405212,-0.025967927649617195,0.09612437337636948,-0.1097646951675415,-0.5637766718864441,0.013700928539037704,-0.4986075758934021,0.008598221465945244,0.14819756150245667,0.7527558207511902,-0.13269397923204115,0.3692093447872117,0.18821720917571144,0.0005486494046635926,0.0005201186868362129,-3.3185380743816495e-05,-0.0013029314577579498,-0.0124446926638484,0.08085791766643524,-0.1993323713541031,0.02415223978459835,0.15367451310157776,0.0007567304419353604,0.08182035386562347,0.25284892320632935,-1.0826807808429433,1.2923693471344437,-1.103902951322058
-0.001876662950962782,-0.0010948842391371727,-0.006897063925862312,-0.8106673955917358,0.36038488149642944,-0.04307675361633301,0.08279243856668472,-0.042024165391922,0.055401626974344254,0.007231191266328096,0.8882085680961609,0.10812011361122131,-1.4918711400521645,1.3603188145200107,-1.0594049234206635,-0.0008707502856850624,0.0009329559979960322,-0.0019216169603168964,-0.056039705872535706,-0.005584143102169037,0.11847764253616333,0.15715137124061584,0.05963222309947014,0.008846938610076904,0.002306777983903885,0.1311814934015274,0.16831763088703156,-0.15230125753342783,0.7446480258653262,-1.3654747145365265,-0.005794390570372343,0.0012000503484159708,0.006024094298481941,-0.026702843606472015,0.07125846296548843,-0.11152668297290802,-0.585574209690094,0.007606737315654755,-0.5302692651748657,0.008444216102361679,0.1350148618221283,0.7900256514549255,-0.13269397923204115,0.3692093447872117,0.18821720917571144,0.000581014552153647,0.00047144031850621104,-0.0001267867919523269,0.001251494511961937,-0.020052539184689522,0.06263405084609985,-0.24075981974601746,0.015453671105206013,0.13070283830165863,0.0007588865119032562,0.06577762216329575,0.27438539266586304,-1.0826807808429433,1.2923693471344437,-1.103902951322058
-0.0017178109847009182,-0.0012252908200025558,-0.0069616190157830715,-0.8106036186218262,0.3562060594558716,-0.06035667657852173,0.11753583699464798,-0.13658258318901062,0.0887061059474945,0.007274362724274397,0.8874704837799072,0.20084384083747864,-1.4918711400521645,1.3603188145200107,-1.0594049234206635,-0.0008118036203086376,0.0008205143385566771,-0.0019829836674034595,-0.04507783055305481,-0.009335774928331375,0.12063746154308319,0.16231337189674377,0.0670774057507515,0.028513655066490173,0.0022944484371691942,0.1291222870349884,0.17792706191539764,-0.15230125753342783,0.7446480258653262,-1.3654747145365265,-0.005732751451432705,0.0012529277009889483,0.005875023081898689,-0.020700892433524132,0.045237261801958084,-0.10870587825775146,-0.59975266456604,0.003967061638832092,-0.550161600112915,0.008303623646497726,0.1195487529039383,0.8138776421546936,-0.13269397923204115,0.3692093447872117,0.18821720917571144,0.0006859102286398411,0.00047342124162241817,-0.00019275298109278083,0.0037722084671258926,-0.021415794268250465,0.042832717299461365,-0.29293906688690186,0.005126078613102436,0.1027277335524559,0.0008554263622500002,0.048036523163318634,0.3104715049266815,-1.0826807808429433,1.2923693471344437,-1.103902951322058
-0.001515114912763238,-0.0013101199874654412,-0.007021815050393343,-0.809352695941925,0.3546863794326782,-0.07754966616630554,0.14534740149974823,-0.21185302734375,0.11618287861347198,0.007301908917725086,0.8870558738708496,0.2819681465625763,-1.4918711400521645,1.3603188145200107,-1.0594049234206635,-0.0007802901673130691,0.0007186801522038877,-0.0019968971610069275,-0.035238638520240784,-0.011571403592824936,0.114754818379879,0.1693234145641327,0.07669547200202942,0.05438201129436493,0.002261183690279722,0.12059986591339111,0.19367504119873047,-0.15230125753342783,0.7446480258653262,-1.3654747145365265,-0.005723343230783939,0.0012893377570435405,0.0057663386687636375,-0.009590628556907177,0.021632343530654907,-0.10206729173660278,-0.6061558127403259,0.001997627317905426,-0.5599092245101929,0.00822615996003151,0.10477437824010849,0.8251831531524658,-0.13269397923204115,0.3692093447872117,0.18821720917571144,0.0008399994694627821,0.0005315392627380788,-0.00021001187269575894,0.005907466635107994,-0.01710452139377594,0.02444305084645748,-0.35354799032211304,-0.006372995674610138,0.07104118168354034,0.0010159912053495646,0.030412588268518448,0.36067110300064087,-1.0826807808429433,1.2923693471344437,-1.103902951322058
-0.0013046222738921642,-0.0013289771741256118,-0.007065231911838055,-0.8073567152023315,0.3555060029029846,-0.09203341603279114,0.16600871086120605,-0.2674908936023712,0.13768887519836426,0.007306553423404694,0.8869495987892151,0.3436109721660614,-1.4925571532874877,1.3603992813054022,-1.059762118965199,-0.000794710242189467,0.0006540999165736139,-0.0019662859849631786,-0.028331708163022995,-0.012018203735351562,0.10236743092536926,0.1782575398683548,0.08853089809417725,0.08631934225559235,0.0022193898912519217,0.10689347237348557,0.21694353222846985,-0.15230125753342783,0.7446480258653262,-1.3654747145365265,-0.005776182282716036,0.0013203806011006236,0.005722829606384039,0.004283340647816658,0.0034537543542683125,-0.09276630729436874,-0.6039591431617737,0.0008881837129592896,-0.5606411695480347,0.0082376254722476,0.09292934834957123,0.824066698551178,-0.13269397923204115,0.3692093447872117,0.18821720917571144,0.0010114669566974044,0.0006342356209643185,-0.00016928513650782406,0.00745795015245676,-0.009227264672517776,0.009686524979770184,-0.41767042875289917,-0.0181666798889637,0.03820890188217163,0.0012058099964633584,0.015316403470933437,0.4198077619075775,-1.0826807808429433,1.2923693471344437,-1.103902951322058
-0.0011197719722986221,-0.0012860801070928574,-0.007085018791258335,-0.8053622841835022,0.35740604996681213,-0.10216009616851807,0.1803683340549469,-0.30532270669937134,0.1538664996623993,0.007287343963980675,0.887008547782898,0.38656124472618103,-1.4925571532874877,1.3603992813054022,-1.059762118965199,-0.0008689102251082659,0.0006375734228640795,-0.0019127947743982077,-0.02509462647140026,-0.01085817813873291,0.08586877584457397,0.18887045979499817,0.10220743715763092,0.12290893495082855,0.0021955156698822975,0.09011707454919815,0.24743689596652985,-0.15230125753342783,0.7446480258653262,-1.3654747145365265,-0.005892767105251551,0.0013663030695170164,0.00574421975761652,0.018276747316122055,-0.0074177393689751625,-0.08208240568637848,-0.591543436050415,-0.00014729797840118408,-0.5527727007865906,0.008341914974153042,0.08441909402608871,0.8096179962158203,-0.13269397923204115,0.3692093447872117,0.18821720917571144,0.0011693888809531927,0.0007551254821009934,-7.613742491230369e-05,0.008359103463590145,-0.0004638750688172877,-0.00012733275070786476,-0.4791245460510254,-0.02917545847594738,0.0074177086353302,0.0013940881472080946,0.00837293267250061,0.4800693392753601,-1.0826807808429433,1.2923693471344437,-1.103902951322058
-0.000988152576610446,-0.00119787419680506,-0.0070840721018612385,-0.8037034869194031,0.3598814308643341,-0.10699978470802307,0.18946117162704468,-0.32852593064308167,0.16549605131149292,0.007252270355820656,0.8870754837989807,0.4137798547744751,-1.4925571532874877,1.3603992813054022,-1.059762118965199,-0.0010030545527115464,0.0006696097552776337,-0.0018589545506983995,-0.025332538411021233,-0.008600195869803429,0.06801030039787292,0.20050910115242004,0.11681429296731949,0.1611730307340622,0.0022158988285809755,0.07308284193277359,0.2825353443622589,-0.15230125753342783,0.7446480258653262,-1.3654747145365265,-0.006068477872759104,0.0014399938518181443,0.005820698104798794,0.030114702880382538,-0.010142951272428036,-0.071125328540802,-0.5665582418441772,-0.0018387660384178162,-0.5359856486320496,0.008531150408089161,0.07790113985538483,0.7799180746078491,-0.13269397923204115,0.3692093447872117,0.18821720917571144,0.00128905288875103,0.0008613784448243678,5.090818740427494e-05,0.00866489764302969,0.006695392541587353,-0.004695240408182144,-0.5330079197883606,-0.038555338978767395,-0.018808692693710327,0.001551200170069933,0.011914446018636227,0.5347314476966858,-1.0826807808429433,1.2923693471344437,-1.103902951322058
-0.0009207718539983034,-0.001087393844500184,-0.00707264943048358,-0.8027849197387695,0.361968457698822,-0.10681632161140442,0.19446377456188202,-0.34055396914482117,0.17326237261295319,0.007214749697595835,0.8870707154273987,0.4287341833114624,-1.4925571532874877,1.3603992813054022,-1.059762118965199,-0.0011749244295060635,0.0007432280108332634,-0.0018140309257432818,-0.028098709881305695,-0.005949079990386963,0.05148356407880783,0.21229518949985504,0.13115665316581726,0.1973663568496704,0.0022855072747915983,0.05895325541496277,0.31815844774246216,-0.15230125753342783,0.7446480258653262,-1.3654747145365265,-0.0062883589416742325,0.0015329057350754738,0.005941638723015785,0.0383579283952713,-0.004748373292386532,-0.06070774048566818,-0.5262097120285034,-0.004830382764339447,-0.5093978047370911,0.008786143735051155,0.07196740806102753,0.7323974967002869,-0.13269397923204115,0.3692093447872117,0.18821720917571144,0.0013528703711926937,0.0009254867909476161,0.00018522993195801973,0.008514082059264183,0.010514193214476109,-0.004616361111402512,-0.5770080089569092,-0.04592456296086311,-0.039280712604522705,0.0016495739109814167,0.014295056462287903,0.5801640152931213,-1.0826807808429433,1.2923693471344437,-1.103902951322058
-0.0009130770340561867,-0.0009773294441401958,-0.007061703130602837,-0.802834689617157,0.3629063367843628,-0.10262909531593323,0.196427583694458,-0.34466633200645447,0.17747406661510468,0.007187248207628727,0.8870046734809875,0.4345983564853668,-1.4925571532874877,1.3603992813054022,-1.059762118965199,-0.0013432321138679981,0.000840099120978266,-0.0017767904791980982,-0.03185635805130005,-0.0036624036729335785,0.038477543741464615,0.2235506772994995,0.14420852065086365,0.22847789525985718,0.0023805510718375444,0.050087545067071915,0.3506752848625183,-0.15259490536541562,0.7447608655113067,-1.3655485994146352,-0.006526942364871502,0.0016189690213650465,0.006090889684855938,0.04236926510930061,0.007874412462115288,-0.05147894471883774,-0.46781831979751587,-0.009638156741857529,-0.4719282388687134,0.009073090739548206,0.0671360045671463,0.6645774245262146,-0.13269397923204115,0.3692093447872117,0.18821720917571144,0.0013550522271543741,0.0009304344421252608,0.0002997665433213115,0.008074621669948101,0.010438935831189156,-0.0010190848261117935,-0.6109490394592285,-0.05089329555630684,-0.054025352001190186,0.0016708484617993236,0.013236669823527336,0.6154409646987915,-1.082831455375095,1.2922802284663257,-1.1033968105706695
-0.0009507581125944853,-0.0008876852225512266,-0.007058613933622837,-0.8037594556808472,0.3625602722167969,-0.09580573439598083,0.19616198539733887,-0.3436395525932312,0.17789588868618011,0.00717746140435338,0.8869373798370361,0.43383708596229553,-1.4925571532874877,1.3603992813054022,-1.059762118965199,-0.0014638975262641907,0.0009302929393015802,-0.0017485151765868068,-0.03500630706548691,-0.0023665204644203186,0.03035092167556286,0.23371216654777527,0.1555328667163849,0.25315919518470764,0.0024628734681755304,0.04639202728867531,0.37802302837371826,-0.15259490536541562,0.7447608655113067,-1.3655485994146352,-0.006757217459380627,0.0016721575520932674,0.006243923678994179,0.04215092957019806,0.02626306749880314,-0.04403884708881378,-0.3897011876106262,-0.016580965369939804,-0.42287060618400574,0.009351079352200031,0.06637672334909439,0.5752925276756287,-0.13269397923204115,0.3692093447872117,0.18821720917571144,0.0013034767471253872,0.0008719076868146658,0.00037398107815533876,0.007483629509806633,0.007103610783815384,0.004677122924476862,-0.6357699036598206,-0.05444662645459175,-0.06345725059509277,0.0016121837543323636,0.011328790336847305,0.6412445902824402,-1.082831455375095,1.2922802284663257,-1.1033968105706695
-0.0010172768961638212,-0.000834378763101995,-0.007066857069730759,-0.8052154183387756,0.36129310727119446,-0.08794939517974854,0.1941840648651123,-0.33965063095092773,0.17366215586662292,0.007188289891928434,0.88692706823349,0.42805203795433044,-1.4925571532874877,1.3603992813054022,-1.059762118965199,-0.001508039073087275,0.0009861350990831852,-0.0017383182421326637,-0.03653839975595474,-0.002265149261802435,0.027553455904126167,0.24255529046058655,0.1648707389831543,0.27127715945243835,0.00250367633998394,0.04581897705793381,0.39950811862945557,-0.15259490536541562,0.7447608655113067,-1.3655485994146352,-0.006962487008422613,0.0016808295622467995,0.006379225756973028,0.03826326131820679,0.048981379717588425,-0.038736943155527115,-0.2924257516860962,-0.025675512850284576,-0.36269378662109375,0.009591450914740562,0.07323799282312393,0.46660351753234863,-0.13269397923204115,0.3692093447872117,0.18821720917571144,0.0012183450162410736,0.0007502926746383309,0.00039850626490078866,0.006927269510924816,0.001783990184776485,0.01067160815000534,-0.6529347896575928,-0.05654875189065933,-0.06864932179450989,0.001485298271290958,0.012847291305661201,0.6589645743370056,-1.082831455375095,1.2922802284663257,-1.1033968105706695
-0.0010992451570928097,-0.0008282684721052647,-0.00708671472966671,-0.8067953586578369,0.3595390319824219,-0.08093798160552979,0.19071908295154572,-0.33427613973617554,0.1632770299911499,0.007219133898615837,0.8869825005531311,0.41805943846702576,-1.4925571532874877,1.3603992813054022,-1.059762118965199,-0.0014685384230688214,0.000992615008726716,-0.0017582683358341455,-0.03619466349482536,-0.0031019938178360462,0.029546385630965233,0.24975258111953735,0.17208346724510193,0.2835157513618469,0.002496677218005061,0.04682590067386627,0.4151749610900879,-0.15259490536541562,0.7447608655113067,-1.3655485994146352,-0.007138803135603666,0.0016491115093231201,0.006492866203188896,0.031868986785411835,0.07470753788948059,-0.03519676998257637,-0.1804560124874115,-0.03648930788040161,-0.294074684381485,0.009789759293198586,0.08851926773786545,0.3469521105289459,-0.13269397923204115,0.3692093447872117,0.18821720917571144,0.0011175302788615227,0.000573942728806287,0.00037278077797964215,0.006642758846282959,-0.004188273102045059,0.01467937882989645,-0.6638017892837524,-0.05756105110049248,-0.0707375705242157,0.0013104387326166034,0.016647884622216225,0.6700372695922852,-1.082831455375095,1.2922802284663257,-1.1033968105706695
-0.0011893988121300936,-0.0008728280663490295,-0.007115871645510197,-0.8081076145172119,0.35764405131340027,-0.07686835527420044,0.1857394427061081,-0.32855960726737976,0.14471977949142456,0.007267195265740156,0.8870490193367004,0.40422070026397705,-1.4925571532874877,1.3603992813054022,-1.059762118965199,-0.0013546028640121222,0.0009465857874602079,-0.001814515795558691,-0.03404098004102707,-0.004250707104802132,0.034713637083768845,0.2547454237937927,0.17691215872764587,0.29095518589019775,0.0024542699102312326,0.048804644495248795,0.42526233196258545,-0.15259490536541562,0.7447608655113067,-1.3655485994146352,-0.007282791659235954,0.001587259816005826,0.006593368947505951,0.024700777605175972,0.1018001139163971,-0.032034989446401596,-0.06298927217721939,-0.04807332903146744,-0.22243823111057281,0.00995143037289381,0.1095428317785263,0.23613017797470093,-0.13269397923204115,0.3692093447872117,0.18821720917571144,0.0010095702018588781,0.00036047198227606714,0.0003036015550605953,0.006885608658194542,-0.00978212058544159,0.014356094412505627,-0.6692671775817871,-0.057826537638902664,-0.070893794298172,0.0011141570284962654,0.018686864525079727,0.675491213798523,-1.082831455375095,1.2922802284663257,-1.1033968105706695
-0.001285666599869728,-0.0009596338495612144,-0.007150017656385899,-0.8087220191955566,0.35610562562942505,-0.07756632566452026,0.17903879284858704,-0.3231143057346344,0.11568602174520493,0.007327795494347811,0.8870507478713989,0.3870930075645447,-1.4925571532874877,1.3603992813054022,-1.059762118965199,-0.001185999601148069,0.0008527113823220134,-0.0019030813127756119,-0.030096132308244705,-0.0048284148797392845,0.040404994040727615,0.25659751892089844,0.17882779240608215,0.2948014736175537,0.002399047836661339,0.050612788647413254,0.4298017919063568,-0.15259490536541562,0.7447608655113067,-1.3655485994146352,-0.007382671814411879,0.0015009057242423296,0.00668003223836422,0.018704745918512344,0.1282949596643448,-0.027001548558473587,0.0484716072678566,-0.05922577157616615,-0.1545301377773285,0.010068733245134354,0.1324331909418106,0.1724434792995453,-0.13269397923204115,0.3692093447872117,0.18821720917571144,0.000899824604857713,0.00013755736290477216,0.0002054643991868943,0.007799200713634491,-0.014209765940904617,0.008325550705194473,-0.6695261001586914,-0.05764482170343399,-0.07026907801628113,0.0009331784094683826,0.01822250708937645,0.6756669878959656,-1.082831455375095,1.2922802284663257,-1.1033968105706695
-0.0013863327912986279,-0.001067416393198073,-0.007182244211435318,-0.8081966638565063,0.3557204604148865,-0.08377119898796082,0.17033922672271729,-0.31823763251304626,0.07400470972061157,0.007392288651317358,0.8869816660881042,0.36846619844436646,-1.4925571532874877,1.3603992813054022,-1.059762118965199,-0.0009916198905557394,0.0007264543091878295,-0.0020110022742301226,-0.02430925890803337,-0.003791011869907379,0.0434219166636467,0.2538992464542389,0.17693454027175903,0.29621627926826477,0.002356942044571042,0.049907661974430084,0.42838621139526367,-0.15259490536541562,0.7447608655113067,-1.3655485994146352,-0.007427336182445288,0.0013849196257069707,0.0067345499992370605,0.01550327893346548,0.15210434794425964,-0.017698056995868683,0.1448032259941101,-0.06898327171802521,-0.09562958776950836,0.010121140629053116,0.15391330420970917,0.18673960864543915,-0.13269397923204115,0.3692093447872117,0.18821720917571144,0.0007973616593517363,-6.295375351328403e-05,9.955203859135509e-05,0.009304509498178959,-0.016698958352208138,-0.0030035143718123436,-0.663955569267273,-0.05726327747106552,-0.06997814774513245,0.0008060145191848278,0.01935071498155594,0.6700843572616577,-1.082831455375095,1.2922802284663257,-1.1033968105706695
-0.0014877356588840485,-0.0011693965643644333,-0.007201839238405228,-0.8062760829925537,0.3572291433811188,-0.09478762745857239,0.1594361960887909,-0.3140234053134918,0.018275439739227295,0.007446296513080597,0.8869489431381226,0.3526536524295807,-1.4925571532874877,1.3603992813054022,-1.059762118965199,-0.0008039838867262006,0.0005953137879259884,-0.002118768636137247,-0.016893617808818817,-4.326086491346359e-05,0.04110966995358467,0.24474352598190308,0.169938862323761,0.29622334241867065,0.002343068365007639,0.04444548487663269,0.420151025056839,-0.15259490536541562,0.7447608655113067,-1.3655485994146352,-0.007415656931698322,0.0012219344498589635,0.006735541857779026,0.015558341518044472,0.17022019624710083,-0.003374958410859108,0.22169896960258484,-0.07687761634588242,-0.048108670860528946,0.010092205367982388,0.17096306383609772,0.23953089118003845,-0.13269397923204115,0.3692093447872117,0.18821720917571144,0.0007105551776476204,-0.00021345197455957532,8.300208719447255e-06,0.011123202741146088,-0.016485845670104027,-0.017624391242861748,-0.6511144638061523,-0.05687832459807396,-0.07110071182250977,0.0007419698522426188,0.026573065668344498,0.6574499607086182,-1.082831455375095,1.2922802284663257,-1.1033968105706695
-0.0015859021805226803,-0.0012435060925781727,-0.007196588441729546,-0.8030986785888672,0.3607517182826996,-0.10890552401542664,0.14638468623161316,-0.3104637861251831,-0.051234763115644455,0.007473438046872616,0.8871131539344788,0.34704646468162537,-1.4925571532874877,1.3603992813054022,-1.059762118965199,-0.0006502558244392276,0.00048816867638379335,-0.002201931783929467,-0.008914662525057793,0.007483161054551601,0.03249354660511017,0.22680285573005676,0.15620319545269012,0.2956676185131073,0.0023472632747143507,0.03451520577073097,0.40405237674713135,-0.15259490536541562,0.7447608655113067,-1.3655485994146352,-0.007358882110565901,0.0009850983042269945,0.0066705914214253426,0.017611101269721985,0.1781150847673416,0.01416984386742115,0.27883175015449524,-0.08292241394519806,-0.011937275528907776,0.009980999864637852,0.1795436292886734,0.2911456227302551,-0.132307540486794,0.3688834169516109,0.1901699485616909,0.0006413592491298914,-0.0002920808910857886,-5.326810060068965e-05,0.012863104231655598,-0.012985868379473686,-0.03256707265973091,-0.6288777589797974,-0.05664138123393059,-0.07467666268348694,0.0007067463593557477,0.0373457707464695,0.6358239650726318,-1.082831455375095,1.2922802284663257,-1.1033968105706695
-0.0016782733146101236,-0.0012777263764292002,-0.00716047128662467,-0.7991891503334045,0.3656584620475769,-0.12398776412010193,0.13172926008701324,-0.3075387477874756,-0.1314152181148529,0.007464685942977667,0.8875710368156433,0.3594476878643036,-1.4925571532874877,1.3603992813054022,-1.059762118965199,-0.0005484373541548848,0.0004229486803524196,-0.0022381250746548176,-0.002292645163834095,0.019650550559163094,0.01862501911818981,0.1975478082895279,0.1339111626148224,0.2952061891555786,0.002342834370210767,0.027171524241566658,0.3796103596687317,-0.15259490536541562,0.7447608655113067,-1.3655485994146352,-0.0072715007700026035,0.0007018800242803991,0.006548414006829262,0.01936316303908825,0.17195384204387665,0.031077396124601364,0.3182920217514038,-0.08723491430282593,0.01428166776895523,0.009810661897063255,0.17580915987491608,0.3303387761116028,-0.132307540486794,0.3688834169516109,0.1901699485616909,0.0005879832315258682,-0.0002826718264259398,-8.180408622138202e-05,0.014067059382796288,-0.005961161106824875,-0.0442407988011837,-0.5947299599647522,-0.05666548013687134,-0.08167091012001038,0.0006575101288035512,0.04680454730987549,0.6029799580574036,-1.082831455375095,1.2922802284663257,-1.1033968105706695
-0.001764505635946989,-0.0012701180530712008,-0.007100334390997887,-0.795241117477417,0.37099123001098633,-0.1377069652080536,0.11662385612726212,-0.3052741289138794,-0.2157181203365326,0.007425727788358927,0.8882601857185364,0.3915708661079407,-1.4925571532874877,1.3603992813054022,-1.059762118965199,-0.0005097932880744338,0.0004063224187120795,-0.0022181218955665827,0.0013478868640959263,0.03664720058441162,0.002171838656067848,0.15465329587459564,0.10137767344713211,0.2953130900859833,0.0023119368124753237,0.03673623502254486,0.3484320640563965,-0.15259490536541562,0.7447608655113067,-1.3655485994146352,-0.007192639634013176,0.000406750594265759,0.006389652378857136,0.01925920881330967,0.151563823223114,0.04596543312072754,0.34329304099082947,-0.09011838585138321,0.03254885971546173,0.00962949451059103,0.15954726934432983,0.35641390085220337,-0.132307540486794,0.3688834169516109,0.1901699485616909,0.0005526430904865265,-0.00018390908371657133,-7.808195368852466e-05,0.014295661821961403,0.004109171684831381,-0.04898924008011818,-0.546262264251709,-0.05702894926071167,-0.092887282371521,0.000587651040405035,0.05119762569665909,0.5570303201675415,-1.082831455375095,1.2922802284663257,-1.1033968105706695
-0.001843402162194252,-0.0012275564949959517,-0.007031272631138563,-0.7919529676437378,0.3758382797241211,-0.14751070737838745,0.10252640396356583,-0.3037339448928833,-0.29590997099876404,0.007371826097369194,0.8889338374137878,0.4362667500972748,-1.4925571532874877,1.3603992813054022,-1.059762118965199,-0.0005432575708255172,0.00043695152271538973,-0.0021441266871988773,0.001828441396355629,0.05749886482954025,-0.013294164091348648,0.09664227068424225,0.057538263499736786,0.296284019947052,0.0022546250838786364,0.05904402956366539,0.3169142007827759,-0.15259490536541562,0.7447608655113067,-1.3655485994146352,-0.007154583930969238,0.00015533057739958167,0.006242044735699892,0.016951726749539375,0.12038766592741013,0.058635175228118896,0.35731977224349976,-0.09191644191741943,0.04490544646978378,0.009496068581938744,0.13497641682624817,0.3716753423213959,-0.132307540486794,0.3688834169516109,0.1901699485616909,0.0005446497816592455,-1.713734309305437e-05,-3.870156069751829e-05,0.013314416632056236,0.01549370028078556,-0.044433362782001495,-0.48192116618156433,-0.057774245738983154,-0.10881286859512329,0.0005462919361889362,0.04890451952815056,0.49741944670677185,-1.082831455375095,1.2922802284663257,-1.1033968105706695
-0.0019059665501117706,-0.0011640541488304734,-0.0069645121693611145,-0.7900604009628296,0.37918487191200256,-0.15092602372169495,0.09059828519821167,-0.3029637634754181,-0.36544227600097656,0.007313833571970463,0.8892442584037781,0.4832630157470703,-1.4925571532874877,1.3603992813054022,-1.059762118965199,-0.0006500210147351027,0.0005048083257861435,-0.002017571358010173,0.0003813914954662323,0.0799129456281662,-0.024284983053803444,0.023808956146240234,0.0026487261056900024,0.2982310950756073,0.002178979804739356,0.08352235704660416,0.2991916835308075,-0.15259490536541562,0.7447608655113067,-1.3655485994146352,-0.007174400147050619,-1.839539618231356e-05,0.006169504020363092,0.01363280974328518,0.08232702314853668,0.06906318664550781,0.36356624960899353,-0.09293413907289505,0.053014323115348816,0.009462300688028336,0.10832042992115021,0.37898245453834534,-0.132307540486794,0.3688834169516109,0.1901699485616909,0.0005757479229941964,0.00018568623636383563,3.957096487283707e-05,0.011254865676164627,0.02532607689499855,-0.030795518308877945,-0.4020496904850006,-0.05889963358640671,-0.12937456369400024,0.0006062432657927275,0.04143001511693001,0.4264397919178009,-1.082831455375095,1.2922802284663257,-1.1033968105706695
-0.0019322657026350498,-0.0010966095142066479,-0.006903007626533508,-0.7904112339019775,0.3794812560081482,-0.14662504196166992,0.0813874900341034,-0.3029533326625824,-0.4212028384208679,0.007251739036291838,0.8889628052711487,0.52518230676651,-1.4925571532874877,1.3603992813054022,-1.059762118965199,-0.0008105775923468173,0.0005923545104451478,-0.0018395408987998962,-0.0011386992409825325,0.10032854229211807,-0.02859887294471264,-0.060556892305612564,-0.06078984588384628,0.30106088519096375,0.0020956695079803467,0.10433124750852585,0.3130498230457306,-0.15259490536541562,0.7447608655113067,-1.3655485994146352,-0.00725447665899992,-0.00011490820907056332,0.006216790527105331,0.011011417955160141,0.03996296972036362,0.07725006341934204,0.3646045923233032,-0.0933966115117073,0.057881131768226624,0.00955453421920538,0.08766905218362808,0.38080134987831116,-0.132307540486794,0.3688834169516109,0.1901699485616909,0.0006536867003887892,0.0003974726132582873,0.0001519769721198827,0.008556530810892582,0.030548198148608208,-0.010707920417189598,-0.31024569272994995,-0.06034362316131592,-0.15360364317893982,0.0007799921440891922,0.033482324331998825,0.35140833258628845,-1.082831455375095,1.2922802284663257,-1.1033968105706695
-0.0018985620699822903,-0.0010425546206533909,-0.006846379488706589,-0.7938655614852905,0.3747047185897827,-0.13517117500305176,0.07497896254062653,-0.3036010265350342,-0.4629353880882263,0.007180833723396063,0.888198971748352,0.5586631894111633,-1.4927538635608166,1.3604241122851914,-1.0603383877047656,-0.0009899017168208957,0.0006742375553585589,-0.0016232978086918592,-0.001187560148537159,0.1143738180398941,-0.026270050555467606,-0.149553582072258,-0.12756475806236267,0.3044743239879608,0.002017324324697256,0.11735797673463821,0.3624136745929718,-0.15259490536541562,0.7447608655113067,-1.3655485994146352,-0.007380730472505093,-0.00015491526573896408,0.006373800802975893,0.009512483142316341,-0.0036231502890586853,0.08348540216684341,0.36222589015960693,-0.09342529624700546,0.05967196077108383,0.009753179736435413,0.08410366624593735,0.37880948185920715,-0.132307540486794,0.3688834169516109,0.1901699485616909,0.0007777393329888582,0.0005864042323082685,0.00028369459323585033,0.005743031390011311,0.02884988859295845,0.012307219207286835,-0.21404701471328735,-0.06197795271873474,-0.17947016656398773,0.0010145102860406041,0.03188676759600639,0.28612399101257324,-1.082831455375095,1.2922802284663257,-1.1033968105706695
-0.0017899021040648222,-0.0010199758689850569,-0.006798415444791317,-0.8000995516777039,0.364962100982666,-0.11873650550842285,0.07096680998802185,-0.30485445261001587,-0.49200740456581116,0.007103700190782547,0.8873866200447083,0.5831327438354492,-1.4927538635608166,1.3604241122851914,-1.0603383877047656,-0.001153634744696319,0.0007200783002190292,-0.0013977664057165384,0.0007116887718439102,0.11843011528253555,-0.01955614984035492,-0.2345152348279953,-0.19113820791244507,0.3080694079399109,0.001950163277797401,0.12003599852323532,0.43178462982177734,-0.15259490536541562,0.7447608655113067,-1.3655485994146352,-0.00752804521471262,-0.00015731481835246086,0.006579328328371048,0.008494723588228226,-0.04393132030963898,0.08768584579229355,0.3573993444442749,-0.09302673488855362,0.057608723640441895,0.009999188594520092,0.09844250977039337,0.3737740218639374,-0.132307540486794,0.3688834169516109,0.1901699485616909,0.000938243349082768,0.0007031854474917054,0.00041132423211820424,0.003273935988545418,0.01942422240972519,0.03480478376150131,-0.12292812764644623,-0.06364373117685318,-0.20443075895309448,0.0012425610329955816,0.039992399513721466,0.2468881905078888,-1.082831455375095,1.2922802284663257,-1.1033968105706695
-0.0016137161292135715,-0.0010523214004933834,-0.006768418475985527,-0.8083972334861755,0.3513966500759125,-0.09925290942192078,0.06893400847911835,-0.30648571252822876,-0.5105966329574585,0.007037254050374031,0.8870382308959961,0.5994950532913208,-1.4927538635608166,1.3604241122851914,-1.0603383877047656,-0.0012704539112746716,0.0007107084384188056,-0.0011975192464888096,0.003889107145369053,0.11158870905637741,-0.011743508279323578,-0.3085600733757019,-0.24631428718566895,0.31151261925697327,0.001884996541775763,0.11227232962846756,0.5029116868972778,-0.15259490536541562,0.7447608655113067,-1.3655485994146352,-0.007668340113013983,-0.00013177277287468314,0.006762729957699776,0.007695196196436882,-0.07738599181175232,0.08882182836532593,0.3503119945526123,-0.09209198504686356,0.04993942379951477,0.010225229896605015,0.11805560439825058,0.3656410276889801,-0.132307540486794,0.3688834169516109,0.1901699485616909,0.001117526087909937,0.000701479148119688,0.0005085262819193304,0.001514459028840065,0.0035597491078078747,0.053487688302993774,-0.04443616420030594,-0.06521632522344589,-0.2264660894870758,0.0014140497660264373,0.05362740159034729,0.23982208967208862,-1.082831455375095,1.2922802284663257,-1.1033968105706695
-0.0013983517419546843,-0.0011540800333023071,-0.006767441518604755,-0.8175126314163208,0.33625584840774536,-0.07880359888076782,0.06831029057502747,-0.3082100450992584,-0.5209963917732239,0.007006108295172453,0.887471079826355,0.60917729139328,-1.4927538635608166,1.3604241122851914,-1.0603383877047656,-0.0013126377016305923,0.0006525993812829256,-0.0010502407094463706,0.006859379820525646,0.09614795446395874,-0.005649048835039139,-0.36842527985572815,-0.29062265157699585,0.31462612748146057,0.001803305116482079,0.09655771404504776,0.5649675130844116,-0.15259490536541562,0.7447608655113067,-1.3655485994146352,-0.007769482210278511,-8.590615470893681e-05,0.006882382091134787,0.00753247644752264,-0.10264226794242859,0.08560734242200851,0.3404691517353058,-0.09040612727403641,0.03400031477212906,0.010379760526120663,0.13386856019496918,0.353904664516449,-0.132307540486794,0.3688834169516109,0.1901699485616909,0.0012867898913100362,0.0005712847341783345,0.0005539377452805638,0.0006723199039697647,-0.015583837404847145,0.06577733159065247,0.017826974391937256,-0.06663671880960464,-0.24461308121681213,0.0015129577368497849,0.0676015168428421,0.25415313243865967,-1.082831455375095,1.2922802284663257,-1.1033968105706695
-0.0011873941402882338,-0.0013170368038117886,-0.006800482049584389,-0.8261691331863403,0.3217414617538452,-0.059927523136138916,0.06848101317882538,-0.30961766839027405,-0.5252119898796082,0.007027876563370228,0.8886305689811707,0.61351478099823,-1.4927538635608166,1.3604241122851914,-1.0603383877047656,-0.0012624338269233704,0.000572943186853081,-0.0009699577931314707,0.007871647365391254,0.07628554105758667,-0.0027811452746391296,-0.4138582646846771,-0.32372668385505676,0.31743380427360535,0.001691987388767302,0.07674100250005722,0.6138744354248047,-0.1529201849709886,0.7446201420140725,-1.3660037617657252,-0.0077998582273721695,-3.360299160704017e-05,0.006935792043805122,0.008183908648788929,-0.11965111643075943,0.07758871465921402,0.3268496096134186,-0.08767040818929672,0.006406500935554504,0.010437630116939545,0.14284038543701172,0.3384639024734497,-0.132307540486794,0.3688834169516109,0.1901699485616909,0.001407071715220809,0.00034250240423716605,0.0005361313233152032,0.0006624758243560791,-0.034065019339323044,0.07086804509162903,0.06358011811971664,-0.06792313605546951,-0.25875329971313477,0.0015442135045304894,0.07863297313451767,0.2749713659286499,-1.0824959421401898,1.2921883200565885,-1.1023755694238095
-0.0010289212223142385,-0.0015103433979675174,-0.0068643968552351,-0.8330304026603699,0.31020432710647583,-0.04509815573692322,0.06880664825439453,-0.31014201045036316,-0.5247199535369873,0.007103503681719303,0.890056312084198,0.6133949756622314,-1.4927538635608166,1.3604241122851914,-1.0603383877047656,-0.0011144675081595778,0.0005002454854547977,-0.0009580835467204452,0.006005451548844576,0.05607849359512329,-0.0030473116785287857,-0.44621992111206055,-0.34696218371391296,0.31979161500930786,0.001552484231069684,0.05648140609264374,0.6494317650794983,-0.1529201849709886,0.7446201420140725,-1.3660037617657252,-0.007738220505416393,4.547357093542814e-06,0.006945452652871609,0.008713560178875923,-0.1287541538476944,0.06553522497415543,0.3081244230270386,-0.08354099839925766,-0.03657515347003937,0.010398047044873238,0.14473570883274078,0.3213370740413666,-0.132307540486794,0.3688834169516109,0.1901699485616909,0.001442020758986473,6.505753844976425e-05,0.000455712026450783,0.0012939181178808212,-0.0482671782374382,0.06985741853713989,0.0944250151515007,-0.06904855370521545,-0.26928144693374634,0.0015137139707803726,0.08492027968168259,0.29359203577041626,-1.0824959421401898,1.2921883200565885,-1.1023755694238095
-0.0009623798541724682,-0.0016921162605285645,-0.00695058424025774,-0.8367854952812195,0.3041433095932007,-0.03596895933151245,0.06862623989582062,-0.3090355098247528,-0.5203627943992615,0.007218036334961653,0.8910706639289856,0.6090894341468811,-1.4927538635608166,1.3604241122851914,-1.0603383877047656,-0.0008781563956290483,0.00044123269617557526,-0.0010112460004165769,0.001912121195346117,0.038170911371707916,-0.005345795303583145,-0.4677073359489441,-0.3619144558906555,0.321776807308197,0.0014101287815719843,0.03859082981944084,0.6732551455497742,-0.1529201849709886,0.7446201420140725,-1.3660037617657252,-0.007574720773845911,1.0843214113265276e-05,0.006931797601282597,0.00761790806427598,-0.1301872432231903,0.051174700260162354,0.28295958042144775,-0.07769052684307098,-0.09840258955955505,0.010267732664942741,0.1400914043188095,0.3094915449619293,-0.132307540486794,0.3688834169516109,0.1901699485616909,0.0013741131406277418,-0.00021794839994981885,0.0003343084827065468,0.0021975748240947723,-0.055703356862068176,0.06475165486335754,0.11304233968257904,-0.07001590728759766,-0.2767418622970581,0.00143089157063514,0.08544278889894485,0.3070290982723236,-1.0824959421401898,1.2921883200565885,-1.1023755694238095
-0.0010102917440235615,-0.001823311671614647,-0.007045206148177385,-0.8365323543548584,0.30541425943374634,-0.03313300013542175,0.06725701689720154,-0.30536675453186035,-0.5123509764671326,0.00734711391851306,0.8911576867103577,0.6002298593521118,-1.4927538635608166,1.3604241122851914,-1.0603383877047656,-0.0005840883241035044,0.00038094367482699454,-0.0011151200160384178,-0.002905401401221752,0.023791268467903137,-0.008417596109211445,-0.4805148243904114,-0.3703790009021759,0.32334810495376587,0.0013152072206139565,0.025403182953596115,0.6874802708625793,-0.1529201849709886,0.7446201420140725,-1.3660037617657252,-0.007312871981412172,-1.7375219613313675e-05,0.006896026898175478,0.0041314419358968735,-0.12434742599725723,0.036673009395599365,0.25042596459388733,-0.06989897787570953,-0.18131256103515625,0.0100515466183424,0.12970836460590363,0.3169751763343811,-0.132307540486794,0.3688834169516109,0.1901699485616909,0.001209494424983859,-0.0004703919403254986,0.00021063978783786297,0.0030975863337516785,-0.05562693253159523,0.05754203349351883,0.122393898665905,-0.0707983523607254,-0.28162524104118347,0.0013147298013791442,0.08009392023086548,0.3151276707649231,-1.0824959421401898,1.2921883200565885,-1.1023755694238095
-0.0011754105798900127,-0.0018783023115247488,-0.007128525525331497,-0.8322149515151978,0.3142469525337219,-0.036168575286865234,0.06400607526302338,-0.2980535924434662,-0.5003523230552673,0.007464950438588858,0.8903038501739502,0.5859054327011108,-1.4927538635608166,1.3604241122851914,-1.0603383877047656,-0.0002798341156449169,0.00030362262623384595,-0.0012357323430478573,-0.007339578587561846,0.013395293615758419,-0.011710746213793755,-0.48638835549354553,-0.3739091157913208,0.32437437772750854,0.0013028922257944942,0.019246945157647133,0.6939743757247925,-0.1529201849709886,0.7446201420140725,-1.3660037617657252,-0.006983371451497078,-6.826111348345876e-05,0.006826861295849085,-0.001483576837927103,-0.11275474727153778,0.02412794716656208,0.21054166555404663,-0.06017973646521568,-0.284988671541214,0.009766174480319023,0.11531691998243332,0.3593994081020355,-0.132307540486794,0.3688834169516109,0.1901699485616909,0.0009731007739901543,-0.0006612828001379967,0.00012093700934201479,0.0038297902792692184,-0.04939446225762367,0.04992477595806122,0.12532567977905273,-0.07131819427013397,-0.28420382738113403,0.0011827280977740884,0.07033465802669525,0.31869205832481384,-1.0824959421401898,1.2921883200565885,-1.1023755694238095
-0.0014399730134755373,-0.0018486410845071077,-0.007182597182691097,-0.8246610760688782,0.32910990715026855,-0.04384675621986389,0.05820611119270325,-0.2859521806240082,-0.48366546630859375,0.007555176503956318,0.8889891505241394,0.5648795366287231,-1.4927538635608166,1.3604241122851914,-1.0603383877047656,-1.2913427781313658e-05,0.00021292566088959575,-0.0013294978998601437,-0.010933813638985157,0.006812123116105795,-0.015309510752558708,-0.48633649945259094,-0.37362030148506165,0.3246023952960968,0.0013465024530887604,0.020008359104394913,0.6938890814781189,-0.1529201849709886,0.7446201420140725,-1.3660037617657252,-0.0066505176946520805,-0.00013015061267651618,0.006718186661601067,-0.008656156249344349,-0.09830038249492645,0.015218434855341911,0.16496050357818604,-0.04894430935382843,-0.4048105776309967,0.009454118087887764,0.09984735399484634,0.43986260890960693,-0.132307540486794,0.3688834169516109,0.1901699485616909,0.0006990554393269122,-0.0007696165121160448,7.856497541069984e-05,0.004333324730396271,-0.04008156806230545,0.043259188532829285,0.12433971464633942,-0.07143121212720871,-0.2844252586364746,0.0010426698718219995,0.05913262441754341,0.3185286521911621,-1.0824959421401898,1.2921883200565885,-1.1023755694238095
-0.0017668933141976595,-0.0017454701010137796,-0.007202554028481245,-0.8151538372039795,0.3475988209247589,-0.05437937378883362,0.04929162561893463,-0.2680239677429199,-0.4614810347557068,0.007618750911206007,0.8878388404846191,0.535939633846283,-1.4927538635608166,1.3604241122851914,-1.0603383877047656,0.00018337307847104967,0.00012916093692183495,-0.0013695851666852832,-0.013117399998009205,0.003002873621881008,-0.019300321117043495,-0.4804953336715698,-0.37010377645492554,0.3236381411552429,0.0013878298923373222,0.023528404533863068,0.687454879283905,-0.1529201849709886,0.7446201420140725,-1.3660037617657252,-0.0063868029974401,-0.00020198713173158467,0.00658238073810935,-0.01716299168765545,-0.08445505052804947,0.010926280170679092,0.1173180639743805,-0.03708437830209732,-0.5309803485870361,0.009173864498734474,0.08687121421098709,0.5450494289398193,-0.132307540486794,0.3688834169516109,0.1901699485616909,0.00042389408918097615,-0.0007931567379273474,7.467836258001626e-05,0.004631254822015762,-0.031409211456775665,0.03841748833656311,0.12150563299655914,-0.07091711461544037,-0.2818583548069,0.0009024193277582526,0.04983864352107048,0.31501904129981995,-1.0824959421401898,1.2921883200565885,-1.1023755694238095
-0.0021051778458058834,-0.00160095258615911,-0.007195490412414074,-0.805064857006073,0.3671555519104004,-0.06581169366836548,0.03692740201950073,-0.24360260367393494,-0.4332433044910431,0.007666152901947498,0.8872788548469543,0.49840307235717773,-1.4927538635608166,1.3604241122851914,-1.0603383877047656,0.00028982970979996026,7.108610589057207e-05,-0.001360738417133689,-0.01280621811747551,0.00033351872116327286,-0.023480866104364395,-0.46812790632247925,-0.3634263277053833,0.320945680141449,0.0013930769637227058,0.026748111471533775,0.67396479845047,-0.1529201849709886,0.7446201420140725,-1.3660037617657252,-0.006234615109860897,-0.0002850580494850874,0.006447055377066135,-0.0274187084287405,-0.07419175654649734,0.011246105656027794,0.07223832607269287,-0.02572254091501236,-0.6511765718460083,0.008973082527518272,0.07989165931940079,0.6556759476661682,-0.132307540486794,0.3688834169516109,0.1901699485616909,0.0001824365754146129,-0.0007522091036662459,9.321370453108102e-05,0.004814863204956055,-0.02665018104016781,0.03559991344809532,0.11845971643924713,-0.06947951018810272,-0.27569323778152466,0.0007796091958880424,0.04472995549440384,0.3080046474933624,-1.0824959421401898,1.2921883200565885,-1.1023755694238095
-0.0024005321320146322,-0.0014600781723856926,-0.007170220836997032,-0.7957201600074768,0.3851645290851593,-0.07682007551193237,0.021200895309448242,-0.2127804458141327,-0.39912551641464233,0.007701067719608545,0.88736891746521,0.45279815793037415,-1.4927538635608166,1.3604241122851914,-1.0603383877047656,0.00029767496744170785,4.636790254153311e-05,-0.001330409198999405,-0.009104838594794273,-0.0024550501257181168,-0.027616972103714943,-0.44775596261024475,-0.35320404171943665,0.31587377190589905,0.0013640928082168102,0.029182571917772293,0.6519315242767334,-0.1529201849709886,0.7446201420140725,-1.3660037617657252,-0.006194802932441235,-0.0003672866150736809,0.006336594000458717,-0.04041863605380058,-0.0695294588804245,0.015152649953961372,0.03341288864612579,-0.015735454857349396,-0.7556430101394653,0.008869211189448833,0.0818389505147934,0.7565450668334961,-0.132307540486794,0.3688834169516109,0.1901699485616909,3.992579877376556e-06,-0.0006827721954323351,0.0001193535135826096,0.005022040568292141,-0.027741722762584686,0.034255221486091614,0.11644735932350159,-0.06675995141267776,-0.26480406522750854,0.0006931371171958745,0.04436489939689636,0.2968805730342865,-1.0824959421401898,1.2921883200565885,-1.1023755694238095
-0.0026059465017169714,-0.0013656350784003735,-0.007134602405130863,-0.7882153391838074,0.39920422434806824,-0.08735603094100952,0.002882733941078186,-0.17692415416240692,-0.3606252670288086,0.007717413362115622,0.8878504633903503,0.40169772505760193,-1.4927538635608166,1.3604241122851914,-1.0603383877047656,0.00021004551672376692,5.703145870938897e-05,-0.0013098245253786445,-0.0020320340991020203,-0.005405806936323643,-0.031649768352508545,-0.41743677854537964,-0.33874762058258057,0.307719349861145,0.0013277846155688167,0.032172344624996185,0.6194308996200562,-0.1529201849709886,0.7446201420140725,-1.3660037617657252,-0.0062429048120975494,-0.00042314169695600867,0.006260229274630547,-0.057125404477119446,-0.07191868126392365,0.02121163345873356,0.002596229314804077,-0.007507435977458954,-0.8398345708847046,0.008851179853081703,0.09426315128803253,0.8398721218109131,-0.132307540486794,0.3688834169516109,0.1901699485616909,-8.884133421815932e-05,-0.0006166950915940106,0.00013885254156775773,0.0053879013285040855,-0.03466178476810455,0.03329804167151451,0.11637460440397263,-0.062372077256441116,-0.24789145588874817,0.0006383460131473839,0.04836557060480118,0.28086206316947937,-1.0824959421401898,1.2921883200565885,-1.1023755694238095
-0.0026871091686189175,-0.0013440416660159826,-0.007098378613591194,-0.7831302881240845,0.40774574875831604,-0.09838289022445679,-0.016445770859718323,-0.13893716037273407,-0.32086730003356934,0.007708046585321426,0.888385534286499,0.3500426113605499,-1.4927538635608166,1.3604241122851914,-1.0603383877047656,4.050417919643223e-05,0.00010666204616427422,-0.0013211802579462528,0.007537525147199631,-0.0074202679097652435,-0.035559386014938354,-0.37521544098854065,-0.31928613781929016,0.2958425283432007,0.0013260975247249007,0.037099119275808334,0.574676513671875,-0.1529201849709886,0.7446201420140725,-1.3660037617657252,-0.006346128415316343,-0.00042839557863771915,0.006215784698724747,-0.07761860638856888,-0.08237564563751221,0.028531178832054138,-0.020071446895599365,-0.001018516719341278,-0.9035255312919617,0.00889341626316309,0.11672370135784149,0.9037489891052246,-0.132307540486794,0.3688834169516109,0.1901699485616909,-8.184292528312653e-05,-0.0005627530626952648,0.00014149949129205197,0.005978035740554333,-0.045679591596126556,0.031713131815195084,0.11884085834026337,-0.05596330761909485,-0.22372651100158691,0.00058601307682693,0.055929284542798996,0.25943899154663086,-1.0824959421401898,1.2921883200565885,-1.1023755694238095
-0.002625989029183984,-0.0013937755720689893,-0.0070700207725167274,-0.7803583741188049,0.41079047322273254,-0.11084258556365967,-0.03481020778417587,-0.10248589515686035,-0.28377050161361694,0.0076696560718119144,0.8888161182403564,0.3037117123603821,-1.4927538635608166,1.3604241122851914,-1.0603383877047656,-0.00019331509247422218,0.00020007387502118945,-0.0013708712067455053,0.01806260645389557,-0.007077338173985481,-0.03925856202840805,-0.3197864592075348,-0.2942807078361511,0.279845654964447,0.001398816704750061,0.043790195137262344,0.5168927311897278,-0.1529201849709886,0.7446201420140725,-1.3660037617657252,-0.00647170003503561,-0.00037235929630696774,0.0061983815394341946,-0.10092867910861969,-0.10105790197849274,0.037155136466026306,-0.035413458943367004,0.003981433808803558,-0.9490315318107605,0.008968917652964592,0.14757981896400452,0.9497003555297852,-0.132307540486794,0.3688834169516109,0.1901699485616909,2.3591896024299785e-05,-0.0005072662024758756,0.00012905204494018108,0.006754280999302864,-0.058576371520757675,0.02917536348104477,0.12413427233695984,-0.04731137678027153,-0.19152194261550903,0.0005239560850895941,0.06578763574361801,0.23308439552783966,-1.0824959421401898,1.2921883200565885,-1.1023755694238095
-0.0024284175597131252,-0.001483611180447042,-0.007051027379930019,-0.7792143225669861,0.4098440408706665,-0.12480166554450989,-0.05066348612308502,-0.07051524519920349,-0.25241997838020325,0.00760363694280386,0.8892258405685425,0.26693639159202576,-1.49321967828583,1.360408985022769,-1.0607625698677066,-0.00047224503941833973,0.000339194608386606,-0.0014452934265136719,0.02749546617269516,-0.003444710746407509,-0.0427151620388031,-0.25140124559402466,-0.2638424038887024,0.25982898473739624,0.0015578643651679158,0.050916124135255814,0.447578489780426,-0.1529201849709886,0.7446201420140725,-1.3660037617657252,-0.0065997932106256485,-0.0002601929591037333,0.00620101485401392,-0.12618963420391083,-0.12693744897842407,0.04751762002706528,-0.04411552846431732,0.008664533495903015,-0.979857325553894,0.009059666655957699,0.18518872559070587,0.9808881878852844,-0.1331852771903835,0.368378469661851,0.19110096715647973,0.00020563651924021542,-0.0004306377668399364,0.00011426061973907053,0.007598972413688898,-0.07182395458221436,0.026190534234046936,0.13217651844024658,-0.036462318152189255,-0.15145136415958405,0.0004907043185085058,0.07682687789201736,0.20429793000221252,-1.0824959421401898,1.2921883200565885,-1.1023755694238095
-0.0021268008276820183,-0.0015675281174480915,-0.00703692389652133,-0.7788394093513489,0.40694162249565125,-0.13976308703422546,-0.06319670379161835,-0.04447430372238159,-0.22822824120521545,0.007516563404351473,0.889789879322052,0.24095624685287476,-1.49321967828583,1.360408985022769,-1.0607625698677066,-0.0007728425553068519,0.0005201170570217073,-0.0015177843160927296,0.03393823280930519,0.0035757385194301605,-0.045971713960170746,-0.17303815484046936,-0.22925977408885956,0.23672819137573242,0.0017808639677241445,0.05725371465086937,0.3722129464149475,-0.1529201849709886,0.7446201420140725,-1.3660037617657252,-0.006713884882628918,-0.00012444669846445322,0.006232984364032745,-0.1532239466905594,-0.1583605706691742,0.06062839925289154,-0.048823535442352295,0.011709243059158325,-0.9996151328086853,0.009161978028714657,0.2285420149564743,1.0008752346038818,-0.1331852771903835,0.368378469661851,0.19110096715647973,0.00042850198224186897,-0.0003210090799257159,0.00011010370508302003,0.008364335633814335,-0.08499298244714737,0.023816963657736778,0.14241145551204681,-0.02391301840543747,-0.10532918572425842,0.0005466110305860639,0.08866237848997116,0.17873749136924744,-1.0824959421401898,1.2921883200565885,-1.1023755694238095
-0.0017778193578124046,-0.001607026089914143,-0.007020460907369852,-0.7784968614578247,0.40400177240371704,-0.15458521246910095,-0.07237399369478226,-0.024623308330774307,-0.21114590764045715,0.00741822412237525,0.8906016945838928,0.22455933690071106,-1.49321967828583,1.360408985022769,-1.0607625698677066,-0.001066054799593985,0.00073019735282287,-0.001565619371831417,0.03638389706611633,0.013278398662805557,-0.04881683364510536,-0.09099702537059784,-0.19327126443386078,0.21248339116573334,0.0020299814641475677,0.06231522560119629,0.30130288004875183,-0.1529201849709886,0.7446201420140725,-1.3660037617657252,-0.006820242386311293,1.821550540626049e-06,0.006291287485510111,-0.1838231384754181,-0.19288261234760284,0.07685164362192154,-0.05030607432126999,0.014132678508758545,-1.0114552974700928,0.009278793819248676,0.27730995416641235,1.0128041505813599,-0.1331852771903835,0.368378469661851,0.19110096715647973,0.0006534372223541141,-0.00017682844190858305,0.00012110944953747094,0.008898098953068256,-0.09863375872373581,0.02342698909342289,0.15376214683055878,-0.010702474042773247,-0.05695297196507454,0.0006876888801343739,0.10176747292280197,0.16431975364685059,-1.0824959421401898,1.2921883200565885,-1.1023755694238095
-0.0014424335677176714,-0.0015847518807277083,-0.00699888588860631,-0.7777972221374512,0.40229296684265137,-0.1676548421382904,-0.0785534530878067,-0.010566143319010735,-0.2001960426568985,0.0073195938020944595,0.8915807604789734,0.21531544625759125,-1.49321967828583,1.360408985022769,-1.0607625698677066,-0.0013217011000961065,0.0009469026699662209,-0.0015823905123397708,0.03477530553936958,0.024254221469163895,-0.050441376864910126,-0.01320717018097639,-0.15933465957641602,0.1895304024219513,0.0022688054013997316,0.0658932626247406,0.24795913696289062,-0.1529201849709886,0.7446201420140725,-1.3660037617657252,-0.006919908802956343,8.411903399974108e-05,0.006368823349475861,-0.220449760556221,-0.228390634059906,0.09627537429332733,-0.04973234236240387,0.015984289348125458,-1.0175377130508423,0.009405004791915417,0.3317066729068756,1.0188777446746826,-0.1331852771903835,0.368378469661851,0.19110096715647973,0.000845070811919868,-5.288529791869223e-06,0.00014246435603126884,0.009060440585017204,-0.11412869393825531,0.02652980387210846,0.1649099886417389,0.0018659038469195366,-0.0110950767993927,0.0008570115314796567,0.11752140522003174,0.16529333591461182,-1.0824959421401898,1.2921883200565885,-1.1023755694238095
-0.0011719404719769955,-0.001505466876551509,-0.006976076867431402,-0.7766907811164856,0.40243589878082275,-0.17692598700523376,-0.08231905102729797,-0.0016788970679044724,-0.19384054839611053,0.007232255768030882,0.8924718499183655,0.21060247719287872,-1.49321967828583,1.360408985022769,-1.0607625698677066,-0.001516446704044938,0.0011423903051763773,-0.0015797149389982224,0.029588570818305016,0.03453267738223076,-0.04971456527709961,0.05404643714427948,-0.13020220398902893,0.16982191801071167,0.002469851402565837,0.06737601011991501,0.22071047127246857,-0.1529201849709886,0.7446201420140725,-1.3660037617657252,-0.007008859422057867,9.970052633434534e-05,0.00644574174657464,-0.2652904987335205,-0.26323503255844116,0.11827707290649414,-0.048038944602012634,0.01709030568599701,-1.0187758207321167,0.009522691369056702,0.3919964134693146,1.0200510025024414,-0.1331852771903835,0.368378469661851,0.19110096715647973,0.0009728946024551988,0.0001774981210473925,0.00016541322111152112,0.008777218870818615,-0.1336631029844284,0.034337978810071945,0.1747952103614807,0.012756875716149807,0.02844073623418808,0.0010026919189840555,0.1382821798324585,0.1775527447462082,-1.0824959421401898,1.2921883200565885,-1.1023755694238095
-0.001001786906272173,-0.0013894680887460709,-0.006957473233342171,-0.7753351330757141,0.40455174446105957,-0.1805126667022705,-0.08434374630451202,0.0025860723108053207,-0.19022820889949799,0.007165237795561552,0.8929678201675415,0.20810411870479584,-1.49321967828583,1.360408985022769,-1.0607625698677066,-0.0016378466971218586,0.0012916624546051025,-0.001577221555635333,0.021665524691343307,0.041999451816082,-0.04607158526778221,0.1078270822763443,-0.1071762666106224,0.15431520342826843,0.0026150643825531006,0.06599954515695572,0.21662551164627075,-0.1529201849709886,0.7446201420140725,-1.3660037617657252,-0.0070791784673929214,4.727946361526847e-05,0.006497822701931,-0.31888455152511597,-0.2960490882396698,0.14121395349502563,-0.04593200981616974,0.0170164555311203,-1.0146992206573486,0.009609302505850792,0.4574645459651947,1.015880823135376,-0.1331852771903835,0.368378469661851,0.19110096715647973,0.001013230881653726,0.000346161425113678,0.00018375422223471105,0.008078355342149734,-0.1597961038351059,0.047339148819446564,0.1828768104314804,0.02148064784705639,0.05983353406190872,0.0010863839415833354,0.16685637831687927,0.19361145794391632,-1.0824959421401898,1.2921883200565885,-1.1023755694238095
-0.0009477734565734863,-0.0012654344318434596,-0.00694542471319437,-0.7739322185516357,0.4084317088127136,-0.1774541139602661,-0.08530262857675552,0.0025062793865799904,-0.18734872341156006,0.0071230982430279255,0.8929039835929871,0.20586977899074554,-1.49321967828583,1.360408985022769,-1.0607625698677066,-0.0016810412053018808,0.0013782805763185024,-0.0015869643539190292,0.012355119921267033,0.04510786756873131,-0.03998935595154762,0.1480012834072113,-0.09029920399188995,0.14314255118370056,0.002691470319405198,0.061534684151411057,0.2248290777206421,-0.1527377244966103,0.7446130090509425,-1.3661377739868759,-0.0071221208199858665,-5.70315751247108e-05,0.006505977362394333,-0.3792414367198944,-0.32640340924263,0.16226327419281006,-0.043915629386901855,0.01504901796579361,-1.0034315586090088,0.00964653305709362,0.5260158181190491,1.0045047998428345,-0.1331852771903835,0.368378469661851,0.19110096715647973,0.0009549834067001939,0.000468526006443426,0.00019375295960344374,0.006882593035697937,-0.1942434161901474,0.06526084244251251,0.18910305202007294,0.027811869978904724,0.08285623788833618,0.0010812262771651149,0.20502890646457672,0.20832334458827972,-1.0844790823178572,1.292305812005238,-1.1033875067262928
-0.0010032020509243011,-0.0011654281988739967,-0.006940979044884443,-0.7727106809616089,0.41343170404434204,-0.16829460859298706,-0.08582299947738647,-0.0020040366798639297,-0.1831304281949997,0.007109277416020632,0.8923736214637756,0.20225320756435394,-1.49321967828583,1.360408985022769,-1.0607625698677066,-0.0016438290476799011,0.001397100044414401,-0.0016085704555734992,0.0035063237883150578,0.04347310587763786,-0.032436273992061615,0.17599593102931976,-0.07905083894729614,0.13590559363365173,0.002691014902666211,0.05435362830758095,0.23599562048912048,-0.1527377244966103,0.7446130090509425,-1.3661377739868759,-0.007128226105123758,-0.000198186346096918,0.006458114832639694,-0.44245216250419617,-0.35584643483161926,0.17783918976783752,-0.04233112931251526,0.010204054415225983,-0.9817968606948853,0.009620714001357555,0.5949935913085938,0.9827619791030884,-0.1331852771903835,0.368378469661851,0.19110096715647973,0.0008021952817216516,0.000519049062859267,0.0001911741856019944,0.005616765469312668,-0.23661823570728302,0.08711415529251099,0.19353865087032318,0.03235646337270737,0.09844235330820084,0.0009744110284373164,0.252207487821579,0.21953369677066803,-1.0844790823178572,1.292305812005238,-1.1033875067262928
-0.001142098568379879,-0.0011191436788067222,-0.006945865228772163,-0.7719860076904297,0.4183087944984436,-0.15520691871643066,-0.08645742386579514,-0.011391334235668182,-0.17552316188812256,0.007127546239644289,0.891646683216095,0.19599242508411407,-1.49321967828583,1.360408985022769,-1.0607625698677066,-0.001533071743324399,0.00134753598831594,-0.0016388118965551257,-0.0030334405601024628,0.03787250071763992,-0.02424602583050728,0.19409890472888947,-0.07240680605173111,0.13196705281734467,0.0026176071260124445,0.04507103189826012,0.24562661349773407,-0.1527377244966103,0.7446130090509425,-1.3661377739868759,-0.007084522396326065,-0.0003711573372129351,0.006347014103084803,-0.5041415095329285,-0.38755369186401367,0.1846773624420166,-0.0413961261510849,0.0012794062495231628,-0.9455924034118652,0.009519075974822044,0.6621648073196411,0.9464989900588989,-0.1331852771903835,0.368378469661851,0.19110096715647973,0.0005764862871728837,0.000483774027088657,0.00016834160487633198,0.004272695630788803,-0.284349650144577,0.11107520759105682,0.1965196579694748,0.03529207035899162,0.10784794390201569,0.0007711761281825602,0.30530422925949097,0.22692881524562836,-1.0844790823178572,1.292305812005238,-1.1033875067262928
-0.0013287793844938278,-0.0011433428153395653,-0.00696267606690526,-0.7721294164657593,0.4214562773704529,-0.14132466912269592,-0.0876668393611908,-0.026362601667642593,-0.1626090109348297,0.007179954554885626,0.8909443616867065,0.18660694360733032,-1.49321967828583,1.360408985022769,-1.0607625698677066,-0.0013655347283929586,0.0012359097599983215,-0.0016783582977950573,-0.005860950797796249,0.029683684930205345,-0.016147375106811523,0.20472709834575653,-0.06927880644798279,0.13057437539100647,0.0024917954578995705,0.03429591283202171,0.2525121867656708,-0.1527377244966103,0.7446130090509425,-1.3661377739868759,-0.006978588178753853,-0.0005735700251534581,0.006166774779558182,-0.5607786774635315,-0.4247446060180664,0.18105365335941315,-0.04123569279909134,-0.01303013414144516,-0.8900894522666931,0.00933052971959114,0.7264028787612915,0.8911393880844116,-0.1331852771903835,0.368378469661851,0.19110096715647973,0.0003072512918151915,0.0003692434693221003,0.00011674858978949487,0.0030694566667079926,-0.33354681730270386,0.13431410491466522,0.19837990403175354,0.03700799494981766,0.11253306269645691,0.0004943422973155975,0.35958752036094666,0.23105813562870026,-1.0844790823178572,1.292305812005238,-1.1033875067262928
-0.0015274763572961092,-0.001231198781169951,-0.0069960253313183784,-0.7734341025352478,0.4214954078197479,-0.12956053018569946,-0.08980230242013931,-0.047679267823696136,-0.14278392493724823,0.007265906780958176,0.8903059363365173,0.17528551816940308,-1.49321967828583,1.360408985022769,-1.0607625698677066,-0.0011593182571232319,0.0010737983975559473,-0.0017307125963270664,-0.004236285109072924,0.020274827256798744,-0.009170761331915855,0.2100483924150467,-0.06862219423055649,0.13096082210540771,0.002343592932447791,0.022652098909020424,0.25686585903167725,-0.1527377244966103,0.7446130090509425,-1.3661377739868759,-0.0068042222410440445,-0.0008001856040209532,0.005910126492381096,-0.6104605197906494,-0.4691440165042877,0.1676000952720642,-0.041900843381881714,-0.03393002599477768,-0.8108505606651306,0.009048056788742542,0.7879390716552734,0.8126410841941833,-0.1331852771903835,0.368378469661851,0.19110096715647973,2.0467534341150895e-05,0.00019712874200195074,2.9193295631557703e-05,0.0023064501583576202,-0.37977659702301025,0.15320776402950287,0.19942404329776764,0.03785580396652222,0.11389167606830597,0.0002003270055865869,0.4095219075679779,0.23275378346443176,-1.0844790823178572,1.292305812005238,-1.1033875067262928
-0.0017063687555491924,-0.0013552969321608543,-0.0070501817390322685,-0.7758575677871704,0.4180489182472229,-0.12180346250534058,-0.09307568520307541,-0.07583233714103699,-0.1150476485490799,0.007379267364740372,0.8896942734718323,0.16628165543079376,-1.49321967828583,1.360408985022769,-1.0607625698677066,-0.0009242022060789168,0.0008723867940716445,-0.001793891191482544,0.0022399225272238255,0.010672424919903278,-0.004913509823381901,0.21173371374607086,-0.06951290369033813,0.1323830634355545,0.002198466332629323,0.011960789561271667,0.25920742750167847,-0.1527377244966103,0.7446130090509425,-1.3661377739868759,-0.0065575409680604935,-0.0010476165916770697,0.005569265224039555,-0.6522955298423767,-0.5201680064201355,0.14704836905002594,-0.04337135702371597,-0.0622105598449707,-0.7049505114555359,0.008666923269629478,0.8471643328666687,0.7090179324150085,-0.1331852771903835,0.368378469661851,0.19110096715647973,-0.000265536829829216,-5.748648618464358e-06,-9.314066846854985e-05,0.00224517285823822,-0.4183594286441803,0.1643683910369873,0.19988489151000977,0.038109321147203445,0.11313778162002563,0.0002814570034388453,0.44949597120285034,0.23282277584075928,-1.0844790823178572,1.292305812005238,-1.1033875067262928
-0.0018385231960564852,-0.0014844909310340881,-0.007120421156287193,-0.7787986993789673,0.41227489709854126,-0.11876285076141357,-0.09751218557357788,-0.11058621108531952,-0.07943382859230042,0.007502284832298756,0.8891583681106567,0.1674743890762329,-1.49321967828583,1.360408985022769,-1.0607625698677066,-0.0006663731765002012,0.0006418726406991482,-0.0018513859249651432,0.01416049525141716,0.0014819215284660459,-0.005607414525002241,0.21082699298858643,-0.07117141783237457,0.1341208964586258,0.0020697060972452164,0.015302248299121857,0.2598111033439636,-0.1527377244966103,0.7446130090509425,-1.3661377739868759,-0.006238024681806564,-0.0013196042273193598,0.005140725523233414,-0.6847223043441772,-0.5755386352539062,0.12262796610593796,-0.04554205387830734,-0.09779635071754456,-0.5726833343505859,0.008190321736037731,0.9028438329696655,0.5827558636665344,-0.1331852771903835,0.368378469661851,0.19110096715647973,-0.0005346841644495726,-0.0002146329206880182,-0.00023210835934150964,0.0029313825070858,-0.4450228810310364,0.16624802350997925,0.1998988687992096,0.03794378042221069,0.11126379668712616,0.0006211511208675802,0.47507089376449585,0.2319028228521347,-1.0844790823178572,1.292305812005238,-1.1033875067262928
-0.0019062249921262264,-0.0015975097194314003,-0.007185964845120907,-0.7812905311584473,0.40642568469047546,-0.12002173066139221,-0.10288091003894806,-0.15038540959358215,-0.037596672773361206,0.007604197598993778,0.8888205289840698,0.1860477477312088,-1.49321967828583,1.360408985022769,-1.0607625698677066,-0.00040423887548968196,0.0004010557313449681,-0.0018757889047265053,0.03236183151602745,-0.007028227671980858,-0.013840151950716972,0.20769822597503662,-0.07295200973749161,0.1354546844959259,0.0019603159744292498,0.035891976207494736,0.2584734559059143,-0.1527377244966103,0.7446130090509425,-1.3661377739868759,-0.005863683298230171,-0.001622525742277503,0.004633063450455666,-0.7048745155334473,-0.6327462792396545,0.09649384766817093,-0.04819262772798538,-0.1391485333442688,-0.41980108618736267,0.0076472642831504345,0.9521171450614929,0.44487953186035156,-0.1331852771903835,0.368378469661851,0.19110096715647973,-0.0007708569755777717,-0.00040486373472958803,-0.000352917006239295,0.004119623452425003,-0.4572412371635437,0.16011354327201843,0.1994948387145996,0.037428610026836395,0.10904604941606522,0.0009395134402438998,0.4844820499420166,0.23041296005249023,-1.0844790823178572,1.292305812005238,-1.1033875067262928
-0.0019065046217292547,-0.001683550886809826,-0.007213604636490345,-0.7825179100036621,0.402643620967865,-0.12425041198730469,-0.10866544395685196,-0.19204850494861603,0.006909187883138657,0.007648868951946497,0.888759970664978,0.22076807916164398,-1.49321967828583,1.360408985022769,-1.0607625698677066,-0.0001784580817911774,0.00018366624135524035,-0.001846914179623127,0.057328566908836365,-0.014766412787139416,-0.031676121056079865,0.2020588517189026,-0.07431451231241226,0.13563615083694458,0.0018645836971700191,0.06714155524969101,0.25445547699928284,-0.1527377244966103,0.7446130090509425,-1.3661377739868759,-0.005477773025631905,-0.0019506782991811633,0.0040724026039242744,-0.7096794247627258,-0.6895282864570618,0.0696338564157486,-0.0509750097990036,-0.1829637736082077,-0.25863778591156006,0.007098986301571131,0.9919390082359314,0.3208858072757721,-0.1331852771903835,0.368378469661851,0.19110096715647973,-0.000965920917224139,-0.0005460293032228947,-0.0004216715751681477,0.00537872314453125,-0.4550875723361969,0.14943715929985046,0.19859358668327332,0.036530204117298126,0.10707622021436691,0.0011869954178109765,0.4790251553058624,0.22855894267559052,-1.0844790823178572,1.292305812005238,-1.1033875067262928
-0.0018503617029637098,-0.0017331975977867842,-0.007175699342042208,-0.7821341753005981,0.40210530161857605,-0.12982073426246643,-0.11420433223247528,-0.23161055147647858,0.04960501194000244,0.00761041883379221,0.888974666595459,0.2629576623439789,-1.49321967828583,1.360408985022769,-1.0607625698677066,-4.194589564576745e-05,3.002368612214923e-05,-0.0017682533944025636,0.08851132541894913,-0.021709945052862167,-0.05945247411727905,0.19303104281425476,-0.07479242235422134,0.13386832177639008,0.0017690056702122092,0.10881255567073822,0.24652710556983948,-0.1527377244966103,0.7446130090509425,-1.3661377739868759,-0.005134036764502525,-0.00227352580986917,0.003497985890135169,-0.6975624561309814,-0.7436496615409851,0.04273173213005066,-0.053484492003917694,-0.22507639229297638,-0.1047622412443161,0.0066153728403151035,1.0205068588256836,0.2539588510990143,-0.1331852771903835,0.368378469661851,0.19110096715647973,-0.0011258452432230115,-0.0006039071595296264,-0.0004307329945731908,0.0062559545040130615,-0.44070079922676086,0.13843505084514618,0.19701699912548065,0.03512316942214966,0.10580193996429443,0.0013482441427186131,0.4619746506214142,0.22637002170085907,-1.0844790823178572,1.292305812005238,-1.1033875067262928
-0.0017572781071066856,-0.0017307973466813564,-0.007074040360748768,-0.7802268266677856,0.4049379229545593,-0.1354442834854126,-0.11894838511943817,-0.2659601867198944,0.08692976087331772,0.007491711061447859,0.8894233107566833,0.30404001474380493,-1.49321967828583,1.360408985022769,-1.0607625698677066,-3.335205838084221e-05,-2.6548339519649744e-05,-0.0016667782329022884,0.12438333034515381,-0.02796339988708496,-0.09509752690792084,0.1792762279510498,-0.073968805372715,0.12930987775325775,0.0016673231730237603,0.1590493768453598,0.23309309780597687,-0.1527377244966103,0.7446130090509425,-1.3661377739868759,-0.004874635487794876,-0.002542817499488592,0.0029480140656232834,-0.6700478196144104,-0.7935816049575806,0.016849597916007042,-0.055390432476997375,-0.262188583612442,0.02945411577820778,0.006238491740077734,1.0387587547302246,0.26958951354026794,-0.1331852771903835,0.368378469661851,0.19110096715647973,-0.0012626554816961288,-0.0005553819355554879,-0.0004020225314889103,0.006376393139362335,-0.4174497425556183,0.1310407966375351,0.19450914859771729,0.03301068767905235,0.10556383430957794,0.0014367916155606508,0.4375804364681244,0.22375710308551788,-1.0844790823178572,1.292305812005238,-1.1033875067262928
-0.0016511802095919847,-0.0016620724927634,-0.006941447965800762,-0.7772204875946045,0.4104112386703491,-0.14026960730552673,-0.12259787321090698,-0.2936863303184509,0.11719844490289688,0.007326157297939062,0.890047550201416,0.3391421139240265,-1.49321967828583,1.360408985022769,-1.0607625698677066,-0.00015613151481375098,3.2502401154488325e-05,-0.0015713537577539682,0.16322147846221924,-0.03391284495592117,-0.13436788320541382,0.1592002958059311,-0.07147090137004852,0.12112149596214294,0.001579425879754126,0.2141169309616089,0.21242232620716095,-0.1527377244966103,0.7446130090509425,-1.3661377739868759,-0.004716698545962572,-0.0027209697291254997,0.0024509516078978777,-0.6322054862976074,-0.8395060300827026,-0.006487883627414703,-0.056510165333747864,-0.29275617003440857,0.13816411793231964,0.005971439182758331,1.0509501695632935,0.3286166489124298,-0.1331852771903835,0.368378469661851,0.19110096715647973,-0.0013815962010994554,-0.00040659538353793323,-0.00035988539457321167,0.0055305249989032745,-0.3899281919002533,0.13020211458206177,0.19077245891094208,0.02995632030069828,0.10661882162094116,0.00148446811363101,0.4111291468143463,0.22058804333209991,-1.0844790823178572,1.292305812005238,-1.1033875067262928
-0.0015539389569312334,-0.0015323602128773928,-0.006813043728470802,-0.7739866375923157,0.41671326756477356,-0.1438872218132019,-0.12499378621578217,-0.31481873989105225,0.14026248455047607,0.007154048886150122,0.8907349705696106,0.36661678552627563,-1.4918467046856858,1.3603784483428978,-1.0596994783042815,-0.00037789042107760906,0.00020459125516936183,-0.0014871398452669382,0.2032860815525055,-0.040148213505744934,-0.17152294516563416,0.13126158714294434,-0.06699119508266449,0.10857129096984863,0.0015479804715141654,0.26899299025535583,0.18304412066936493,-0.1527377244966103,0.7446130090509425,-1.3661377739868759,-0.004658644553273916,-0.0027944131288677454,0.002042103558778763,-0.593526303768158,-0.8814584016799927,-0.024622827768325806,-0.05711209401488304,-0.316607803106308,0.22086842358112335,0.005803610663861036,1.062943458557129,0.39023730158805847,-0.13621867410941602,0.3714656068442958,0.1912819485000725,-0.00148088822606951,-0.00019261109991930425,-0.0003101229085586965,0.003785710781812668,-0.3638324439525604,0.13695496320724487,0.18552367389202118,0.02573125623166561,0.10914234817028046,0.001525223022326827,0.38877376914024353,0.21677911281585693,-1.0844790823178572,1.292305812005238,-1.1033875067262928
-0.0014850902371108532,-0.001368340919725597,-0.006702255457639694,-0.7714707851409912,0.42185863852500916,-0.14567530155181885,-0.126334547996521,-0.33008289337158203,0.15696531534194946,0.0069998628459870815,0.8912649154663086,0.3867211639881134,-1.4918467046856858,1.3603784483428978,-1.0596994783042815,-0.0006491293315775692,0.0004594795755110681,-0.0014035895001143217,0.2420234978199005,-0.04708325117826462,-0.20013654232025146,0.09441186487674713,-0.060343775898218155,0.09121572971343994,0.0016132432501763105,0.31756392121315,0.1444828063249588,-0.1527377244966103,0.7446130090509425,-1.3661377739868759,-0.0046799625270068645,-0.002828992670401931,0.0017125554149970412,-0.5546344518661499,-0.925281822681427,-0.03947039693593979,-0.056525688618421555,-0.3345266580581665,0.2801535725593567,0.005730453412979841,1.0795016288757324,0.43998780846595764,-0.13621867410941602,0.3714656068442958,0.1912819485000725,-0.0015596314333379269,4.6046254283282906e-05,-0.00025021989131346345,0.0014976300299167633,-0.34452787041664124,0.14993548393249512,0.17857615649700165,0.02018134668469429,0.11320449411869049,0.0015802469570189714,0.3757424056529999,0.2123958170413971,-1.0844790823178572,1.292305812005238,-1.1033875067262928
-0.0014399250503629446,-0.0012065268820151687,-0.006608990952372551,-0.7712146639823914,0.42233777046203613,-0.14603644609451294,-0.12668615579605103,-0.3406825363636017,0.16850361227989197,0.006870797369629145,0.891329288482666,0.4006338119506836,-1.4918467046856858,1.3603784483428978,-1.0596994783042815,-0.0009330095490440726,0.0007431061239913106,-0.0013300135033205152,0.2757790684700012,-0.0546526163816452,-0.21445277333259583,0.048698656260967255,-0.05156087130308151,0.06916990876197815,0.001786518725566566,0.3535972237586975,0.09906845539808273,-0.1527377244966103,0.7446130090509425,-1.3661377739868759,-0.004745389800518751,-0.0028645547572523355,0.0014701839536428452,-0.5234533548355103,-0.9681898951530457,-0.048769645392894745,-0.05541495233774185,-0.3473328649997711,0.31988435983657837,0.005734617356210947,1.1017138957977295,0.4754334092140198,-0.13621867410941602,0.3714656068442958,0.1912819485000725,-0.0016170516610145569,0.00028226975700818,-0.00018741539679467678,-0.0008693300187587738,-0.33527565002441406,0.16632750630378723,0.16995275020599365,0.01331810187548399,0.11871546506881714,0.0016521672951057553,0.3742664158344269,0.2077370285987854,-1.0844790823178572,1.292305812005238,-1.1033875067262928
-0.0013980655930936337,-0.001074866158887744,-0.0065340944565832615,-0.7743675708770752,0.41546016931533813,-0.14550966024398804,-0.12624162435531616,-0.347806841135025,0.1761552393436432,0.006767888553440571,0.8907442688941956,0.4098014533519745,-1.4918467046856858,1.3603784483428978,-1.0596994783042815,-0.0012178010074421763,0.000997158931568265,-0.001302802236750722,0.3006732165813446,-0.062271568924188614,-0.21133220195770264,-0.0039555951952934265,-0.041033320128917694,0.043473534286022186,0.0020431980956345797,0.3727511763572693,0.05991100147366524,-0.1527377244966103,0.7446130090509425,-1.3661377739868759,-0.004797572735697031,-0.002926154527813196,0.0012859046692028642,-0.5040527582168579,-1.0053160190582275,-0.051659584045410156,-0.05407409369945526,-0.3558158278465271,0.34391504526138306,0.0057647754438221455,1.1257878541946411,0.49780163168907166,-0.13621867410941602,0.3714656068442958,0.1912819485000725,-0.0016490218695253134,0.0004966885317116976,-0.0001435443409718573,-0.0029694288969039917,-0.3366277813911438,0.18351556360721588,0.16003267467021942,0.0054360609501600266,0.12534087896347046,0.0017281718319281936,0.38341236114501953,0.2033478319644928,-1.0844790823178572,1.292305812005238,-1.1033875067262928
-0.001335615525022149,-0.0009919579606503248,-0.006489616818726063,-0.7811543941497803,0.40064242482185364,-0.14442729949951172,-0.12523995339870453,-0.3524324893951416,0.1809980869293213,0.006699475925415754,0.88970547914505,0.41551655530929565,-1.4918467046856858,1.3603784483428978,-1.0596994783042815,-0.0014939496759325266,0.001183398999273777,-0.0013595556374639273,0.31379613280296326,-0.06898605823516846,-0.19161884486675262,-0.05935823544859886,-0.029585178941488266,0.016274740919470787,0.0023410916328430176,0.3740920424461365,0.06829018890857697,-0.1527377244966103,0.7446130090509425,-1.3661377739868759,-0.004784049466252327,-0.0029951841570436954,0.0011223494075238705,-0.4973812997341156,-1.0308935642242432,-0.048633694648742676,-0.05293542146682739,-0.3603594899177551,0.3552100658416748,0.005754817742854357,1.1456416845321655,0.5087586045265198,-0.13621867410941602,0.3714656068442958,0.1912819485000725,-0.0016552465967833996,0.0006658747442997992,-0.00015135528519749641,-0.004611380398273468,-0.3466946482658386,0.19944556057453156,0.14962507784366608,-0.0028282739222049713,0.13246019184589386,0.0017905693966895342,0.39999622106552124,0.19985336065292358,-1.0844790823178572,1.292305812005238,-1.1033875067262928
-0.0012386080343276262,-0.0009738155640661716,-0.006498231552541256,-0.7909073233604431,0.3793277144432068,-0.14295709133148193,-0.1239728182554245,-0.3551628887653351,0.18373683094978333,0.006686514709144831,0.8887410759925842,0.41865161061286926,-1.4918467046856858,1.3603784483428978,-1.0596994783042815,-0.0017306571826338768,0.0012923835311084986,-0.0015266623813658953,0.3140376806259155,-0.07380786538124084,-0.1596471518278122,-0.11218314617872238,-0.018259670585393906,-0.009735606610774994,0.002645019441843033,0.35993677377700806,0.11407565325498581,-0.1527377244966103,0.7446130090509425,-1.3661377739868759,-0.004672280512750149,-0.0030393602792173624,0.0009458059212192893,-0.5010038018226624,-1.0415289402008057,-0.04195134714245796,-0.0525931715965271,-0.36075901985168457,0.355304092168808,0.005653535947203636,1.1565237045288086,0.5090718269348145,-0.13621867410941602,0.3714656068442958,0.1912819485000725,-0.0016472002025693655,0.0007668131729587913,-0.00024195283185690641,-0.005622200667858124,-0.3614693284034729,0.211624413728714,0.13975144922733307,-0.010668829083442688,0.13931971788406372,0.0018329790327697992,0.4188992381095886,0.19762153923511505,-1.0844790823178572,1.292305812005238,-1.1033875067262928
-0.001105958130210638,-0.0010313334641978145,-0.006577262654900551,-0.8024511933326721,0.3538850247859955,-0.14207178354263306,-0.12280276417732239,-0.35612377524375916,0.18459290266036987,0.006748864892870188,0.8884519934654236,0.4194987416267395,-1.4918467046856858,1.3603784483428978,-1.0596994783042815,-0.0018893206724897027,0.0013287197798490524,-0.0018211351707577705,0.3022911250591278,-0.07568562030792236,-0.12147589772939682,-0.15815824270248413,-0.008108828216791153,-0.032388173043727875,0.002941353712230921,0.3344617187976837,0.16164398193359375,-0.15165581917233759,0.7446993372665487,-1.3663664947384397,-0.004433509428054094,-0.0030452688224613667,0.0007297791307792068,-0.5104280710220337,-1.03609299659729,-0.03404324874281883,-0.05382134020328522,-0.35612666606903076,0.34404680132865906,0.005427913274616003,1.1555018424987793,0.49808746576309204,-0.13621867410941602,0.3714656068442958,0.1912819485000725,-0.0016468651592731476,0.0007919835625216365,-0.0004254417144693434,-0.005801402032375336,-0.3755367398262024,0.21694952249526978,0.1312265247106552,-0.017442291602492332,0.1453200727701187,0.0018762737745419145,0.43373793363571167,0.19657710194587708,-1.0844790823178572,1.292305812005238,-1.1033875067262928
-0.0009486095514148474,-0.0011564820306375623,-0.0067209843546152115,-0.8141093254089355,0.32755428552627563,-0.14371824264526367,-0.12218628823757172,-0.3549042046070099,0.18324428796768188,0.006885414943099022,0.8892247676849365,0.4176900088787079,-1.4918467046856858,1.3603784483428978,-1.0596994783042815,-0.0019452362321317196,0.0013056730385869741,-0.002239817986264825,0.2806965708732605,-0.07505205273628235,-0.0833335667848587,-0.19523775577545166,0.0007576756179332733,-0.0506664514541626,0.0032412204891443253,0.30227118730545044,0.20170633494853973,-0.15165581917233759,0.7446993372665487,-1.3663664947384397,-0.004039502236992121,-0.0030167812947183847,0.00046287395525723696,-0.5198919177055359,-1.0154398679733276,-0.026170939207077026,-0.05757264047861099,-0.344892680644989,0.31960269808769226,0.005062884651124477,1.1410919427871704,0.47372087836265564,-0.13621867410941602,0.3714656068442958,0.1912819485000725,-0.0016809884691610932,0.0007581129320897162,-0.0006839981651864946,-0.005061887204647064,-0.38345980644226074,0.2132197916507721,0.12443934381008148,-0.022841496393084526,0.1501636654138565,0.0019668021705001593,0.43878209590911865,0.1963568478822708,-1.0844790823178572,1.292305812005238,-1.1033875067262928
-0.0007876434829086065,-0.0013152103638276458,-0.006902901455760002,-0.8236367106437683,0.30496618151664734,-0.1493370532989502,-0.12269344925880432,-0.3505401909351349,0.17881080508232117,0.007071082480251789,0.8908891081809998,0.4121958315372467,-1.4918467046856858,1.3603784483428978,-1.0596994783042815,-0.001910647377371788,0.001224631443619728,-0.0027492190711200237,0.2526662349700928,-0.07165761291980743,-0.050823893398046494,-0.22312325239181519,0.008019894361495972,-0.0644063949584961,0.0035648983903229237,0.2675034701824188,0.23237144947052002,-0.15165581917233759,0.7446993372665487,-1.3663664947384397,-0.0034895618446171284,-0.0029633352532982826,0.00015266123227775097,-0.5231354236602783,-0.9829140901565552,-0.0185354333370924,-0.06494250893592834,-0.3249199390411377,0.27870839834213257,0.00458057876676321,1.113613247871399,0.43297675251960754,-0.13621867410941602,0.3714656068442958,0.1912819485000725,-0.0017762104980647564,0.0007004273356869817,-0.0009803714929148555,-0.0034635737538337708,-0.3811483383178711,0.20055565237998962,0.11978478729724884,-0.026961874216794968,0.15350116789340973,0.0021463108714669943,0.4307071268558502,0.19656537473201752,-1.0935052139656127,1.2934394228794366,-1.1116412445781694
-0.0006508398801088333,-0.0014583223965018988,-0.007093068212270737,-0.828723669052124,0.29132887721061707,-0.15863564610481262,-0.12501531839370728,-0.3415514826774597,0.16989198327064514,0.007270619738847017,0.8926481604576111,0.4014343321323395,-1.4918467046856858,1.3603784483428978,-1.0596994783042815,-0.0018142391927540302,0.0010875171283259988,-0.0032956991344690323,0.22200776636600494,-0.06600779294967651,-0.027916301041841507,-0.24255165457725525,0.01359221339225769,-0.0739762932062149,0.003916093613952398,0.23328909277915955,0.2539459466934204,-0.15165581917233759,0.7446993372665487,-1.3663664947384397,-0.0028260857798159122,-0.002900335704907775,-0.00018349633319303393,-0.5146671533584595,-0.942820131778717,-0.010675114579498768,-0.07707815617322922,-0.29376453161239624,0.21722453832626343,0.004053687211126089,1.0742002725601196,0.37339675426483154,-0.13621867410941602,0.3714656068442958,0.1912819485000725,-0.0019489182159304619,0.0006457440904341638,-0.0012894971296191216,-0.001537129282951355,-0.36666908860206604,0.18084809184074402,0.11637093871831894,-0.029690004885196686,0.1560448557138443,0.002424473175778985,0.4088454842567444,0.19691035151481628,-1.0935052139656127,1.2934394228794366,-1.1116412445781694
-0.0005683170165866613,-0.0015442486619576812,-0.007267908193171024,-0.8278862237930298,0.29033833742141724,-0.17002812027931213,-0.1299455165863037,-0.3260486423969269,0.15467552840709686,0.007451857440173626,0.8936450481414795,0.3835597336292267,-1.4918467046856858,1.3603784483428978,-1.0596994783042815,-0.001684096409007907,0.0008987260516732931,-0.0038218952249735594,0.19210076332092285,-0.05881087854504585,-0.0164740402251482,-0.25467580556869507,0.017330296337604523,-0.0799669697880745,0.004272092133760452,0.20157583057880402,0.26749733090400696,-0.15165581917233759,0.7446993372665487,-1.3663664947384397,-0.002116074552759528,-0.0028500475455075502,-0.000531333324033767,-0.49102529883384705,-0.8977895379066467,-0.0015640612691640854,-0.0950104296207428,-0.24912385642528534,0.13104498386383057,0.003589269705116749,1.0232958793640137,0.29708999395370483,-0.13621867410941602,0.3714656068442958,0.1912819485000725,-0.0022108983248472214,0.0006104927160777152,-0.0015729325823485851,0.0005739592015743256,-0.3402700126171112,0.15637187659740448,0.11427430063486099,-0.03137107938528061,0.15765084326267242,0.0027811669278889894,0.374481201171875,0.19722208380699158,-1.0935052139656127,1.2934394228794366,-1.1116412445781694
-0.000565557973459363,-0.0015572314150631428,-0.0074059125036001205,-0.820989727973938,0.3026955723762512,-0.18191149830818176,-0.13832302391529083,-0.30194398760795593,0.1311454325914383,0.0075889634899795055,0.8937228322029114,0.3570750057697296,-1.4918467046856858,1.3603784483428978,-1.0596994783042815,-0.0015442890580743551,0.0006704061524942517,-0.004272094462066889,0.1652936190366745,-0.05075510963797569,-0.016531188040971756,-0.26064106822013855,0.018914751708507538,-0.08298290520906448,0.004591847769916058,0.17369899153709412,0.27418550848960876,-0.15165581917233759,0.7446993372665487,-1.3663664947384397,-0.0014274467248469591,-0.002836225787177682,-0.0008828430436551571,-0.451688677072525,-0.8483218550682068,0.009996753185987473,-0.11938618123531342,-0.18952018022537231,0.017440877854824066,0.0032956323120743036,0.9611308574676514,0.2246667444705963,-0.13621867410941602,0.3714656068442958,0.1912819485000725,-0.0025583235546946526,0.0005964958108961582,-0.0017925358843058348,0.0027338936924934387,-0.3041377067565918,0.12883520126342773,0.11318887770175934,-0.03224031627178192,0.1585041880607605,0.003180253319442272,0.3303115665912628,0.19742020964622498,-1.0935052139656127,1.2934394228794366,-1.1116412445781694
-0.000654175179079175,-0.0015076384879648685,-0.007483568973839283,-0.8091171979904175,0.32622215151786804,-0.1933683454990387,-0.15091873705387115,-0.2673012316226959,0.09742511063814163,0.007661900948733091,0.8935786485671997,0.32205289602279663,-1.4918467046856858,1.3603784483428978,-1.0596994783042815,-0.0014196888078004122,0.00042726541869342327,-0.004592134151607752,0.14299052953720093,-0.042441438883543015,-0.026889588683843613,-0.26131680607795715,0.01777544617652893,-0.08350925147533417,0.004825532902032137,0.15156060457229614,0.2749113142490387,-0.15165581917233759,0.7446993372665487,-1.3663664947384397,-0.0008251821855083108,-0.002878456376492977,-0.0012251490261405706,-0.398934006690979,-0.7950248122215271,0.024607587605714798,-0.15008197724819183,-0.11526130139827728,-0.12308668345212936,0.0032353403512388468,0.8898417353630066,0.22574342787265778,-0.13621867410941602,0.3714656068442958,0.1912819485000725,-0.002964205574244261,0.0006018624408170581,-0.0019161277450621128,0.004911413416266441,-0.26194053888320923,0.09949643909931183,0.11282861232757568,-0.03251399099826813,0.1587684154510498,0.00358054437674582,0.2802436649799347,0.19747117161750793,-1.0935052139656127,1.2934394228794366,-1.1116412445781694
-0.0008244072087109089,-0.001420840504579246,-0.007482966408133507,-0.7943352460861206,0.35646140575408936,-0.20384958386421204,-0.1682502031326294,-0.22086626291275024,0.05229518935084343,0.007661150302737951,0.8941968083381653,0.28253287076950073,-1.4918467046856858,1.3603784483428978,-1.0596994783042815,-0.0013328754575923085,0.00020561250858008862,-0.004740651696920395,0.12617802619934082,-0.03447747603058815,-0.04552675783634186,-0.25716090202331543,0.013063892722129822,-0.08184273540973663,0.00492875324562192,0.13850009441375732,0.27018627524375916,-0.15165581917233759,0.7446993372665487,-1.3663664947384397,-0.00037142090150155127,-0.0029899042565375566,-0.001531748566776514,-0.33698880672454834,-0.7405256032943726,0.04164249822497368,-0.18568959832191467,-0.029697880148887634,-0.28440842032432556,0.0033799014054238796,0.8146616816520691,0.34095561504364014,-0.13621867410941602,0.3714656068442958,0.1912819485000725,-0.0033821342512965202,0.0006227721460163593,-0.0019342193845659494,0.007151680067181587,-0.2183423638343811,0.06926164776086807,0.11295351386070251,-0.03236870467662811,0.1585656851530075,0.003945615608245134,0.22917616367340088,0.19735577702522278,-1.0935052139656127,1.2934394228794366,-1.1116412445781694
-0.0010452738497406244,-0.00132926763035357,-0.007403046824038029,-0.7795554399490356,0.3870830833911896,-0.21278467774391174,-0.19030962884426117,-0.1628132313489914,-0.0040801167488098145,0.00759372441098094,0.8960007429122925,0.2504846155643463,-1.4918467046856858,1.3603784483428978,-1.0596994783042815,-0.001297468668781221,4.3183332309126854e-05,-0.00471155671402812,0.11574327200651169,-0.027558796107769012,-0.06968504190444946,-0.24820064008235931,0.0036865100264549255,-0.07807750999927521,0.004887131508439779,0.1378839910030365,0.26021769642829895,-0.15165581917233759,0.7446993372665487,-1.3663664947384397,-0.00010839162860065699,-0.003175076562911272,-0.0017728963866829872,-0.2713644504547119,-0.6882655024528503,0.05900939553976059,-0.22326044738292694,0.06014326214790344,-0.453551709651947,0.0036381343379616737,0.7421793341636658,0.5090889930725098,-0.13621867410941602,0.3714656068442958,0.1912819485000725,-0.003766539040952921,0.0006489077350124717,-0.0018641958013176918,0.009555883705615997,-0.1781844198703766,0.038627348840236664,0.11337978392839432,-0.03193374350667,0.157970130443573,0.0042524258606135845,0.18257348239421844,0.1970515251159668,-1.0935052139656127,1.2934394228794366,-1.1116412445781694
-0.0012727470602840185,-0.0012673318851739168,-0.007261225953698158,-0.7678967714309692,0.41119664907455444,-0.21999865770339966,-0.21619713306427002,-0.09572535008192062,-0.06919979304075241,0.007480067666620016,0.898413896560669,0.24635979533195496,-1.4918467046856858,1.3603784483428978,-1.0596994783042815,-0.0013178713852539659,-3.728410229086876e-05,-0.004544978030025959,0.11208963394165039,-0.0223362036049366,-0.09598134458065033,-0.23412033915519714,-0.011584267020225525,-0.07213932275772095,0.004732335451990366,0.14924949407577515,0.2452562153339386,-0.15165581917233759,0.7446993372665487,-1.3663664947384397,-3.610999556258321e-05,-0.0034213289618492126,-0.0019335641991347075,-0.207908034324646,-0.6403435468673706,0.07348912209272385,-0.2590986490249634,0.14543461799621582,-0.6141995787620544,0.003930072300136089,0.677249014377594,0.6822935342788696,-0.13621867410941602,0.3714656068442958,0.1912819485000725,-0.004088628105819225,0.0006675179465673864,-0.0017375380266457796,0.012237493880093098,-0.14518669247627258,0.007682978641241789,0.11397901177406311,-0.031292788684368134,0.1570110321044922,0.004492382053285837,0.14590394496917725,0.1965271383523941,-1.0935052139656127,1.2934394228794366,-1.1116412445781694
-0.0014572676736861467,-0.0012610587291419506,-0.007085463032126427,-0.7615753412246704,0.4237160384654999,-0.22612795233726501,-0.24392831325531006,-0.025088390335440636,-0.13774628937244415,0.007342866156250238,0.9003700017929077,0.28125521540641785,-1.4918467046856858,1.3603784483428978,-1.0596994783042815,-0.0013951461296528578,-3.6981888115406036e-05,-0.004311504773795605,0.11472189426422119,-0.019193634390830994,-0.1210249587893486,-0.2144542634487152,-0.033898547291755676,-0.0638660341501236,0.004531763028353453,0.16785871982574463,0.22631528973579407,-0.15165581917233759,0.7446993372665487,-1.3663664947384397,-0.00011162736336700618,-0.003690239042043686,-0.0020196232944726944,-0.15126372873783112,-0.597471296787262,0.08196182548999786,-0.29027870297431946,0.21915766596794128,-0.7534459829330444,0.004208230413496494,0.6217478513717651,0.8366436958312988,-0.13621867410941602,0.3714656068442958,0.1912819485000725,-0.004329761024564505,0.0006742769619449973,-0.0015833571087568998,0.015265563502907753,-0.12088145315647125,-0.023717034608125687,0.11467067152261734,-0.030492248013615608,0.15568533539772034,0.004659238271415234,0.12412840127944946,0.19574744999408722,-1.0935052139656127,1.2934394228794366,-1.1116412445781694
-0.0015512057580053806,-0.001316906651481986,-0.006906246300786734,-0.7611925601959229,0.4230956733226776,-0.23200440406799316,-0.2709667384624481,0.042178139090538025,-0.2030099481344223,0.007199772167950869,0.9012491703033447,0.3411964476108551,-1.4918467046856858,1.3603784483428978,-1.0596994783042815,-0.0015309725422412157,2.906634472310543e-05,-0.004080078564584255,0.12242714315652847,-0.018170876428484917,-0.14225025475025177,-0.1888895034790039,-0.0639936625957489,-0.05313493683934212,0.004357954021543264,0.18855693936347961,0.20639224350452423,-0.15165581917233759,0.7446993372665487,-1.3663664947384397,-0.0002742700162343681,-0.003924282267689705,-0.00204759044572711,-0.10354061424732208,-0.5598434805870056,0.08287502080202103,-0.3154336214065552,0.27798375487327576,-0.865308403968811,0.004434844013303518,0.5753378868103027,0.9620457291603088,-0.13621867410941602,0.3714656068442958,0.1912819485000725,-0.004469097126275301,0.0006734826602041721,-0.001423277659341693,0.018605323508381844,-0.10451309382915497,-0.0554950013756752,0.11541017144918442,-0.029554294422268867,0.1539779156446457,0.0047383676283061504,0.11978664249181747,0.19468477368354797,-1.0935052139656127,1.2934394228794366,-1.1116412445781694
-0.0015208881814032793,-0.0014207647182047367,-0.006753114052116871,-0.7662031650543213,0.41053542494773865,-0.23786410689353943,-0.29527997970581055,0.10025553405284882,-0.25970929861068726,0.007066556718200445,0.9012136459350586,0.4058205783367157,-1.4897202299049648,1.3603148205047093,-1.0584876649853028,-0.0017205296317115426,0.00014979310799390078,-0.0038938727229833603,0.13333138823509216,-0.018962005153298378,-0.15803217887878418,-0.15768539905548096,-0.10171420872211456,-0.040039125829935074,0.004259683657437563,0.20763185620307922,0.19186869263648987,-0.15165581917233759,0.7446993372665487,-1.3663664947384397,-0.00047168147284537554,-0.004096020013093948,-0.0019761305302381516,-0.06218862906098366,-0.5262176990509033,0.08362817764282227,-0.3415217101573944,0.3090435266494751,-0.9512203335762024,0.00457219360396266,0.5364384055137634,1.0568656921386719,-0.13814006728821324,0.37610287901719003,0.17741926977208336,-0.0044887010008096695,0.0006714240880683064,-0.001278274110518396,0.022075142711400986,-0.09375618398189545,-0.08680197596549988,0.11617470532655716,-0.028493592515587807,0.15188972651958466,0.00471521308645606,0.12966154515743256,0.1933363378047943,-1.0935052139656127,1.2934394228794366,-1.1116412445781694
-0.001371221151202917,-0.0015365018043667078,-0.006648835260421038,-0.7742182016372681,0.39156681299209595,-0.24225768446922302,-0.31577035784721375,0.14702662825584412,-0.30509909987449646,0.006960466504096985,0.9007924795150757,0.46304774284362793,-1.4897202299049648,1.3603148205047093,-1.0584876649853028,-0.0019414965063333511,0.00032178580295294523,-0.0037687269505113363,0.14452199637889862,-0.020904405042529106,-0.1670357584953308,-0.12221178412437439,-0.14537698030471802,-0.025113604962825775,0.004251618403941393,0.22186605632305145,0.19157473742961884,-0.15165581917233759,0.7446993372665487,-1.3663664947384397,-0.0006651086150668561,-0.004127944353967905,-0.0019111172296106815,-0.030637266114354134,-0.4962277412414551,0.07260546833276749,-0.35563573241233826,0.33834967017173767,-1.0112111568450928,0.004597245249897242,0.502446174621582,1.1240575313568115,-0.13814006728821324,0.37610287901719003,0.17741926977208336,-0.004389479290693998,0.0006763606215827167,-0.0011715383734554052,0.025360137224197388,-0.08571253716945648,-0.11585620790719986,0.11694797873497009,-0.027336981147527695,0.14947408437728882,0.004593200981616974,0.14632989466190338,0.1917462944984436,-1.0935052139656127,1.2934394228794366,-1.1116412445781694
-0.0011248216032981873,-0.001627539750188589,-0.0066036321222782135,-0.7836296558380127,0.37018638849258423,-0.24386563897132874,-0.3320975601673126,0.18190997838974,-0.3389447033405304,0.006893625017255545,0.9003243446350098,0.5081963539123535,-1.4897202299049648,1.3603148205047093,-1.0584876649853028,-0.0021568303927779198,0.0005373385502025485,-0.0037043546326458454,0.15210789442062378,-0.023075129836797714,-0.16771860420703888,-0.08523634076118469,-0.19144637882709503,-0.009459950029850006,0.004320057108998299,0.22759351134300232,0.2097771167755127,-0.15165581917233759,0.7446993372665487,-1.3663664947384397,-0.0008239299640990794,-0.004055362660437822,-0.0018077321583405137,-0.006904995068907738,-0.4655630588531494,0.061061568558216095,-0.36521002650260925,0.3567711114883423,-1.0512603521347046,0.004515830427408218,0.4696010649204254,1.1686797142028809,-0.13814006728821324,0.37610287901719003,0.17741926977208336,-0.004198000300675631,0.0007008800748735666,-0.0011163565795868635,0.028084930032491684,-0.07775692641735077,-0.14030659198760986,0.11770399659872055,-0.02614564821124077,0.14688007533550262,0.00440007820725441,0.1628522127866745,0.19003047049045563,-1.0935052139656127,1.2934394228794366,-1.1116412445781694
-0.0008253336418420076,-0.0016621151007711887,-0.006608559750020504,-0.7927373647689819,0.35054948925971985,-0.24123212695121765,-0.3442533314228058,0.20595702528953552,-0.36226874589920044,0.0068641724064946175,0.8997279405593872,0.5405250191688538,-1.4897202299049648,1.3603148205047093,-1.0584876649853028,-0.0023304098285734653,0.0007761742454022169,-0.0036900294944643974,0.15213963389396667,-0.024545984342694283,-0.15846092998981476,-0.050213150680065155,-0.2354714274406433,0.005536295473575592,0.004432783927768469,0.22104035317897797,0.24082940816879272,-0.15165581917233759,0.7446993372665487,-1.3663664947384397,-0.0009244290413334966,-0.003916657064110041,-0.0016825423808768392,0.007054101675748825,-0.4302062690258026,0.05268168821930885,-0.3713705539703369,0.3669191002845764,-1.0763098001480103,0.004361848346889019,0.4334772527217865,1.1962392330169678,-0.13814006728821324,0.37610287901719003,0.17741926977208336,-0.003959463909268379,0.0007588192238472402,-0.001102602225728333,0.0299004465341568,-0.06810758262872696,-0.1577867567539215,0.11839115619659424,-0.02503892406821251,0.14440231025218964,0.004179580602794886,0.17444007098674774,0.18840233981609344,-1.0935052139656127,1.2934394228794366,-1.1116412445781694
-0.0005275416187942028,-0.001623997581191361,-0.0066398680210113525,-0.800369143486023,0.3355132043361664,-0.2333865761756897,-0.3522028625011444,0.220839262008667,-0.37669602036476135,0.006855911109596491,0.8986818790435791,0.5609962344169617,-1.4897202299049648,1.3603148205047093,-1.0584876649853028,-0.0024447483010590076,0.0010089020943269134,-0.0037022496107965708,0.1419338434934616,-0.024525495246052742,-0.13825379312038422,-0.019545435905456543,-0.27391543984413147,0.01879073679447174,0.004549871198832989,0.19965176284313202,0.2752540409564972,-0.1505639266022469,0.7450716405345282,-1.3665136043103223,-0.0009593376889824867,-0.0037634705659002066,-0.001558927004225552,0.009194012731313705,-0.38683706521987915,0.04942202568054199,-0.3750818967819214,0.37120765447616577,-1.0906457901000977,0.004185007885098457,0.3900897204875946,1.2116062641143799,-0.13814006728821324,0.37610287901719003,0.17741926977208336,-0.0037258323282003403,0.0008580227149650455,-0.0011025774292647839,0.03055158257484436,-0.056170620024204254,-0.1663735806941986,0.11891668289899826,-0.024218257516622543,0.14253243803977966,0.00397915905341506,0.17823778092861176,0.18719828128814697,-1.0935052139656127,1.2934394228794366,-1.1116412445781694
-0.00028627715073525906,-0.001516441348940134,-0.00667140819132328,-0.805931568145752,0.3264521658420563,-0.22012200951576233,-0.3556283116340637,0.22832141816616058,-0.38394230604171753,0.0068475715816020966,0.896967351436615,0.5709762573242188,-1.4897202299049648,1.3603148205047093,-1.0584876649853028,-0.0024978085421025753,0.001220959355123341,-0.0037130413111299276,0.121178537607193,-0.02320433221757412,-0.10727620124816895,0.004842091351747513,-0.30496591329574585,0.029707707464694977,0.004638584330677986,0.1634957492351532,0.30644771456718445,-0.1505639266022469,0.7450716405345282,-1.3665136043103223,-0.0009442364098504186,-0.003643388394266367,-0.001454340061172843,-0.0011072978377342224,-0.3330189883708954,0.05089590698480606,-0.37700626254081726,0.3716132938861847,-1.0973231792449951,0.004034968093037605,0.3368876278400421,1.2183383703231812,-0.13814006728821324,0.37610287901719003,0.17741926977208336,-0.0035442132502794266,0.0009936841670423746,-0.0010928879491984844,0.029932014644145966,-0.04261424019932747,-0.16501516103744507,0.1191331297159195,-0.023988498374819756,0.14200663566589355,0.0038396953605115414,0.17303729057312012,0.18690648674964905,-1.0935052139656127,1.2934394228794366,-1.1116412445781694
-0.00014076801016926765,-0.0013609526213258505,-0.006687836721539497,-0.809390127658844,0.32327526807785034,-0.202104389667511,-0.3537638187408447,0.22992825508117676,-0.3854915201663971,0.0068263583816587925,0.8946873545646667,0.5715063810348511,-1.4897202299049648,1.3603148205047093,-1.0584876649853028,-0.002512463368475437,0.0013980022631585598,-0.0037003555335104465,0.09175422042608261,-0.020670555531978607,-0.06755516678094864,0.02310127764940262,-0.3284270167350769,0.038206830620765686,0.004686098080128431,0.11580073088407516,0.33144792914390564,-0.1505639266022469,0.7450716405345282,-1.3665136043103223,-0.0009121417533606291,-0.0035845309030264616,-0.0013741552829742432,-0.022657379508018494,-0.2673271894454956,0.0550190731883049,-0.37741798162460327,0.369563490152359,-1.0978293418884277,0.003945778589695692,0.2738690972328186,1.218298316001892,-0.13814006728821324,0.37610287901719003,0.17741926977208336,-0.0034447230864316225,0.0011464445851743221,-0.0010704324813559651,0.028130874037742615,-0.029106348752975464,-0.15398414433002472,0.11882881075143814,-0.02477201260626316,0.14383721351623535,0.003785007167607546,0.15921571850776672,0.18821021914482117,-1.0935052139656127,1.2934394228794366,-1.1116412445781694
-0.0001047330442816019,-0.0011912717018276453,-0.006690979935228825,-0.8112269043922424,0.32455915212631226,-0.1807226836681366,-0.345331072807312,0.2267698049545288,-0.3824261724948883,0.006797007285058498,0.8922378420829773,0.5629634261131287,-1.4897202299049648,1.3603148205047093,-1.0584876649853028,-0.0025115488097071648,0.0015330738388001919,-0.003665754571557045,0.05715259909629822,-0.01747448556125164,-0.02221941202878952,0.035756733268499374,-0.34487056732177734,0.044379763305187225,0.004700632765889168,0.06376110762357712,0.34954801201820374,-0.1505639266022469,0.7450716405345282,-1.3665136043103223,-0.00089699198724702,-0.003587181679904461,-0.00131578603759408,-0.052992694079875946,-0.19006076455116272,0.05926315113902092,-0.3761603832244873,0.3659127652645111,-1.0919286012649536,0.003924762364476919,0.20601806044578552,1.2114853858947754,-0.13814006728821324,0.37610287901719003,0.17741926977208336,-0.003432712983340025,0.001286215498112142,-0.0010486795799806714,0.02543247863650322,-0.017625752836465836,-0.13506367802619934,0.11772540211677551,-0.027109112590551376,0.1493130624294281,0.0038128201849758625,0.1385628879070282,0.19206395745277405,-1.0935052139656127,1.2934394228794366,-1.1116412445781694
-0.00016738777048885822,-0.0010444452054798603,-0.006695199757814407,-0.8122401237487793,0.32808494567871094,-0.1577255129814148,-0.3285924792289734,0.21949587762355804,-0.37538355588912964,0.006778243463486433,0.8900848627090454,0.5450360178947449,-1.4897202299049648,1.3603148205047093,-1.0584876649853028,-0.0025061708875000477,0.001616019755601883,-0.0036343117244541645,0.021532371640205383,-0.01434219628572464,0.025454390794038773,0.04359667748212814,-0.35519254207611084,0.0483405664563179,0.004701131023466587,0.036294180899858475,0.36110833287239075,-0.1505639266022469,0.7450716405345282,-1.3665136043103223,-0.0009147385717369616,-0.00362901808694005,-0.0012783958809450269,-0.08877203613519669,-0.10373388230800629,0.061731770634651184,-0.3726380467414856,0.3609772324562073,-1.0776524543762207,0.003954846877604723,0.14983992278575897,1.1960344314575195,-0.13814006728821324,0.37610287901719003,0.17741926977208336,-0.003493164200335741,0.0013801766326650977,-0.0010418181773275137,0.02224738523364067,-0.009514194913208485,-0.11124339699745178,0.11548744142055511,-0.03163570910692215,0.15994736552238464,0.0038977516815066338,0.11384444683790207,0.1998032182455063,-1.0935052139656127,1.2934394228794366,-1.1116412445781694
-0.00030197459273040295,-0.0009517059661448002,-0.0067137000150978565,-0.8131396770477295,0.33180874586105347,-0.1349480152130127,-0.3015478551387787,0.20835576951503754,-0.3646136224269867,0.006787540391087532,0.8885404467582703,0.5169973969459534,-1.4897202299049648,1.3603148205047093,-1.0584876649853028,-0.0024891444481909275,0.0016278093680739403,-0.003639879636466503,-0.011460489593446255,-0.011935554444789886,0.07275457680225372,0.04739680886268616,-0.36025598645210266,0.05009379982948303,0.004700460471212864,0.07461252808570862,0.36679723858833313,-0.1505639266022469,0.7450716405345282,-1.3665136043103223,-0.0009574502473697066,-0.0036845318973064423,-0.0012710688170045614,-0.12562337517738342,-0.012733982875943184,0.061470095068216324,-0.3658502697944641,0.3546083867549896,-1.0514459609985352,0.004013489931821823,0.1404348909854889,1.1683887243270874,-0.13814006728821324,0.37610287901719003,0.17741926977208336,-0.003603277262300253,0.0014007235877215862,-0.0010555775370448828,0.01901167631149292,-0.004863397218286991,-0.08606304973363876,0.11174914240837097,-0.039027199149131775,0.17734560370445251,0.004007477778941393,0.08827199041843414,0.2132192701101303,-1.0935052139656127,1.2934394228794366,-1.1116412445781694
-0.0004769922234117985,-0.0009307715808972716,-0.006749927997589111,-0.8141257762908936,0.33483749628067017,-0.11416730284690857,-0.2623097002506256,0.19334985315799713,-0.3501252830028534,0.006830474361777306,0.8876661062240601,0.47830769419670105,-1.4897202299049648,1.3603148205047093,-1.0584876649853028,-0.0024368322920054197,0.0015425275778397918,-0.0037004295736551285,-0.03961268067359924,-0.010530993342399597,0.11723850667476654,0.04774618521332741,-0.3606634736061096,0.04945078492164612,0.004691558890044689,0.12419715523719788,0.3671555817127228,-0.1505639266022469,0.7450716405345282,-1.3665136043103223,-0.0010085632093250751,-0.003747456008568406,-0.0013120460789650679,-0.1584530770778656,0.07751431316137314,0.058026738464832306,-0.35447585582733154,0.3462992012500763,-1.0085077285766602,0.004096595104783773,0.1856958568096161,1.123683214187622,-0.13814006728821324,0.37610287901719003,0.17741926977208336,-0.0037406329065561295,0.0013298746198415756,-0.0010900606866925955,0.01608770526945591,-0.002528201090171933,-0.06279802322387695,0.1061655580997467,-0.04989548772573471,0.20296359062194824,0.004116932395845652,0.06487525254487991,0.2344246208667755,-1.0935052139656127,1.2934394228794366,-1.1116412445781694
-0.0006645249668508768,-0.0009804326109588146,-0.006801563315093517,-0.8147797584533691,0.33774274587631226,-0.09682044386863708,-0.20969551801681519,0.17446497082710266,-0.33191442489624023,0.006903919391334057,0.8873051404953003,0.4296247363090515,-1.4897202299049648,1.3603148205047093,-1.0584876649853028,-0.0023199771530926228,0.0013404639903455973,-0.003801570273935795,-0.06202266365289688,-0.00991731509566307,0.1558535397052765,0.04496069252490997,-0.35664331912994385,0.04599437862634659,0.004650922026485205,0.16803419589996338,0.362396776676178,-0.1505639266022469,0.7450716405345282,-1.3665136043103223,-0.0010630340548232198,-0.0038397624157369137,-0.0014163315063342452,-0.18242627382278442,0.16153065860271454,0.05102282762527466,-0.33703091740608215,0.3353240191936493,-0.9433944225311279,0.0042284526862204075,0.24894744157791138,1.056420922279358,-0.13814006728821324,0.37610287901719003,0.17741926977208336,-0.0038847189862281084,0.0011633789399638772,-0.0011437744833528996,0.013688053004443645,-0.0005098109832033515,-0.0437326654791832,0.0984954982995987,-0.06462615728378296,0.23772409558296204,0.004213396925479174,0.04582759737968445,0.2653123736381531,-1.0935052139656127,1.2934394228794366,-1.1116412445781694
-0.0008438811637461185,-0.0010814949637278914,-0.006863857619464397,-0.8143295049667358,0.34205102920532227,-0.08368030190467834,-0.14407052099704742,0.15199223160743713,-0.3102703392505646,0.00699959322810173,0.8872056603431702,0.37433359026908875,-1.4897202299049648,1.3603148205047093,-1.0584876649853028,-0.0021199637558311224,0.0010245803277939558,-0.0039058802649378777,-0.07824398577213287,-0.009634174406528473,0.18482747673988342,0.039072196930646896,-0.3480389714241028,0.03909715265035629,0.004560691770166159,0.2009381353855133,0.35240083932876587,-0.1505639266022469,0.7450716405345282,-1.3665136043103223,-0.0011286664521321654,-0.00399851193651557,-0.001579408417455852,-0.1935114562511444,0.23476481437683105,0.040212638676166534,-0.31212499737739563,0.3209223747253418,-0.850987434387207,0.004444830119609833,0.306884765625,0.9615575075149536,-0.13814006728821324,0.37610287901719003,0.17741926977208336,-0.004018514882773161,0.000916617747861892,-0.0012118270387873054,0.011855513788759708,0.0035049840807914734,-0.02984936535358429,0.08872207999229431,-0.08314438164234161,0.28146475553512573,0.004296181257814169,0.032308246940374374,0.30660563707351685,-1.0935052139656127,1.2934394228794366,-1.1116412445781694
-0.0010040169581770897,-0.0012062513269484043,-0.006927848793566227,-0.8119903802871704,0.34954971075057983,-0.0745941698551178,-0.0684569776058197,0.1269235759973526,-0.28615814447402954,0.007103392388671637,0.8871739506721497,0.32044100761413574,-1.4897202299049648,1.3603148205047093,-1.0584876649853028,-0.0018423044821247458,0.0006281636888161302,-0.003978912252932787,-0.08784491568803787,-0.009283505380153656,0.20081168413162231,0.02988717332482338,-0.3343951404094696,0.028001010417938232,0.00442949403077364,0.21938151121139526,0.336893767118454,-0.1505639266022469,0.7450716405345282,-1.3665136043103223,-0.0012120907194912434,-0.004246847238391638,-0.0017703132471069694,-0.188490092754364,0.2942347824573517,0.026035699993371964,-0.2788451910018921,0.30253905057907104,-0.7279247641563416,0.004758033435791731,0.350400447845459,0.8361572623252869,-0.13814006728821324,0.37610287901719003,0.17741926977208336,-0.004129720851778984,0.0006255918415263295,-0.0012834040680900216,0.010494688525795937,0.011490278877317905,-0.020907912403345108,0.07721525430679321,-0.10460410267114639,0.33220455050468445,0.004369563423097134,0.026063496246933937,0.35674092173576355,-1.0935052139656127,1.2934394228794366,-1.1116412445781694
-0.0011440909001976252,-0.0013303132727742195,-0.0069830589927732944,-0.8071913719177246,0.36181360483169556,-0.06835988163948059,0.010904327034950256,0.10117020457983017,-0.2614297568798065,0.007200124207884073,0.8872091770172119,0.28053489327430725,-1.4897202299049648,1.3603148205047093,-1.0584876649853028,-0.0015195676824077964,0.00020715233404189348,-0.0040071457624435425,-0.09087075293064117,-0.008616797626018524,0.20231282711029053,0.017113402485847473,-0.3151454031467438,0.011971227824687958,0.0042905961163342,0.2219509482383728,0.31583666801452637,-0.1505639266022469,0.7450716405345282,-1.3665136043103223,-0.0013131479499861598,-0.00457020616158843,-0.0019395221024751663,-0.1659853756427765,0.3382365107536316,0.010502099990844727,-0.23729263246059418,0.28013473749160767,-0.5745917558670044,0.00513545423746109,0.3769156038761139,0.681864321231842,-0.13814006728821324,0.37610287901719003,0.17741926977208336,-0.004208664875477552,0.0003350463230162859,-0.0013417955487966537,0.009453682228922844,0.02434932067990303,-0.015913575887680054,0.06481535732746124,-0.12723223865032196,0.3857758641242981,0.004430071450769901,0.03058600053191185,0.4113539755344391,-1.0935052139656127,1.2934394228794366,-1.1116412445781694
-0.0012674171011894941,-0.001438188017345965,-0.0070199258625507355,-0.7997608184814453,0.37967565655708313,-0.06318733096122742,0.08620151877403259,0.07708710432052612,-0.23836800456047058,0.007276955991983414,0.8875604867935181,0.2649385333061218,-1.4897202299049648,1.3603148205047093,-1.0584876649853028,-0.0012011020444333553,-0.00018053350504487753,-0.003996467683464289,-0.0881335586309433,-0.007519934326410294,0.190146341919899,0.0005573183298110962,-0.2899062931537628,-0.009460963308811188,0.004176959861069918,0.2097133845090866,0.29006117582321167,-0.1505639266022469,0.7450716405345282,-1.3665136043103223,-0.0014303931966423988,-0.0049195922911167145,-0.002037949860095978,-0.12863601744174957,0.3655328154563904,-0.0025561340153217316,-0.18928557634353638,0.25457534193992615,-0.3977205157279968,0.0055137695744633675,0.3875151574611664,0.5087428092956543,-0.13814006728821324,0.37610287901719003,0.17741926977208336,-0.004246644210070372,8.103225263766944e-05,-0.001362788607366383,0.008676869794726372,0.04126596078276634,-0.014188440516591072,0.05258989334106445,-0.14880254864692688,0.4369426369667053,0.0044606891460716724,0.04449134320020676,0.4645715653896332,-1.0935052139656127,1.2934394228794366,-1.1116412445781694
-0.0013725953176617622,-0.0015200695488601923,-0.007026082836091518,-0.79004967212677,0.40271857380867004,-0.05762377381324768,0.15122653543949127,0.05651440843939781,-0.21876615285873413,0.007318501826375723,0.8886401057243347,0.2718859612941742,-1.4897202299049648,1.3603148205047093,-1.0584876649853028,-0.000933609320782125,-0.0004957636119797826,-0.003950906917452812,-0.08066253364086151,-0.00608443096280098,0.16684573888778687,-0.019603557884693146,-0.2588888704776764,-0.0361543744802475,0.004089874681085348,0.18542104959487915,0.26213523745536804,-0.1505639266022469,0.7450716405345282,-1.3665136043103223,-0.0015625208616256714,-0.005240504629909992,-0.0020356918685138226,-0.08308816701173782,0.3755408227443695,-0.008854396641254425,-0.13871251046657562,0.22782936692237854,-0.21169507503509521,0.005835100542753935,0.38472452759742737,0.34053221344947815,-0.13814006728821324,0.37610287901719003,0.17741926977208336,-0.00423826090991497,-0.00010995188495144248,-0.0013177009532228112,0.008335702121257782,0.0596759058535099,-0.016187135130167007,0.04164688289165497,-0.16776293516159058,0.4814426898956299,0.00443973857909441,0.062391676008701324,0.5115329027175903,-1.096117785028307,1.2941665404791478,-1.113638615066346
-0.0014509458560496569,-0.0015675941249355674,-0.006990209221839905,-0.7789462208747864,0.42913851141929626,-0.05097392201423645,0.2030288428068161,0.040281716734170914,-0.2034500390291214,0.007309283129870892,0.8907948136329651,0.2902330756187439,-1.4897202299049648,1.3603148205047093,-1.0584876649853028,-0.0007436475134454668,-0.0007265801541507244,-0.0038505932316184044,-0.06941710412502289,-0.0045973993837833405,0.13605594635009766,-0.04247228801250458,-0.22343067824840546,-0.06690569221973419,0.00398848345503211,0.15281064808368683,0.23706862330436707,-0.1505639266022469,0.7450716405345282,-1.3665136043103223,-0.0017061586258932948,-0.005501336418092251,-0.0019302426371723413,-0.03632550686597824,0.369327574968338,-0.005697987973690033,-0.09047967940568924,0.202417254447937,-0.03466692566871643,0.0060746618546545506,0.37115344405174255,0.22441281378269196,-0.13814006728821324,0.37610287901719003,0.17741926977208336,-0.004176026210188866,-0.00022598003852181137,-0.0012099405284970999,0.00863325223326683,0.07622681558132172,-0.023090625181794167,0.0318131297826767,-0.18283699452877045,0.5175000429153442,0.004353644326329231,0.08011390268802643,0.5497705936431885,-1.096117785028307,1.2941665404791478,-1.113638615066346
-0.0014877684880048037,-0.0015786598669365048,-0.00691539142280817,-0.7680872678756714,0.45548656582832336,-0.04278331995010376,0.24131251871585846,0.028500445187091827,-0.19249826669692993,0.007247638422995806,0.8940114378929138,0.3099993169307709,-1.4902617168189025,1.3603627536174292,-1.0594919082132563,-0.0006373262731358409,-0.0008837759960442781,-0.0036679490003734827,-0.055747851729393005,-0.003322957083582878,0.10201750695705414,-0.06624771654605865,-0.18627607822418213,-0.09921900182962418,0.0038263683672994375,0.1163032129406929,0.2212056666612625,-0.1505639266022469,0.7450716405345282,-1.3665136043103223,-0.0018559293821454048,-0.005698123015463352,-0.0017497355584055185,0.007511460687965155,0.35014018416404724,0.007087616249918938,-0.04848787933588028,0.18034467101097107,0.1189129576086998,0.006242968142032623,0.350292444229126,0.2213945984840393,-0.13814006728821324,0.37610287901719003,0.17741926977208336,-0.004054688382893801,-0.0002490068436600268,-0.001066062250174582,0.009766370058059692,0.08802662789821625,-0.03559225797653198,0.02335602045059204,-0.1941547393798828,0.5448310971260071,0.004199879709631205,0.09545092284679413,0.5788630843162537,-1.096117785028307,1.2941665404791478,-1.113638615066346
-0.0014603415038436651,-0.001564262667670846,-0.006822980474680662,-0.7587851285934448,0.4786345660686493,-0.033268243074417114,0.26756179332733154,0.020469576120376587,-0.18536972999572754,0.0071507045067846775,0.8977487087249756,0.3261445462703705,-1.4902617168189025,1.3603627536174292,-1.0594919082132563,-0.000613987329415977,-0.0009868256747722626,-0.003409309545531869,-0.04165785759687424,-0.002243638038635254,0.06842048466205597,-0.0886891633272171,-0.1508522629737854,-0.12996746599674225,0.0036019713152199984,0.08013597130775452,0.2179764062166214,-0.1505639266022469,0.7450716405345282,-1.3665136043103223,-0.0020065049175173044,-0.005835821386426687,-0.001554126269184053,0.04688825085759163,0.32374826073646545,0.027242504060268402,-0.014584552496671677,0.16254866123199463,0.2421754151582718,0.00636381795629859,0.3282584249973297,0.29203376173973083,-0.13814006728821324,0.37610287901719003,0.17741926977208336,-0.003869965672492981,-0.00018347962759435177,-0.0009325185092166066,0.01176433451473713,0.09340132772922516,-0.05348251760005951,0.016145765781402588,-0.20208477973937988,0.5642905235290527,0.003984957933425903,0.10827089846134186,0.5996021628379822,-1.096117785028307,1.2941665404791478,-1.113638615066346
-0.0013522678054869175,-0.0015509647782891989,-0.006740311160683632,-0.7526333332061768,0.49507516622543335,-0.0224686861038208,0.28387710452079773,0.015567755326628685,-0.18142427504062653,0.0070474050007760525,0.9011443853378296,0.33725854754447937,-1.4902617168189025,1.3603627536174292,-1.0594919082132563,-0.0006686171982437372,-0.0010448347311466932,-0.003119459841400385,-0.029496055096387863,-0.0009596683084964752,0.03718217462301254,-0.10803128778934479,-0.11985012888908386,-0.15667149424552917,0.003357046050950885,0.047470539808273315,0.2249016910791397,-0.1505639266022469,0.7450716405345282,-1.3665136043103223,-0.0021340730600059032,-0.0059320684522390366,-0.0013446887023746967,0.08031626045703888,0.2986600399017334,0.04700538516044617,0.010980241000652313,0.15293937921524048,0.3327843248844147,0.006446076091378927,0.31282269954681396,0.36641019582748413,-0.13847592480251222,0.3761412335286399,0.16503073919166683,-0.0036263142246752977,-5.716814484912902e-05,-0.0008506422163918614,0.014550134539604187,0.09246395528316498,-0.07615791261196136,0.01009032130241394,-0.20720061659812927,0.5771819353103638,0.0037251864559948444,0.12067028880119324,0.6133293509483337,-1.096117785028307,1.2941665404791478,-1.113638615066346
-0.001162281958386302,-0.0015658142510801554,-0.006692945025861263,-0.7503067255020142,0.5030646920204163,-0.011332988739013672,0.29263076186180115,0.013025660067796707,-0.1799016296863556,0.006971240043640137,0.9034172892570496,0.3437543213367462,-1.4902617168189025,1.3603627536174292,-1.0594919082132563,-0.0007809057715348899,-0.0010481136851012707,-0.002849965589120984,-0.021417979151010513,0.0011442035902291536,0.008484761230647564,-0.1234573945403099,-0.09450002759695053,-0.17816044390201569,0.0031353882513940334,0.023065779358148575,0.23645956814289093,-0.1505639266022469,0.7450716405345282,-1.3665136043103223,-0.0022845256607979536,-0.0059219785034656525,-0.0013036346063017845,0.11068125814199448,0.28018254041671753,0.06876484304666519,0.029356971383094788,0.1441793143749237,0.39737194776535034,0.006479841656982899,0.30900031328201294,0.4237380921840668,-0.13847592480251222,0.3761412335286399,0.16503073919166683,-0.003340175375342369,9.578678873367608e-05,-0.0008470145985484123,0.01797812432050705,0.08754675835371017,-0.10304760932922363,0.005289196968078613,-0.2101067453622818,0.584831953048706,0.003447227878496051,0.13640549778938293,0.6214509010314941,-1.096117785028307,1.2941665404791478,-1.113638615066346
-0.0009074551053345203,-0.0016186566790565848,-0.0066975681111216545,-0.7518200278282166,0.5021458268165588,-0.0015501976013183594,0.2960355281829834,0.012133469805121422,-0.18005450069904327,0.006949888076633215,0.9040940999984741,0.34670430421829224,-1.4902617168189025,1.3603627536174292,-1.0594919082132563,-0.0009171742713078856,-0.0009767634328454733,-0.0026431363075971603,-0.0186929889023304,0.0044780392199754715,-0.017851701006293297,-0.13501915335655212,-0.07483333349227905,-0.19428785145282745,0.00296335038729012,0.026232877746224403,0.2481490820646286,-0.1508091001246036,0.7454499933558884,-1.3666186171185972,-0.002424954902380705,-0.005829786416143179,-0.0013393503613770008,0.1375935822725296,0.2726205587387085,0.08482281118631363,0.04150097444653511,0.13835850358009338,0.438859224319458,0.006454508285969496,0.3169367015361786,0.4620203673839569,-0.13847592480251222,0.3761412335286399,0.16503073919166683,-0.003039920935407281,0.0002548990014474839,-0.0009275325573980808,0.021777614951133728,0.08272714167833328,-0.1330210268497467,0.0021601617336273193,-0.2113238275051117,0.5883038640022278,0.0031884806230664253,0.15815384685993195,0.6251110434532166,-1.096117785028307,1.2941665404791478,-1.113638615066346
-0.0006179541815072298,-0.0016925304662436247,-0.006755158305168152,-0.7565231323242188,0.49329471588134766,0.004991739988327026,0.2959359288215637,0.012302238494157791,-0.18118906021118164,0.006991329602897167,0.903156578540802,0.3472159206867218,-1.4902617168189025,1.3603627536174292,-1.0594919082132563,-0.0010434899013489485,-0.0008151784422807395,-0.002536376938223839,-0.021181069314479828,0.008886780589818954,-0.04114563763141632,-0.14296060800552368,-0.06029600650072098,-0.20568907260894775,0.0028612224850803614,0.04712298884987831,0.25764575600624084,-0.1508091001246036,0.7454499933558884,-1.3666186171185972,-0.002527928678318858,-0.005671338643878698,-0.0013837981969118118,0.16226665675640106,0.277267187833786,0.09256044030189514,0.04869132116436958,0.1348758339881897,0.46228283643722534,0.006361556705087423,0.33432766795158386,0.4840121567249298,-0.13847592480251222,0.3761412335286399,0.16503073919166683,-0.0027601472102105618,0.00042160326847806573,-0.0010760354343801737,0.025485940277576447,0.08248075097799301,-0.1634749472141266,0.0015367567539215088,-0.21122190356254578,0.5882242918014526,0.0029923259280622005,0.18486931920051575,0.6249998807907104,-1.096117785028307,1.2941665404791478,-1.113638615066346
-0.000328864436596632,-0.0017491983016952872,-0.006851969286799431,-0.7630611658096313,0.47923728823661804,0.007108807563781738,0.29371678829193115,0.01308900024741888,-0.18266895413398743,0.007079359609633684,0.9011000394821167,0.34613409638404846,-1.4902617168189025,1.3603627536174292,-1.0594919082132563,-0.0011490467004477978,-0.0005647481302730739,-0.0025527989491820335,-0.027630312368273735,0.013766666874289513,-0.05989087373018265,-0.1479923576116562,-0.05005630850791931,-0.21312148869037628,0.0028558766935020685,0.06737857311964035,0.26425012946128845,-0.1508091001246036,0.7454499933558884,-1.3666186171185972,-0.002564405556768179,-0.005462902132421732,-0.00136643648147583,0.18606100976467133,0.2933734655380249,0.09026846289634705,0.051962099969387054,0.1332586109638214,0.47201791405677795,0.006187618710100651,0.35893604159355164,0.4932127594947815,-0.13847592480251222,0.3761412335286399,0.16503073919166683,-0.002530596684664488,0.0006125362124294043,-0.0012607125099748373,0.02850622683763504,0.0903083011507988,-0.19043928384780884,0.004725366830825806,-0.20999068021774292,0.5847030878067017,0.002892838791012764,0.2126859575510025,0.6212858557701111,-1.096117785028307,1.2941665404791478,-1.113638615066346
-7.337145507335663e-05,-0.0017474069027230144,-0.006966283544898033,-0.7697410583496094,0.46382588148117065,0.00509604811668396,0.2902907133102417,0.014197854325175285,-0.18389785289764404,0.007182472851127386,0.8986999988555908,0.3439312279224396,-1.4902617168189025,1.3603627536174292,-1.0594919082132563,-0.0012405401794239879,-0.00025237095542252064,-0.0026883198879659176,-0.03658429533243179,0.01845557615160942,-0.07263775169849396,-0.15077245235443115,-0.04339539259672165,-0.2174181044101715,0.0029714801348745823,0.08339821547269821,0.2681158781051636,-0.1508091001246036,0.7454499933558884,-1.3666186171185972,-0.0025267256423830986,-0.005213417578488588,-0.0012513905530795455,0.20991680026054382,0.31858426332473755,0.07739868760108948,0.05193929374217987,0.13324132561683655,0.47123637795448303,0.005927060265094042,0.38929620385169983,0.492457777261734,-0.13847592480251222,0.3761412335286399,0.16503073919166683,-0.0023692594841122627,0.0008407817804254591,-0.0014423734974116087,0.03029782325029373,0.10780319571495056,-0.20989328622817993,0.013504743576049805,-0.2076394259929657,0.577333927154541,0.0028984041418880224,0.23789635300636292,0.6136863827705383,-1.096117785028307,1.2941665404791478,-1.113638615066346
0.0001199827529489994,-0.001663999049924314,-0.007073956076055765,-0.7751506567001343,0.45066678524017334,0.0007662177085876465,0.28613531589508057,0.015466437675058842,-0.1842946708202362,0.007268021814525127,0.896638035774231,0.34070098400115967,-1.4902617168189025,1.3603627536174292,-1.0594919082132563,-0.0013319029239937663,7.576169446110725e-05,-0.002910751849412918,-0.047182995826005936,0.022546030580997467,-0.07842275500297546,-0.15187814831733704,-0.03991338610649109,-0.2192721664905548,0.0032019028440117836,0.094258613884449,0.2697041630744934,-0.1508091001246036,0.7454499933558884,-1.3666186171185972,-0.0024379005189985037,-0.0049298424273729324,-0.001044870587065816,0.2331477552652359,0.35025927424430847,0.05516386032104492,0.048764921724796295,0.13480257987976074,0.46166756749153137,0.005598076153546572,0.4243612587451935,0.4834115207195282,-0.13847592480251222,0.3761412335286399,0.16503073919166683,-0.0022811039816588163,0.0010977108031511307,-0.0015831461641937494,0.030549325048923492,0.1342528611421585,-0.21908187866210938,0.030039876699447632,-0.20402349531650543,0.5652730464935303,0.002985758939757943,0.2587546408176422,0.6017155647277832,-1.096117785028307,1.2941665404791478,-1.113638615066346
0.0002302920911461115,-0.0015039551071822643,-0.007153504993766546,-0.7785558700561523,0.4420422911643982,-0.003317117691040039,0.28136056661605835,0.016844242811203003,-0.1832735240459442,0.0073135183192789555,0.8952997326850891,0.3362092673778534,-1.4902617168189025,1.3603627536174292,-1.0594919082132563,-0.0014359444612637162,0.0003736527869477868,-0.0031722672283649445,-0.05935224890708923,0.025929205119609833,-0.0766899436712265,-0.1517409235239029,-0.03967469930648804,-0.21913862228393555,0.0035021184012293816,0.10038107633590698,0.2694830894470215,-0.1508091001246036,0.7454499933558884,-1.3666186171185972,-0.002343457192182541,-0.00462269177660346,-0.0007719803834334016,0.2531709372997284,0.3863946199417114,0.02642914280295372,0.04209603741765022,0.138165682554245,0.44359615445137024,0.005239944905042648,0.4627038240432739,0.466518372297287,-0.13847592480251222,0.3761412335286399,0.16503073919166683,-0.0022560295183211565,0.0013518892228603363,-0.001655628439038992,0.029233179986476898,0.1667255461215973,-0.2169896960258484,0.05667303502559662,-0.19889488816261292,0.5474041104316711,0.003107793163508177,0.2752026915550232,0.5851686000823975,-1.096117785028307,1.2941665404791478,-1.113638615066346
0.0002497399691492319,-0.0012959492160007358,-0.0071906158700585365,-0.779976487159729,0.4384821057319641,-0.004870414733886719,0.2757957875728607,0.01836623065173626,-0.18024179339408875,0.007310732267796993,0.8947924971580505,0.3299814462661743,-1.4902617168189025,1.3603627536174292,-1.0594919082132563,-0.0015600925544276834,0.0006142302881926298,-0.0034186490811407566,-0.07330340892076492,0.02863437682390213,-0.06722230464220047,-0.1506185233592987,-0.04328101873397827,-0.21719028055667877,0.003807667177170515,0.10349954664707184,0.2678260803222656,-0.1508091001246036,0.7454499933558884,-1.3666186171185972,-0.0022965101525187492,-0.004311776719987392,-0.00045073378714732826,0.26710933446884155,0.4249945878982544,-0.005039951764047146,0.031175561249256134,0.14376333355903625,0.4160618782043457,0.004905969835817814,0.5019892454147339,0.4413018226623535,-0.13847592480251222,0.3761412335286399,0.16503073919166683,-0.0022692405618727207,0.0015664546517655253,-0.0016484172083437443,0.026619136333465576,0.20044097304344177,-0.20454978942871094,0.09554922580718994,-0.19198206067085266,0.522605299949646,0.0032125553116202354,0.2876209020614624,0.564892053604126,-1.096117785028307,1.2941665404791478,-1.113638615066346
0.00018746941350400448,-0.0010827673831954598,-0.007180551998317242,-0.7801312208175659,0.43866705894470215,-0.0027599334716796875,0.269092321395874,0.02012336626648903,-0.1746276617050171,0.007264148909598589,0.8950089812278748,0.3214194178581238,-1.4902617168189025,1.3603627536174292,-1.0594919082132563,-0.0017003226093947887,0.000794863561168313,-0.0035938480868935585,-0.08877047896385193,0.03063090890645981,-0.050335031002759933,-0.1485951989889145,-0.05186992883682251,-0.2133188247680664,0.00405446020886302,0.1065460741519928,0.26509609818458557,-0.1508091001246036,0.7454499933558884,-1.3666186171185972,-0.002340243896469474,-0.004029214847832918,-9.085140482056886e-05,0.2733954191207886,0.4630758762359619,-0.03550288453698158,0.014981314539909363,0.15216177701950073,0.37725192308425903,0.004660426173359156,0.538929283618927,0.4070585370063782,-0.13847592480251222,0.3761412335286399,0.16503073919166683,-0.0022904491052031517,0.0017153474036604166,-0.0015670201973989606,0.02327626943588257,0.22950246930122375,-0.1848589926958084,0.1480301022529602,-0.18310078978538513,0.49013909697532654,0.003262533573433757,0.29561126232147217,0.5437601804733276,-1.096117785028307,1.2941665404791478,-1.113638615066346
6.85893464833498e-05,-0.000910530099645257,-0.007129218429327011,-0.7802556753158569,0.4396878778934479,0.002408534288406372,0.26084497570991516,0.022229420021176338,-0.16595055162906647,0.007187455892562866,0.8956171870231628,0.3099578022956848,-1.4902617168189025,1.3603627536174292,-1.0594919082132563,-0.0018387455493211746,0.0009297956712543964,-0.003654634114354849,-0.10449141263961792,0.03172043710947037,-0.02717854455113411,-0.14560449123382568,-0.06702657043933868,-0.20717698335647583,0.004195456858724356,0.1125313937664032,0.2619456648826599,-0.1508091001246036,0.7454499933558884,-1.3666186171185972,-0.002490945626050234,-0.0038072497118264437,0.000290196156129241,0.2719142436981201,0.49698856472969055,-0.06236238032579422,-0.00753200426697731,0.16393651068210602,0.32510262727737427,0.0045589664950966835,0.5699334144592285,0.3641752600669861,-0.13847592480251222,0.3761412335286399,0.16503073919166683,-0.002296559978276491,0.0017853931058198214,-0.0014303213683888316,0.01994745060801506,0.24845626950263977,-0.1625635027885437,0.21385683119297028,-0.17230266332626343,0.450185090303421,0.00324154831469059,0.2975824475288391,0.5273419618606567,-1.096117785028307,1.2941665404791478,-1.113638615066346
-7.131998427212238e-05,-0.0008144696475937963,-0.007051893509924412,-0.7815826535224915,0.43819868564605713,0.008267134428024292,0.250738263130188,0.024782640859484673,-0.1539449840784073,0.007099130190908909,0.8960791826248169,0.2952675223350525,-1.4902617168189025,1.3603627536174292,-1.0594919082132563,-0.0019512611906975508,0.0010350721422582865,-0.0035923076793551445,-0.1182963103055954,0.03157437592744827,0.00018655415624380112,-0.14147275686264038,-0.09058521687984467,-0.19826437532901764,0.00421704538166523,0.12243770807981491,0.25986340641975403,-0.1508091001246036,0.7454499933558884,-1.3666186171185972,-0.0027326184790581465,-0.00365771003998816,0.0006613716832362115,0.2637942433357239,0.52353435754776,-0.08484022319316864,-0.03707919269800186,0.17948827147483826,0.25814273953437805,0.004613399971276522,0.5923457741737366,0.31658896803855896,-0.13847592480251222,0.3761412335286399,0.16503073919166683,-0.0022763903252780437,0.001773811411112547,-0.0012646241812035441,0.01727590709924698,0.2544141709804535,-0.14217959344387054,0.29004234075546265,-0.16006244719028473,0.40452468395233154,0.003150814911350608,0.2919589877128601,0.5228620767593384,-1.096117785028307,1.2941665404791478,-1.113638615066346
-0.00019410811364650726,-0.0008072993950918317,-0.006968032103031874,-0.7847411632537842,0.4320078492164612,0.011678576469421387,0.23872403800487518,0.027820056304335594,-0.13874685764312744,0.007017327472567558,0.8958715796470642,0.27751362323760986,-1.4902617168189025,1.3603627536174292,-1.0594919082132563,-0.0020194705575704575,0.0011154907988384366,-0.003437699982896447,-0.1279536336660385,0.02992301806807518,0.029190216213464737,-0.1359843611717224,-0.1242891252040863,-0.18606258928775787,0.004140092059969902,0.13460901379585266,0.2618373930454254,-0.1508091001246036,0.7454499933558884,-1.3666186171185972,-0.0030275622848421335,-0.0035645822063088417,0.0009896354749798775,0.25121065974235535,0.5405585765838623,-0.10330618917942047,-0.07356054335832596,0.19878995418548584,0.17661228775978088,0.004780351184308529,0.6049649119377136,0.2758994400501251,-0.13847592480251222,0.3761412335286399,0.16503073919166683,-0.002223778748884797,0.0016902280040085316,-0.0010980006773024797,0.015574686229228973,0.2482682764530182,-0.12652412056922913,0.3703185021877289,-0.14737488329410553,0.35689088702201843,0.003001277567818761,0.27908432483673096,0.5350011587142944,-1.096117785028307,1.2941665404791478,-1.113638615066346
-0.0002679151948541403,-0.0008784095989540219,-0.0068940091878175735,-0.7896835207939148,0.4206458330154419,0.010351210832595825,0.22523604333400726,0.03126315400004387,-0.12114614248275757,0.006954907905310392,0.894790530204773,0.25765296816825867,-1.4902617168189025,1.3603627536174292,-1.0594919082132563,-0.002039798768237233,0.001165577326901257,-0.0032436104957014322,-0.13214030861854553,0.02673325687646866,0.05746292322874069,-0.12897127866744995,-0.1692734956741333,-0.17022928595542908,0.004005041439086199,0.14655277132987976,0.27251625061035156,-0.1508091001246036,0.7454499933558884,-1.3666186171185972,-0.0033353089820593596,-0.0034928321838378906,0.0012542494805529714,0.23665453493595123,0.5471221208572388,-0.1179593950510025,-0.11543774604797363,0.22105756402015686,0.08387671411037445,0.004989719949662685,0.6076695919036865,0.263111412525177,-0.13847592480251222,0.3761412335286399,0.16503073919166683,-0.0021300441585481167,0.0015568033559247851,-0.0009528308291919529,0.014811061322689056,0.23391063511371613,-0.11637502908706665,0.4468231499195099,-0.13549691438674927,0.311987042427063,0.0028051044791936874,0.261680543422699,0.5615569949150085,-1.096117785028307,1.2941665404791478,-1.113638615066346
-0.0002753259614109993,-0.001002915552817285,-0.0068389642983675,-0.7960399985313416,0.4048246145248413,0.0038358569145202637,0.21129852533340454,0.0348895825445652,-0.10271120071411133,0.006917592138051987,0.8930718898773193,0.23751619458198547,-1.4902617168189025,1.3603627536174292,-1.0594919082132563,-0.0020256482530385256,0.0011814897879958153,-0.0030603925697505474,-0.13076084852218628,0.02223847433924675,0.08324862271547318,-0.12043106555938721,-0.22534054517745972,-0.15086007118225098,0.0038555378559976816,0.15659910440444946,0.2967166304588318,-0.1508091001246036,0.7454499933558884,-1.3666186171185972,-0.003628222271800041,-0.003406196366995573,0.0014529635664075613,0.22223129868507385,0.543484091758728,-0.1282772421836853,-0.15941442549228668,0.2445814311504364,-0.012841857969760895,0.005184329580515623,0.6010131239891052,0.2922292649745941,-0.13847592480251222,0.3761412335286399,0.16503073919166683,-0.0019886197987943888,0.001401031157001853,-0.0008404569234699011,0.014747552573680878,0.21609216928482056,-0.11105653643608093,0.5133338570594788,-0.1254434585571289,0.2735832929611206,0.002573687117546797,0.24340680241584778,0.5950592756271362,-1.096117785028307,1.2941665404791478,-1.113638615066346
-0.00021813600324094296,-0.001151016098447144,-0.0068068294785916805,-0.803349494934082,0.3858693838119507,-0.006689578294754028,0.19823691248893738,0.038403648883104324,-0.08538924902677536,0.006906905677169561,0.8912409543991089,0.2192351222038269,-1.4902617168189025,1.3603627536174292,-1.0594919082132563,-0.001997384475544095,0.0011675930581986904,-0.0029170033521950245,-0.1247827336192131,0.016909213736653328,0.10527941584587097,-0.11067522317171097,-0.29000961780548096,-0.12882232666015625,0.0037231340538710356,0.16413533687591553,0.33608001470565796,-0.1508091001246036,0.7454499933558884,-1.3666186171185972,-0.0038927029818296432,-0.0032884650863707066,0.0015989912208169699,0.20924031734466553,0.5308708548545837,-0.13335207104682922,-0.20132920145988464,0.2671980559825897,-0.10441281646490097,0.0053407782688736916,0.5859932899475098,0.35047152638435364,-0.13847592480251222,0.3761412335286399,0.16503073919166683,-0.001806106069125235,0.001248672022484243,-0.000764254538808018,0.015085145831108093,0.1985648274421692,-0.10911766439676285,0.5669484734535217,-0.11772173643112183,0.24351854622364044,0.002324927132576704,0.22707316279411316,0.6281641721725464,-1.096117785028307,1.2941665404791478,-1.113638615066346
-0.00011636852286756039,-0.0012911043595522642,-0.006800335831940174,-0.8110811114311218,0.3654617667198181,-0.01924648880958557,0.18711283802986145,0.041573911905288696,-0.07074239104986191,0.0069227926433086395,0.8898231983184814,0.2043137103319168,-1.4902617168189025,1.3603627536174292,-1.0594919082132563,-0.0019656505901366472,0.0011310417903587222,-0.0028155441395938396,-0.11595247685909271,0.011397967115044594,0.12259170413017273,-0.10040736198425293,-0.3580372929573059,-0.10592539608478546,0.0036152906250208616,0.16912603378295898,0.3866426348686218,-0.1508091001246036,0.7454499933558884,-1.3666186171185972,-0.004119225777685642,-0.0031521772034466267,0.001710798591375351,0.19774475693702698,0.5113722681999207,-0.13233622908592224,-0.23788602650165558,0.2872024178504944,-0.18359783291816711,0.0054617831483483315,0.5640190839767456,0.4156719148159027,-0.13847592480251222,0.3761412335286399,0.16503073919166683,-0.0016046948730945587,0.0011232516262680292,-0.0007251427159644663,0.015560068190097809,0.18345987796783447,-0.10896089673042297,0.6075158715248108,-0.11241202801465988,0.22201712429523468,0.0020886771380901337,0.2139441967010498,0.6565086245536804,-1.096117785028307,1.2941665404791478,-1.113638615066346
-7.573980838060379e-07,-0.0013939010677859187,-0.006821399554610252,-0.8186042904853821,0.345535010099411,-0.031741440296173096,0.17842572927474976,0.044302310794591904,-0.05954252555966377,0.006962359882891178,0.8891090154647827,0.1932453215122223,-1.4902617168189025,1.3603627536174292,-1.0594919082132563,-0.0019260367844253778,0.0010745644103735685,-0.002742429729551077,-0.10633978247642517,0.006393913179636002,0.1345958113670349,-0.09052465856075287,-0.4228248596191406,-0.0844445675611496,0.003519265213981271,0.17165391147136688,0.44057515263557434,-0.1508091001246036,0.7454499933558884,-1.3666186171185972,-0.004298331215977669,-0.003024750156328082,0.0018030370119959116,0.18652500212192535,0.4877360463142395,-0.12477010488510132,-0.26754656434059143,0.30381232500076294,-0.24702388048171997,0.0055565913207829,0.5368850827217102,0.47424033284187317,-0.13847592480251222,0.3761412335286399,0.16503073919166683,-0.0014138168189674616,0.001046534744091332,-0.0007223766297101974,0.015999585390090942,0.17159707844257355,-0.10938548296689987,0.6365038752555847,-0.10933025181293488,0.20832201838493347,0.0019015627913177013,0.2041243016719818,0.6785929203033447,-1.096117785028307,1.2941665404791478,-1.113638615066346
9.914487600326538e-05,-0.0014417734928429127,-0.006868454627692699,-0.8250261545181274,0.32855427265167236,-0.042669594287872314,0.1722484529018402,0.046502821147441864,-0.05180913954973221,0.0070188469253480434,0.8890650868415833,0.1857854276895523,-1.488832608607371,1.3603890072616973,-1.0574750413545322,-0.0018697679042816162,0.0009983195923268795,-0.0026854360476136208,-0.09777097404003143,0.002439107745885849,0.14119037985801697,-0.08172954618930817,-0.4791295528411865,-0.06619712710380554,0.0034211459569633007,0.17175516486167908,0.4905373454093933,-0.1508091001246036,0.7454499933558884,-1.3666186171185972,-0.004417104180902243,-0.002930195303633809,0.0019005758222192526,0.17222420871257782,0.4623849391937256,-0.11407842487096786,-0.29085350036621094,0.31379029154777527,-0.2972738742828369,0.0056310780346393585,0.5064335465431213,0.5209912061691284,-0.13759090806481816,0.37348294301959484,0.15756815531536883,-0.0012579623144119978,0.0010333553655073047,-0.0007519209757447243,0.016565706580877304,0.16296523809432983,-0.1095854863524437,0.6557753086090088,-0.10857600718736649,0.2020624727010727,0.0017932311166077852,0.19708138704299927,0.6947368383407593,-1.0919570884020497,1.2937051195806828,-1.1086930676217073
0.00015248707495629787,-0.0014360550558194518,-0.0069340127520263195,-0.8301556706428528,0.31526464223861694,-0.05005764961242676,0.16822269558906555,0.04840736463665962,-0.047346122562885284,0.007082798983901739,0.8894132971763611,0.18133892118930817,-1.488832608607371,1.3603890072616973,-1.0574750413545322,-0.0017936336807906628,0.0009062085300683975,-0.002641947939991951,-0.09138280153274536,-0.00021608173847198486,0.14286762475967407,-0.07433408498764038,-0.5244695544242859,-0.052054718136787415,0.003319371026009321,0.1695936918258667,0.5322626829147339,-0.1508091001246036,0.7454499933558884,-1.3666186171185972,-0.004489935468882322,-0.002870778786018491,0.0019835028797388077,0.15640687942504883,0.437420129776001,-0.0954892486333847,-0.307206392288208,0.32357004284858704,-0.33055761456489563,0.005686402786523104,0.47425487637519836,0.5552852153778076,-0.13759090806481816,0.37348294301959484,0.15756815531536883,-0.0011563829611986876,0.0010804521152749658,-0.0007978976354934275,0.016683604568243027,0.15694008767604828,-0.10897203534841537,0.6683526039123535,-0.1088731437921524,0.19995829463005066,0.0017723541241139174,0.19179008901119232,0.7060679197311401,-1.0919570884020497,1.2937051195806828,-1.1086930676217073
0.0001424136571586132,-0.0013903732178732753,-0.007006105035543442,-0.8335088491439819,0.30690231919288635,-0.053597450256347656,0.1659781038761139,0.04996761307120323,-0.04545334354043007,0.007144153583794832,0.8898307681083679,0.1791968196630478,-1.488832608607371,1.3603890072616973,-1.0574750413545322,-0.0017004900146275759,0.000805737916380167,-0.002615953329950571,-0.08743651956319809,-0.0016350075602531433,0.1407405138015747,-0.068525530397892,-0.5586183071136475,-0.04207019507884979,0.003222435712814331,0.16569764912128448,0.5643758177757263,-0.15117193004516025,0.7453426785885134,-1.366661349048337,-0.004512205719947815,-0.002843632362782955,0.0020650005899369717,0.13766081631183624,0.4131796956062317,-0.07464588433504105,-0.3183113634586334,0.3308125436306,-0.3519965708255768,0.005719306878745556,0.4418596923351288,0.5784986019134521,-0.13759090806481816,0.37348294301959484,0.15756815531536883,-0.0011117722606286407,0.0011738324537873268,-0.0008472846238873899,0.016530051827430725,0.15269038081169128,-0.10661403089761734,0.6758663654327393,-0.11017882823944092,0.20135129988193512,0.001825324958190322,0.18696027994155884,0.7137766480445862,-1.0919570884020497,1.2937051195806828,-1.1086930676217073
6.190687417984009e-05,-0.0013227331219241023,-0.007074064575135708,-0.835131049156189,0.3033214211463928,-0.05346488952636719,0.16502979397773743,0.05118366703391075,-0.04533326253294945,0.007196933031082153,0.8901158571243286,0.17863287031650543,-1.488832608607371,1.3603890072616973,-1.0574750413545322,-0.001601457130163908,0.0007009821711108088,-0.0026113493368029594,-0.08547592163085938,-0.0022026896476745605,0.13618925213813782,-0.0638025775551796,-0.5827317833900452,-0.03585179150104523,0.0031424809712916613,0.16080577671527863,0.5873094797134399,-0.15117193004516025,0.7453426785885134,-1.366661349048337,-0.004492932464927435,-0.0028359191492199898,0.0021323487162590027,0.11817771196365356,0.3894574046134949,-0.05420287698507309,-0.3251623809337616,0.33583390712738037,-0.36416465044021606,0.0057250140234827995,0.4105861485004425,0.5925629734992981,-0.13759090806481816,0.37348294301959484,0.15756815531536883,-0.0011205410119146109,0.0012910313671454787,-0.0008924694848246872,0.016040712594985962,0.1495932787656784,-0.1018255203962326,0.6796889901161194,-0.11197313666343689,0.2047199010848999,0.001928438781760633,0.18166972696781158,0.718627393245697,-1.0919570884020497,1.2937051195806828,-1.1086930676217073
-8.159433491528034e-05,-0.0012496626004576683,-0.007135244086384773,-0.8352574110031128,0.3037629723548889,-0.05059361457824707,0.1648796945810318,0.05197757109999657,-0.046062011271715164,0.00724430987611413,0.8902171850204468,0.17890971899032593,-1.488832608607371,1.3603890072616973,-1.0574750413545322,-0.0015096004353836179,0.0005942997522652149,-0.00263194739818573,-0.08501017093658447,-0.002131417393684387,0.13025769591331482,-0.0601678341627121,-0.5984846353530884,-0.0326678603887558,0.003091800957918167,0.15555815398693085,0.6023879647254944,-0.15117193004516025,0.7453426785885134,-1.366661349048337,-0.004444359801709652,-0.0028331733774393797,0.002174007473513484,0.10116773843765259,0.36531731486320496,-0.036434322595596313,-0.3284730017185211,0.33868080377578735,-0.36924728751182556,0.005701360292732716,0.38081374764442444,0.5991182923316956,-0.13759090806481816,0.37348294301959484,0.15756815531536883,-0.0011755902087315917,0.0014031261671334505,-0.0009373318171128631,0.015231708064675331,0.147461399435997,-0.0946887955069542,0.6804004907608032,-0.11366070806980133,0.20854192972183228,0.002056542318314314,0.1759057641029358,0.7206617593765259,-1.0919570884020497,1.2937051195806828,-1.1086930676217073
-0.00026992661878466606,-0.0011864877305924892,-0.007193907164037228,-0.8341797590255737,0.30722078680992126,-0.046396493911743164,0.1650419533252716,0.05216851085424423,-0.04660186171531677,0.007296089082956314,0.8901646137237549,0.17925438284873962,-1.488832608607371,1.3603890072616973,-1.0574750413545322,-0.001430724747478962,0.0004856059094890952,-0.0026817130856215954,-0.08576197922229767,-0.0014872439205646515,0.12359718978404999,-0.05753385275602341,-0.6076299548149109,-0.031657278537750244,0.0030780467204749584,0.1504446566104889,0.6111681461334229,-0.15117193004516025,0.7453426785885134,-1.366661349048337,-0.004374986980110407,-0.0028257700614631176,0.0021915535908192396,0.08918258547782898,0.3396483361721039,-0.022883065044879913,-0.32852402329444885,0.33902356028556824,-0.3687610626220703,0.005650521721690893,0.3519064486026764,0.599040687084198,-0.13759090806481816,0.37348294301959484,0.15756815531536883,-0.0012668727431446314,0.0014776933239772916,-0.0009921311866492033,0.014240657910704613,0.14623862504959106,-0.086308553814888,0.6777015924453735,-0.11453897505998611,0.21123963594436646,0.00218468951061368,0.17040450870990753,0.7190415859222412,-1.0919570884020497,1.2937051195806828,-1.1086930676217073
-0.0004797782748937607,-0.00114646356087178,-0.007253757677972317,-0.8321816921234131,0.31268730759620667,-0.04236730933189392,0.16505128145217896,0.051457859575748444,-0.0457967109978199,0.007359454408288002,0.8899970054626465,0.17884959280490875,-1.488832608607371,1.3603890072616973,-1.0574750413545322,-0.0013553695753216743,0.0003736416110768914,-0.0027640475891530514,-0.08737567812204361,-0.00026832520961761475,0.11669881641864777,-0.05597056448459625,-0.6116246581077576,-0.03188884258270264,0.0031010634265840054,0.14578475058078766,0.6150075793266296,-0.15117193004516025,0.7453426785885134,-1.366661349048337,-0.004287618678063154,-0.002809694269672036,0.0021990349050611258,0.08329131454229355,0.31263867020606995,-0.013998523354530334,-0.32509031891822815,0.33609968423843384,-0.36343008279800415,0.005577975418418646,0.32384616136550903,0.592223048210144,-0.13759090806481816,0.37348294301959484,0.15756815531536883,-0.0013780761510133743,0.0014903744449838996,-0.0010618343949317932,0.013292215764522552,0.14543989300727844,-0.07838554680347443,0.6704015731811523,-0.11376999318599701,0.21111512184143066,0.002290808130055666,0.16575203835964203,0.7120052576065063,-1.0919570884020497,1.2937051195806828,-1.1086930676217073
-0.0006839334964752197,-0.001135821919888258,-0.007312640082091093,-0.8294617533683777,0.31937307119369507,-0.03988218307495117,0.1644643396139145,0.04942832887172699,-0.042372915893793106,0.007431861478835344,0.889717161655426,0.17688171565532684,-1.488832608607371,1.3603890072616973,-1.0574750413545322,-0.0012674109311774373,0.00025855901185423136,-0.00287831062451005,-0.08907787501811981,0.0014819782227277756,0.11003904789686203,-0.05576048791408539,-0.6114208102226257,-0.032392680644989014,0.003155606798827648,0.1415826827287674,0.6148121356964111,-0.15117193004516025,0.7453426785885134,-1.366661349048337,-0.004186986945569515,-0.002782681258395314,0.0022126634139567614,0.08346102386713028,0.28663620352745056,-0.008959414437413216,-0.3174422085285187,0.3287144899368286,-0.35318851470947266,0.005492727272212505,0.2986742854118347,0.5775507688522339,-0.13759090806481816,0.37348294301959484,0.15756815531536883,-0.0014850610168650746,0.0014354625018313527,-0.0011355620808899403,0.012584885582327843,0.14404578506946564,-0.07226838916540146,0.656488299369812,-0.11037058383226395,0.2063116580247879,0.0023570023477077484,0.16164866089820862,0.6969383358955383,-1.0919570884020497,1.2937051195806828,-1.1086930676217073
-0.0008520341943949461,-0.0011492329649627209,-0.0073611680418252945,-0.8261094093322754,0.3267768919467926,-0.04014214873313904,0.1628643423318863,0.045563433319330215,-0.034969765692949295,0.007498899474740028,0.8892982006072998,0.17269541323184967,-1.488832608607371,1.3603890072616973,-1.0574750413545322,-0.001160112558864057,0.000142581295222044,-0.00301556009799242,-0.08973614871501923,0.0037287939339876175,0.10387907922267914,-0.05742862820625305,-0.6073710322380066,-0.03216525912284851,0.003234160365536809,0.13732203841209412,0.6109273433685303,-0.15117193004516025,0.7453426785885134,-1.366661349048337,-0.004089448135346174,-0.0027429184410721064,0.0022407963406294584,0.08956503123044968,0.2647520899772644,-0.006274485029280186,-0.30442583560943604,0.31531548500061035,-0.3372941017150879,0.005410023964941502,0.2795620560646057,0.553051769733429,-0.13759090806481816,0.37348294301959484,0.15756815531536883,-0.0015616377349942923,0.0013280075509101152,-0.0011868433794006705,0.012186598032712936,0.14115619659423828,-0.06827463954687119,0.6333039402961731,-0.10323906689882278,0.1948356032371521,0.00236873677931726,0.15727367997169495,0.6705915927886963,-1.0919570884020497,1.2937051195806828,-1.1086930676217073
-0.0009566012304276228,-0.0011703941272571683,-0.007384388707578182,-0.8222342729568481,0.33447298407554626,-0.043867677450180054,0.15987783670425415,0.03929584100842476,-0.022226344794034958,0.007537513040006161,0.8887439370155334,0.16612975299358368,-1.488832608607371,1.3603890072616973,-1.0574750413545322,-0.001043774769641459,2.673594281077385e-05,-0.003153628669679165,-0.08817247301340103,0.006609391421079636,0.09777115285396576,-0.061741530895233154,-0.5992289185523987,-0.030169814825057983,0.00332198035903275,0.131822869181633,0.603156328201294,-0.15117193004516025,0.7453426785885134,-1.366661349048337,-0.004024941939860582,-0.002689637476578355,0.0022835582494735718,0.10227863490581512,0.2484259158372879,-0.0048024654388427734,-0.2846372425556183,0.29416555166244507,-0.314552903175354,0.005352471023797989,0.2686994969844818,0.5162317752838135,-0.13759090806481816,0.37348294301959484,0.15756815531536883,-0.0015888637863099575,0.0011995815439149737,-0.0011876184726133943,0.012017693370580673,0.1367921382188797,-0.06576186418533325,0.5978672504425049,-0.09123897552490234,0.17467927932739258,0.0023181720171123743,0.15225352346897125,0.6295098662376404,-1.0919570884020497,1.2937051195806828,-1.1086930676217073
-0.0009836060926318169,-0.0011794953607022762,-0.00737171433866024,-0.8180780410766602,0.34198814630508423,-0.050797849893569946,0.15521249175071716,0.030095215886831284,-0.0029526203870773315,0.007529997732490301,0.8881373405456543,0.15813082456588745,-1.488832608607371,1.3603890072616973,-1.0574750413545322,-0.0009406078606843948,-8.862651884555817e-05,-0.003256079275161028,-0.08358994126319885,0.010532094165682793,0.0905674621462822,-0.06966368108987808,-0.5862374901771545,-0.02535158395767212,0.0033903762232512236,0.12369587272405624,0.5909062027931213,-0.15117193004516025,0.7453426785885134,-1.366661349048337,-0.004027887247502804,-0.0026233941316604614,0.0023413568269461393,0.12262042611837387,0.2366313934326172,-0.003980101086199284,-0.2567124664783478,0.263644278049469,-0.2836678624153137,0.00534677691757679,0.2665446102619171,0.4646257162094116,-0.13759090806481816,0.37348294301959484,0.15756815531536883,-0.001561278011649847,0.001086732721887529,-0.0011284196516498923,0.011880293488502502,0.13215206563472748,-0.06343334168195724,0.5473958849906921,-0.07336170971393585,0.14408528804779053,0.0022117658518254757,0.1470683515071869,0.57077556848526,-1.0919570884020497,1.2937051195806828,-1.1086930676217073
-0.0009416858665645123,-0.001165351364761591,-0.007330336607992649,-0.8139293193817139,0.3490528166294098,-0.05945092439651489,0.14872340857982635,0.017606426030397415,0.023588377982378006,0.007481887936592102,0.8876109719276428,0.15160821378231049,-1.488832608607371,1.3603890072616973,-1.0574750413545322,-0.000873025506734848,-0.00019587238784879446,-0.003286846214905381,-0.07588115334510803,0.016085537150502205,0.08123145252466202,-0.08225631713867188,-0.5673093199729919,-0.016691729426383972,0.003406449453905225,0.11231759935617447,0.5734845995903015,-0.15117193004516025,0.7453426785885134,-1.366661349048337,-0.004119834862649441,-0.002545443596318364,0.002423491096124053,0.1499798595905304,0.22694945335388184,-0.00308214477263391,-0.21976089477539062,0.22271281480789185,-0.243734210729599,0.005415314342826605,0.27204689383506775,0.3966134190559387,-0.13759090806481816,0.37348294301959484,0.15756815531536883,-0.001486174645833671,0.0010124315740540624,-0.0010255323722958565,0.011505231261253357,0.12906570732593536,-0.059577129781246185,0.48008567094802856,-0.0489913634955883,0.1019909679889679,0.0020701326429843903,0.14261753857135773,0.4932388663291931,-1.0919570884020497,1.2937051195806828,-1.1086930676217073
-0.0008589453063905239,-0.0011316339951008558,-0.0072813187725842,-0.8100318908691406,0.35571953654289246,-0.06746122241020203,0.1405133605003357,0.0018479535356163979,0.057264987379312515,0.007418624125421047,0.8872649073600769,0.1517454981803894,-1.488832608607371,1.3603890072616973,-1.0574750413545322,-0.0008530778577551246,-0.00027457077521830797,-0.0032345536164939404,-0.06531423330307007,0.02377082221210003,0.06935285031795502,-0.1004982739686966,-0.5413132309913635,-0.0033195912837982178,0.003356406930834055,0.09818767011165619,0.5505732893943787,-0.15117193004516025,0.7453426785885134,-1.366661349048337,-0.004297725856304169,-0.002460652496665716,0.002550940727815032,0.181296706199646,0.2165418267250061,-0.0009461324661970139,-0.17396536469459534,0.17157082259655,-0.19490201771259308,0.005570687353610992,0.2824176847934723,0.3125496506690979,-0.13759090806481816,0.37348294301959484,0.15756815531536883,-0.0013754311949014664,0.0009754181373864412,-0.0009025834733620286,0.010680821724236012,0.12882116436958313,-0.05280767381191254,0.39619725942611694,-0.0182893518358469,0.048687562346458435,0.001912565901875496,0.1396338790655136,0.39959636330604553,-1.0919570884020497,1.2937051195806828,-1.1086930676217073
-0.0007674891967326403,-0.0010884334333240986,-0.007238846272230148,-0.8066844344139099,0.3619063198566437,-0.0725107491016388,0.13106903433799744,-0.016524028033018112,0.09651662409305573,0.007360341027379036,0.8871154189109802,0.16360805928707123,-1.488832608607371,1.3603890072616973,-1.0574750413545322,-0.0008777545299381018,-0.0002990281209349632,-0.003115696832537651,-0.05192123353481293,0.033661916851997375,0.05526014417409897,-0.1250094473361969,-0.5074864625930786,0.015294507145881653,0.0032507595606148243,0.08296157419681549,0.5228803157806396,-0.15117193004516025,0.7453426785885134,-1.366661349048337,-0.004541786853224039,-0.0023920945823192596,0.0027450236957520247,0.21254174411296844,0.20258793234825134,0.0033018160611391068,-0.12136228382587433,0.1125202476978302,-0.1392199695110321,0.005821090657263994,0.29364392161369324,0.2162679135799408,-0.13759090806481816,0.37348294301959484,0.15756815531536883,-0.0012394827790558338,0.0009630302665755153,-0.0007695765234529972,0.009416424669325352,0.13114047050476074,-0.04312845319509506,0.29947808384895325,0.017291555181145668,-0.01329241693019867,0.001748139737173915,0.138371080160141,0.30027124285697937,-1.0919570884020497,1.2937051195806828,-1.1086930676217073
-0.0006917552091181278,-0.0010404064087197185,-0.0071999989449977875,-0.8044009208679199,0.366789311170578,-0.07332363724708557,0.12132509797811508,-0.036081574857234955,0.13807560503482819,0.007307595573365688,0.8871142268180847,0.1873140037059784,-1.488832608607371,1.3603890072616973,-1.0574750413545322,-0.0009282650426030159,-0.00025636248756200075,-0.002951639937236905,-0.035628464072942734,0.045178450644016266,0.040497276932001114,-0.1556580662727356,-0.46599283814430237,0.039050936698913574,0.00310476659797132,0.07035985589027405,0.49285265803337097,-0.15117193004516025,0.7453426785885134,-1.366661349048337,-0.004829365760087967,-0.0023834945168346167,0.002998975571244955,0.23975835740566254,0.18359145522117615,0.009821858257055283,-0.06623595207929611,0.050398457795381546,-0.08106711506843567,0.006164225284010172,0.3021363317966461,0.11618555337190628,-0.13759090806481816,0.37348294301959484,0.15756815531536883,-0.0010889307595789433,0.0009739631786942482,-0.0006253197207115591,0.007939479313790798,0.13414889574050903,-0.03190021589398384,0.19787335395812988,0.054750874638557434,-0.07873405516147614,0.0015891504008322954,0.13811801373958588,0.2198876291513443,-1.0919570884020497,1.2937051195806828,-1.1086930676217073
-0.000645320164039731,-0.0009888322092592716,-0.007154817692935467,-0.8038703203201294,0.3688453137874603,-0.06985348463058472,0.11243650317192078,-0.055021002888679504,0.17784208059310913,0.007251595612615347,0.8872056603431702,0.2174789309501648,-1.488832608607371,1.3603890072616973,-1.0574750413545322,-0.0009780264226719737,-0.0001624751603230834,-0.0027576410211622715,-0.01688605546951294,0.057067543268203735,0.027586445212364197,-0.19104349613189697,-0.41863691806793213,0.06682783365249634,0.0029304467607289553,0.06559614837169647,0.4649950861930847,-0.15117193004516025,0.7453426785885134,-1.366661349048337,-0.005137740634381771,-0.0024586666841059923,0.0032615456730127335,0.25957179069519043,0.16114398837089539,0.017880845814943314,-0.013974843546748161,-0.008722010999917984,-0.02596646547317505,0.006563466973602772,0.3060467541217804,0.030751051381230354,-0.13759090806481816,0.37348294301959484,0.15756815531536883,-0.0009358079405501485,0.0010169377783313394,-0.000472024898044765,0.006505949888378382,0.13514800369739532,-0.020500751212239265,0.10139189660549164,0.09033073484897614,-0.1411234587430954,0.0014603788731619716,0.1368487924337387,0.1958463490009308,-1.0919570884020497,1.2937051195806828,-1.1086930676217073
-0.0006300387904047966,-0.000944230065215379,-0.007102291099727154,-0.8055710792541504,0.36686503887176514,-0.0626685619354248,0.10534585267305374,-0.07192260026931763,0.21255482733249664,0.007192431017756462,0.8873906135559082,0.24789142608642578,-1.488832608607371,1.3603890072616973,-1.0574750413545322,-0.0010150002781301737,-5.9619778767228127e-05,-0.0025577989872545004,0.0030206236988306046,0.06746678054332733,0.01839347928762436,-0.22823700308799744,-0.3692290782928467,0.09628872573375702,0.002752474509179592,0.06999436020851135,0.44462767243385315,-0.15117193004516025,0.7453426785885134,-1.366661349048337,-0.005443006753921509,-0.0025817365385591984,0.003464309498667717,0.2708323895931244,0.1396094411611557,0.025295879691839218,0.031136438250541687,-0.06003117561340332,0.021720586344599724,0.006949325557798147,0.3057463765144348,0.07102818787097931,-0.13759090806481816,0.37348294301959484,0.15756815531536883,-0.0007910110289230943,0.0010842130286619067,-0.0003247431304771453,0.0052757058292627335,0.13149991631507874,-0.009542001411318779,0.018005728721618652,0.12103021889925003,-0.1952913999557495,0.0013808237854391336,0.13195116817951202,0.23045878112316132,-1.0919570884020497,1.2937051195806828,-1.1086930676217073
-0.0006374504882842302,-0.0009298896184191108,-0.007057555951178074,-0.809413492679596,0.3608124852180481,-0.05270734429359436,0.1005437821149826,-0.08613459765911102,0.24065527319908142,0.0071470364928245544,0.8877577781677246,0.27466922998428345,-1.488832608607371,1.3603890072616973,-1.0574750413545322,-0.0010500963544473052,9.00158192962408e-06,-0.002391593065112829,0.021807698532938957,0.07425342500209808,0.01297549158334732,-0.26356151700019836,-0.3225729465484619,0.12451320886611938,0.0026119917165488005,0.07846980541944504,0.4347660541534424,-0.15117193004516025,0.7453426785885134,-1.366661349048337,-0.005715416744351387,-0.0026797030586749315,0.0035682152956724167,0.27494943141937256,0.12383639812469482,0.029341548681259155,0.06706829369068146,-0.10128018260002136,0.059992820024490356,0.0072511350736021996,0.30297455191612244,0.13548050820827484,-0.13759090806481816,0.37348294301959484,0.15756815531536883,-0.0006608563708141446,0.0011419939110055566,-0.000211376667721197,0.0043805367313325405,0.12180729955434799,0.0002687489613890648,-0.04848945140838623,0.14539557695388794,-0.2387876808643341,0.0013362489407882094,0.12188634276390076,0.2837440073490143,-1.0919570884020497,1.2937051195806828,-1.1086930676217073
-0.0006543898489326239,-0.0009671488660387695,-0.007043777033686638,-0.8150219917297363,0.3510429859161377,-0.041645556688308716,0.09824714809656143,-0.09759576618671417,0.26194268465042114,0.0071399156004190445,0.8883841633796692,0.2962961494922638,-1.4901343205930941,1.3605003357414254,-1.0592256015761237,-0.0010923235677182674,2.3589003831148148e-05,-0.0022982433438301086,0.03638157248497009,0.07622622698545456,0.010177269577980042,-0.294089674949646,-0.2824981212615967,0.14919450879096985,0.0025447297375649214,0.085074283182621,0.4342268109321594,-0.15117193004516025,0.7453426785885134,-1.366661349048337,-0.005902491044253111,-0.0026872935704886913,0.003605674486607313,0.2736174166202545,0.11923348903656006,0.02797459438443184,0.09427348524332047,-0.13093426823616028,0.0902363508939743,0.0074203661642968655,0.2997760772705078,0.18486176431179047,-0.13661734451668325,0.37148035138579716,0.14649109670277768,-0.0005451792385429144,0.0011565444292500615,-0.00016147940186783671,0.004060793202370405,0.1072130799293518,0.007137409411370754,-0.09734390676021576,0.16339385509490967,-0.27149733901023865,0.001288755564019084,0.10752709954977036,0.33148786425590515,-1.0882189215590867,1.2933732550724513,-1.1042127938934625
-0.000660088611766696,-0.001060008886270225,-0.0070768846198916435,-0.8213492631912231,0.33899375796318054,-0.0334261953830719,0.09795790910720825,-0.10661271959543228,0.2771589457988739,0.007186211179941893,0.8891842365264893,0.31269651651382446,-1.4901343205930941,1.3605003357414254,-1.0592256015761237,-0.0011293322313576937,-1.1773314327001572e-05,-0.002304046880453825,0.04381607100367546,0.0743597224354744,0.00885053351521492,-0.31842508912086487,-0.2508324980735779,0.16926057636737823,0.0025659622624516487,0.08676144480705261,0.43927282094955444,-0.15117193004516025,0.7453426785885134,-1.366661349048337,-0.005987854208797216,-0.0026035055052489042,0.0035661063157022,0.2707803547382355,0.12425621598958969,0.02445506677031517,0.11259609460830688,-0.15263326466083527,0.11091366410255432,0.007439741864800453,0.2989308536052704,0.21971943974494934,-0.13661734451668325,0.37148035138579716,0.14649109670277768,-0.0004452205612324178,0.001120755448937416,-0.0001895586319733411,0.00437080767005682,0.09139516204595566,0.008650971576571465,-0.13113552331924438,0.17540548741817474,-0.294454962015152,0.0012207565596327186,0.09190766513347626,0.3669704794883728,-1.0882189215590867,1.2933732550724513,-1.1042127938934625
-0.0006497588474303484,-0.0011900337412953377,-0.007154580671340227,-0.8276498317718506,0.3256257474422455,-0.030694931745529175,0.09931321442127228,-0.11349475383758545,0.28726422786712646,0.007281922269612551,0.8899317383766174,0.32444554567337036,-1.4901343205930941,1.3605003357414254,-1.0592256015761237,-0.0011403633980080485,-8.051225449889898e-05,-0.0024186894297599792,0.04240557551383972,0.07137423753738403,0.0082908496260643,-0.3364770710468292,-0.2275945544242859,0.18477925658226013,0.0026752513367682695,0.08343411982059479,0.4462728798389435,-0.15170756438420527,0.7454976110983236,-1.3670149958042004,-0.0059458124451339245,-0.0024350066669285297,0.003525792621076107,0.2695266306400299,0.13985878229141235,0.01900789514183998,0.12401815503835678,-0.16709104180335999,0.12475481629371643,0.007328926119953394,0.3042472302913666,0.2426183819770813,-0.13661734451668325,0.37148035138579716,0.14649109670277768,-0.00036317837657406926,0.0010581074748188257,-0.00029104657005518675,0.005361058749258518,0.07889807969331741,0.003846212290227413,-0.15224632620811462,0.18253204226493835,-0.3094705641269684,0.0011559403501451015,0.0791734904050827,0.39021649956703186,-1.0882189215590867,1.2933732550724513,-1.1042127938934625
-0.0006317850202322006,-0.0013235165970399976,-0.007257488090544939,-0.8327922821044922,0.31323838233947754,-0.034346699714660645,0.10157960653305054,-0.11844231188297272,0.29328203201293945,0.007404186762869358,0.890416145324707,0.3322067856788635,-1.4901343205930941,1.3605003357414254,-1.0592256015761237,-0.0011135567910969257,-0.0001585234422236681,-0.002628781832754612,0.03192849084734917,0.06987325102090836,0.008265003561973572,-0.34881359338760376,-0.2122260332107544,0.19606128334999084,0.00285930628888309,0.07726584374904633,0.4529358148574829,-0.15170756438420527,0.7454976110983236,-1.3670149958042004,-0.005796043202280998,-0.002217562636360526,0.003526595188304782,0.27325212955474854,0.16330207884311676,0.012112244963645935,0.13019415736198425,-0.17609168589115143,0.13346657156944275,0.007137827109545469,0.31856080889701843,0.2564607560634613,-0.13661734451668325,0.37148035138579716,0.14649109670277768,-0.00030437461100518703,0.0010033578146249056,-0.0004417344171088189,0.006731050089001656,0.07339879125356674,-0.005789623595774174,-0.16370368003845215,0.18591102957725525,-0.3184681236743927,0.0011377609334886074,0.07393381744623184,0.403464674949646,-1.0882189215590867,1.2933732550724513,-1.1042127938934625
-0.0006248494610190392,-0.001421802444383502,-0.007355505600571632,-0.8356755971908569,0.30459365248680115,-0.043159425258636475,0.10375732183456421,-0.1213776171207428,0.2960299253463745,0.007517674006521702,0.8905019760131836,0.3363507390022278,-1.4901343205930941,1.3605003357414254,-1.0592256015761237,-0.0010546846315264702,-0.00022112391889095306,-0.002891788724809885,0.013541686348617077,0.07082977890968323,0.009053539484739304,-0.356486052274704,-0.20325449109077454,0.20404082536697388,0.0030860488768666983,0.07267875969409943,0.45828738808631897,-0.15170756438420527,0.7454976110983236,-1.3670149958042004,-0.005583848804235458,-0.001986878691241145,0.0035869725979864597,0.28245264291763306,0.1914607733488083,0.003835909068584442,0.13266155123710632,-0.18119250237941742,0.13851796090602875,0.0069277286529541016,0.34124982357025146,0.2638503909111023,-0.13661734451668325,0.37148035138579716,0.14649109670277768,-0.0002725698286667466,0.0009832200594246387,-0.0006028182688169181,0.008014167658984661,0.0767364427447319,-0.016966022551059723,-0.16832219064235687,0.18664546310901642,-0.3231677711009979,0.0011850763112306595,0.0789971798658371,0.4093974828720093,-1.0882189215590867,1.2933732550724513,-1.1042127938934625
-0.0006467720959335566,-0.0014556883834302425,-0.00741839874535799,-0.8356847763061523,0.30164453387260437,-0.054821789264678955,0.10454294830560684,-0.12184067815542221,0.29598352313041687,0.007587488275021315,0.8901482224464417,0.33672040700912476,-1.4901343205930941,1.3605003357414254,-1.0592256015761237,-0.000980995362624526,-0.0002486493904143572,-0.003145933151245117,-0.010870746336877346,0.0736939013004303,0.011675829067826271,-0.3606048822402954,-0.19917955994606018,0.2095509171485901,0.0033047047909349203,0.07540085911750793,0.4621903896331787,-0.15170756438420527,0.7454976110983236,-1.3670149958042004,-0.0053673917427659035,-0.0017674363916739821,0.0037065409123897552,0.2938656806945801,0.22174420952796936,-0.00535968504846096,0.132693812251091,-0.18351717293262482,0.14094038307666779,0.0067580449394881725,0.36817964911460876,0.2667403221130371,-0.13661734451668325,0.37148035138579716,0.14649109670277768,-0.0002678372839000076,0.0010044537484645844,-0.0007309566135518253,0.008799700997769833,0.08846144378185272,-0.026262395083904266,-0.16843149065971375,0.1857207715511322,-0.32487714290618896,0.001270811422728002,0.09269614517688751,0.41037365794181824,-1.0882189215590867,1.2933732550724513,-1.1042127938934625
-0.0007068158593028784,-0.0014159661950543523,-0.007427528500556946,-0.8329885005950928,0.3046724498271942,-0.06671386957168579,0.10229706019163132,-0.11893214285373688,0.29321348667144775,0.007594256196171045,0.8894637823104858,0.33254125714302063,-1.4901343205930941,1.3605003357414254,-1.0592256015761237,-0.0009107755613513291,-0.00022705539595335722,-0.0033271186985075474,-0.0390402115881443,0.07743025571107864,0.017351027578115463,-0.3622068464756012,-0.19854477047920227,0.213266059756279,0.003456990933045745,0.0884343832731247,0.46486151218414307,-0.15170756438420527,0.7454976110983236,-1.3670149958042004,-0.005206350237131119,-0.0015755246859043837,0.0038811080157756805,0.30230456590652466,0.25205662846565247,-0.014452138915657997,0.131234809756279,-0.18363577127456665,0.14120972156524658,0.006682167295366526,0.39386481046676636,0.2662420868873596,-0.13661734451668325,0.37148035138579716,0.14649109670277768,-0.0002850507735274732,0.001053895684890449,-0.0007928252452984452,0.008874017745256424,0.10592572391033173,-0.0312875472009182,-0.16575394570827484,0.18397903442382812,-0.3243781328201294,0.0013492672005668283,0.11080576479434967,0.4080978035926819,-1.0882189215590867,1.2933732550724513,-1.1042127938934625
-0.0008031870238482952,-0.0013161555398255587,-0.007379372604191303,-0.828391432762146,0.3124997615814209,-0.07637783885002136,0.0950450524687767,-0.11131291091442108,0.287385493516922,0.007538734469562769,0.8886630535125732,0.3225128650665283,-1.4901343205930941,1.3605003357414254,-1.0592256015761237,-0.0008531460771337152,-0.00015024666208773851,-0.0033864788711071014,-0.06813490390777588,0.08133749663829803,0.026832394301891327,-0.36215707659721375,-0.20003928244113922,0.21557830274105072,0.0034955216106027365,0.10944464802742004,0.4665270149707794,-0.15170756438420527,0.7454976110983236,-1.3670149958042004,-0.005147775635123253,-0.0014230604283511639,0.004109512083232403,0.30348023772239685,0.2801768183708191,-0.022245854139328003,0.1288880854845047,-0.18150970339775085,0.1391901671886444,0.006738900672644377,0.41363534331321716,0.26254868507385254,-0.13661734451668325,0.37148035138579716,0.14649109670277768,-0.00031286446028389037,0.0011087266029790044,-0.0007748962379992008,0.008247056044638157,0.12500126659870148,-0.03107512556016445,-0.16138407588005066,0.18212929368019104,-0.3218824565410614,0.0013883886858820915,0.1290697306394577,0.4035148322582245,-1.0882189215590867,1.2933732550724513,-1.1042127938934625
-0.0009237225167453289,-0.0011898481752723455,-0.007280712015926838,-0.822969913482666,0.32321518659591675,-0.08186358213424683,0.08054536581039429,-0.09727999567985535,0.2778226137161255,0.007434902247041464,0.887946605682373,0.3051825165748596,-1.4901343205930941,1.3605003357414254,-1.0592256015761237,-0.0008067991584539413,-2.6699970476329327e-05,-0.0033066163305193186,-0.0947183221578598,0.08499598503112793,0.04007117822766304,-0.36110585927963257,-0.20252521336078644,0.21651442348957062,0.003403725801035762,0.13342255353927612,0.46721771359443665,-0.15170756438420527,0.7454976110983236,-1.3670149958042004,-0.005208960268646479,-0.001315033994615078,0.004384002648293972,0.295539528131485,0.3032447099685669,-0.027866946533322334,0.12594135105609894,-0.17648951709270477,0.13412988185882568,0.006934122648090124,0.4243554472923279,0.25495216250419617,-0.13661734451668325,0.37148035138579716,0.14649109670277768,-0.0003349502803757787,0.001147486618719995,-0.0006840747664682567,0.00712996581569314,0.14096665382385254,-0.026128310710191727,-0.15583357214927673,0.18077728152275085,-0.3170400857925415,0.0013772710226476192,0.14354485273361206,0.39683616161346436,-1.0882189215590867,1.2933732550724513,-1.1042127938934625
-0.001050920458510518,-0.001080902642570436,-0.007145393174141645,-0.817745566368103,0.33480533957481384,-0.08211466670036316,0.056466877460479736,-0.07494557648897171,0.2636357247829437,0.007302700076252222,0.8874374628067017,0.2798377275466919,-1.4901343205930941,1.3605003357414254,-1.0592256015761237,-0.0007658578106202185,0.00011898321099579334,-0.0031093833968043327,-0.11553840339183807,0.08800458908081055,0.056008726358413696,-0.3594830334186554,-0.20501798391342163,0.21568706631660461,0.0032045217230916023,0.15566280484199524,0.4666704833507538,-0.15170756438420527,0.7454976110983236,-1.3670149958042004,-0.005370352882891893,-0.0012445137836039066,0.004674190655350685,0.27911093831062317,0.3181591033935547,-0.03103669360280037,0.12241311371326447,-0.1673668771982193,0.12471175193786621,0.007227555848658085,0.42437177896499634,0.24197037518024445,-0.13661734451668325,0.37148035138579716,0.14649109670277768,-0.00033550147782079875,0.0011528244940564036,-0.0005442160181701183,0.00586394127458334,0.14948320388793945,-0.01809431053698063,-0.14911840856075287,0.18045781552791595,-0.3089955151081085,0.0013182323891669512,0.15068848431110382,0.38765907287597656,-1.0882189215590867,1.2933732550724513,-1.1042127938934625
-0.0011691008694469929,-0.0010272329673171043,-0.006993595045059919,-0.8133424520492554,0.34579819440841675,-0.0774495005607605,0.020720191299915314,-0.04255406931042671,0.2439352571964264,0.007164661772549152,0.8871870040893555,0.2484845668077469,-1.4901343205930941,1.3605003357414254,-1.0592256015761237,-0.0007253342191688716,0.0002498652320355177,-0.002843574620783329,-0.12837040424346924,0.09012234210968018,0.07246921211481094,-0.35751527547836304,-0.20664407312870026,0.21227853000164032,0.0029452433809638023,0.17277958989143372,0.46430712938308716,-0.15170756438420527,0.7454976110983236,-1.3670149958042004,-0.005588147323578596,-0.0011944465804845095,0.0049266694113612175,0.257092148065567,0.32218754291534424,-0.03194567561149597,0.11811484396457672,-0.15249331295490265,0.10917432606220245,0.007544943131506443,0.41342678666114807,0.22164015471935272,-0.13661734451668325,0.37148035138579716,0.14649109670277768,-0.00030649942345917225,0.0011100152041763067,-0.00039033128996379673,0.004796511493623257,0.14790678024291992,-0.009100839495658875,-0.1408761739730835,0.18165799975395203,-0.29649943113327026,0.0012159087928012013,0.1482641100883484,0.3751768171787262,-1.0882189215590867,1.2933732550724513,-1.1042127938934625
-0.0012677570339292288,-0.0010482465149834752,-0.006848188117146492,-0.8097894787788391,0.355712890625,-0.06952676177024841,-0.028010711073875427,0.0010268688201904297,0.2181406319141388,0.007042990066111088,0.8872004747390747,0.21993404626846313,-1.4901343205930941,1.3605003357414254,-1.0592256015761237,-0.0006801225244998932,0.000326656736433506,-0.0025574069004505873,-0.13217127323150635,0.09135819971561432,0.08651746809482574,-0.355258584022522,-0.20659765601158142,0.20506733655929565,0.0026663835160434246,0.1824851781129837,0.45928624272346497,-0.15170756438420527,0.7454976110983236,-1.3670149958042004,-0.005818186793476343,-0.0011506398441269994,0.005089798476547003,0.23372215032577515,0.31327784061431885,-0.030780717730522156,0.1127275601029396,-0.12999103963375092,0.08552976697683334,0.00781545415520668,0.39206695556640625,0.1921471208333969,-0.13661734451668325,0.37148035138579716,0.14649109670277768,-0.00024963554460555315,0.0010105316760018468,-0.0002571860095486045,0.004140459932386875,0.13638737797737122,-0.0008990531787276268,-0.13051177561283112,0.18481864035129547,-0.2780921757221222,0.0010722111910581589,0.13645316660404205,0.3585059344768524,-1.0882189215590867,1.2933732550724513,-1.1042127938934625
-0.001340639078989625,-0.0011401457013562322,-0.0067281099036335945,-0.8066321611404419,0.3650669753551483,-0.060321927070617676,-0.08949822932481766,0.055608902126550674,0.1864035278558731,0.006954473908990622,0.8874503374099731,0.21412275731563568,-1.4901343205930941,1.3605003357414254,-1.0592256015761237,-0.0006221585208550096,0.00032670365180820227,-0.0022777647245675325,-0.12717178463935852,0.09167139232158661,0.09535138309001923,-0.352638840675354,-0.20411467552185059,0.1925131380558014,0.0023837005719542503,0.18348895013332367,0.45064204931259155,-0.15170756438420527,0.7454976110983236,-1.3670149958042004,-0.006033780053257942,-0.0011146098840981722,0.00514459703117609,0.21234959363937378,0.29088035225868225,-0.02742612361907959,0.10589621216058731,-0.09808719158172607,0.05191362649202347,0.00800723023712635,0.36118683218955994,0.15339533984661102,-0.13661734451668325,0.37148035138579716,0.14649109670277768,-0.00017253420082852244,0.0008612651727162302,-0.0001658096007304266,0.003860943019390106,0.11776407808065414,0.006071954034268856,-0.11737847328186035,0.19030433893203735,-0.2523835003376007,0.0008938895771279931,0.11798369884490967,0.3371807932853699,-1.0882189215590867,1.2933732550724513,-1.1042127938934625
-0.0013837714213877916,-0.0012767622247338295,-0.006642867345362902,-0.8031724691390991,0.37517639994621277,-0.050795555114746094,-0.16094234585762024,0.11876290291547775,0.15015187859535217,0.006904536858201027,0.8879321217536926,0.2501052916049957,-1.4901343205930941,1.3605003357414254,-1.0592256015761237,-0.0005478243692778051,0.0002606494817882776,-0.002012090990319848,-0.11524908989667892,0.09077049046754837,0.0974784567952156,-0.3495006263256073,-0.19848188757896423,0.17292550206184387,0.002101561287418008,0.17613542079925537,0.43754884600639343,-0.15170756438420527,0.7454976110983236,-1.3670149958042004,-0.006227556616067886,-0.0010998836951330304,0.005116279702633619,0.1938936561346054,0.257240355014801,-0.021843716502189636,0.0973474383354187,-0.05560896173119545,0.007104828953742981,0.008134404197335243,0.3228691816329956,0.1123359203338623,-0.13661734451668325,0.37148035138579716,0.14649109670277768,-8.563678420614451e-05,0.0006899293512105942,-0.00011813045421149582,0.003669477067887783,0.09609723836183548,0.01310551818460226,-0.10100367665290833,0.19833269715309143,-0.21845676004886627,0.0007051886641420424,0.09705615788698196,0.3118668794631958,-1.0882189215590867,1.2933732550724513,-1.1042127938934625
-0.0013942341320216656,-0.0014177383854985237,-0.006592883728444576,-0.7987200021743774,0.3876855671405792,-0.0405307412147522,-0.23645657300949097,0.18535539507865906,0.11236583441495895,0.006886217277497053,0.8887612223625183,0.32077160477638245,-1.4901343205930941,1.3605003357414254,-1.0592256015761237,-0.0004699857090599835,0.00016777688870206475,-0.0017669657245278358,-0.0997299775481224,0.08836428821086884,0.0936380997300148,-0.34566429257392883,-0.18909695744514465,0.1447475552558899,0.0018360837129876018,0.1628570258617401,0.41975387930870056,-0.15170756438420527,0.7454976110983236,-1.3670149958042004,-0.006400880869477987,-0.0011143407318741083,0.005060099996626377,0.17710857093334198,0.21786269545555115,-0.014601338654756546,0.08703690022230148,-0.0026709313970059156,-0.04874999821186066,0.008235147222876549,0.2811490595340729,0.0997953861951828,-0.13661734451668325,0.37148035138579716,0.14649109670277768,-1.4013949112268165e-06,0.000537066487595439,-0.00010409336391603574,0.0031562261283397675,0.0749855786561966,0.022589057683944702,-0.08137206733226776,0.20885591208934784,-0.17642273008823395,0.0005470628966577351,0.07837770879268646,0.2852493226528168,-1.0882189215590867,1.2933732550724513,-1.1042127938934625
-0.0013716663233935833,-0.0015219911001622677,-0.006574712693691254,-0.7928959131240845,0.40366610884666443,-0.028625696897506714,-0.3086475133895874,0.24892915785312653,0.07679148763418198,0.006886564660817385,0.8901964426040649,0.4038885235786438,-1.4901343205930941,1.3605003357414254,-1.0592256015761237,-0.0004141484387218952,8.862552931532264e-05,-0.0015609064139425755,-0.08423609286546707,0.08456148952245712,0.08660972118377686,-0.3409940004348755,-0.17559388279914856,0.10698691010475159,0.001617344212718308,0.14747069776058197,0.39819130301475525,-0.15170756438420527,0.7454976110983236,-1.3670149958042004,-0.00655312929302454,-0.0011478197993710637,0.005030045751482248,0.159682959318161,0.18008685111999512,-0.006712193600833416,0.07533076405525208,0.058427296578884125,-0.11319011449813843,0.00834040530025959,0.24077993631362915,0.14798809587955475,-0.13661734451668325,0.37148035138579716,0.14649109670277768,6.732186011504382e-05,0.00043748243479058146,-0.00011334530427120626,0.0019830558449029922,0.056773994117975235,0.036650482565164566,-0.05927213281393051,0.22139140963554382,-0.1281360387802124,0.00045691386912949383,0.06760530173778534,0.26257604360580444,-1.0882189215590867,1.2933732550724513,-1.1042127938934625
-0.001322214026004076,-0.0015614564763382077,-0.006584146060049534,-0.7859501838684082,0.42262011766433716,-0.014842689037322998,-0.3716384768486023,0.30435630679130554,0.046417951583862305,0.006894735153764486,0.8924941420555115,0.48259976506233215,-1.4901343205930941,1.3605003357414254,-1.0592256015761237,-0.0003965719952248037,3.81327117793262e-05,-0.0014173476956784725,-0.07145210355520248,0.08005690574645996,0.0796610414981842,-0.3354806900024414,-0.15804579854011536,0.05982226878404617,0.0014722764026373625,0.13364277780056,0.3756387531757355,-0.15170756438420527,0.7454976110983236,-1.3670149958042004,-0.006679323501884937,-0.0011768939439207315,0.005048756022006273,0.13977240025997162,0.1500387340784073,0.0009292867034673691,0.06309808790683746,0.12275005131959915,-0.18096578121185303,0.008455079980194569,0.20505806803703308,0.22759076952934265,-0.13661734451668325,0.37148035138579716,0.14649109670277768,0.00011075875227106735,0.00040304032154381275,-0.00013952796871308237,6.203167140483856e-05,0.042584046721458435,0.0557134672999382,-0.03646818548440933,0.23493348062038422,-0.07755380123853683,0.00044065527617931366,0.07012414187192917,0.2500765025615692,-1.0882189215590867,1.2933732550724513,-1.1042127938934625
-0.0012597513850778341,-0.0015304787084460258,-0.006615604739636183,-0.7789105176925659,0.4420086145401001,-0.00016385316848754883,-0.4226335287094116,0.3492100238800049,0.02267642319202423,0.006906197406351566,0.8955854177474976,0.548708438873291,-1.4901343205930941,1.3605003357414254,-1.0592256015761237,-0.0004084771790076047,2.0541483536362648e-07,-0.0013476773165166378,-0.06255697458982468,0.07591745257377625,0.07466572523117065,-0.3293406665325165,-0.13724946975708008,0.005400612950325012,0.0014082215493544936,0.12349820137023926,0.35683590173721313,-0.15170756438420527,0.7454976110983236,-1.3670149958042004,-0.006774413399398327,-0.001186376204714179,0.005100282374769449,0.1173170804977417,0.12997446954250336,0.007827196270227432,0.05146179720759392,0.18406394124031067,-0.24545444548130035,0.008562304079532623,0.17526529729366302,0.3110879957675934,-0.13661734451668325,0.37148035138579716,0.14649109670277768,0.00012462836457416415,0.00041867498657666147,-0.0001767711655702442,-0.0023368187248706818,0.03268734738230705,0.0775352194905281,-0.015208986587822437,0.24821460247039795,-0.029669690877199173,0.00047124200500547886,0.084176205098629,0.25044378638267517,-1.0882189215590867,1.2933732550724513,-1.1042127938934625
-0.0012043504975736141,-0.0014441090170294046,-0.006661704741418362,-0.7732889652252197,0.4579561948776245,0.013725697994232178,-0.4613713026046753,0.3832801878452301,0.005857229232788086,0.006922009866684675,0.898826003074646,0.5998345613479614,-1.4917195626321358,1.3605571641905905,-1.0608526053588259,-0.00042353474418632686,-5.424499977380037e-05,-0.001341027906164527,-0.05726831778883934,0.07290025055408478,0.07127657532691956,-0.3230655789375305,-0.11486940830945969,-0.05176440626382828,0.001407366362400353,0.11693783104419708,0.3467649221420288,-0.15170756438420527,0.7454976110983236,-1.3670149958042004,-0.006841590628027916,-0.0011899012606590986,0.005149515345692635,0.09429223835468292,0.11808642745018005,0.013796023093163967,0.04131457209587097,0.23741112649440765,-0.30138278007507324,0.008645271882414818,0.15174241364002228,0.38587889075279236,-0.13661734451668325,0.37148035138579716,0.14649109670277768,0.00011059684766223654,0.00045575492549687624,-0.00021801574621349573,-0.0046891942620277405,0.026757532730698586,0.09766186028718948,0.0029360633343458176,0.260203093290329,0.011566233821213245,0.0005171799566596746,0.10136958956718445,0.26047655940055847,-1.086930891017888,1.2931741913933017,-1.1019963747561154
-0.001168134156614542,-0.0013293094234541059,-0.006716188043355942,-0.7703998684883118,0.4670138359069824,0.024163812398910522,-0.4890519976615906,0.407638281583786,-0.005057811737060547,0.0069454144686460495,0.9012223482131958,0.6366839408874512,-1.4917195626321358,1.3605571641905905,-1.0608526053588259,-0.00041607755701988935,-0.00013942940859124064,-0.0013682753778994083,-0.05445580929517746,0.07079504430294037,0.06765488535165787,-0.3172881007194519,-0.09298344701528549,-0.10599587112665176,0.001436919905245304,0.11204712092876434,0.34720712900161743,-0.15170756438420527,0.7454976110983236,-1.3670149958042004,-0.0068963756784796715,-0.001222998253069818,0.005170901771634817,0.07391464710235596,0.11053816974163055,0.018642745912075043,0.03306815028190613,0.280443400144577,-0.3462420701980591,0.008705971762537956,0.1342744082212448,0.4467947781085968,-0.13661734451668325,0.37148035138579716,0.14649109670277768,7.245656161103398e-05,0.0004906022804789245,-0.00025821058079600334,-0.006334532052278519,0.023835336789488792,0.11155745387077332,0.016725432127714157,0.27034860849380493,0.044214390218257904,0.0005591182853095233,0.11425110697746277,0.2744503915309906,-1.086930891017888,1.2931741913933017,-1.1019963747561154
-0.0011649341322481632,-0.0012147733941674232,-0.006772915367037058,-0.7708085775375366,0.4675159752368927,0.029811561107635498,-0.5074926614761353,0.4238869249820709,-0.011044710874557495,0.006978906225413084,0.9020009636878967,0.6613250970840454,-1.4917195626321358,1.3605571641905905,-1.0608526053588259,-0.00037340971175581217,-0.00024166301591321826,-0.0014014658518135548,-0.05300717428326607,0.06852822005748749,0.062084078788757324,-0.31254419684410095,-0.07316912710666656,-0.15273968875408173,0.0014703545020893216,0.10658475756645203,0.35548135638237,-0.15256811551170577,0.745385181427616,-1.367683191219438,-0.0069517651572823524,-0.0012962294276803732,0.005174450110644102,0.05877261608839035,0.1043599396944046,0.020826533436775208,0.02551151067018509,0.3095583915710449,-0.3826761841773987,0.008762544021010399,0.12156875431537628,0.4928674101829529,-0.13551637165063643,0.3696767395312417,0.13674270153755838,1.5398945834022015e-05,0.0005097319954074919,-0.00029484479455277324,-0.006954684853553772,0.022504784166812897,0.11685112118721008,0.026422623544931412,0.2784910202026367,0.06814922392368317,0.0005890647880733013,0.11920158565044403,0.287923127412796,-1.086930891017888,1.2931741913933017,-1.1019963747561154
-0.0011980042327195406,-0.0011255701538175344,-0.006827995181083679,-0.7742488980293274,0.45974597334861755,0.029428929090499878,-0.5185375213623047,0.4336403012275696,-0.013434439897537231,0.0070230793207883835,0.900940477848053,0.6760958433151245,-1.4917195626321358,1.3605571641905905,-1.0608526053588259,-0.0002986706676892936,-0.00032973213819786906,-0.0014340085908770561,-0.05219708010554314,0.06465375423431396,0.05432434380054474,-0.3090260624885559,-0.056295134127140045,-0.18988178670406342,0.0015014354139566422,0.09927626699209213,0.367044061422348,-0.15256811551170577,0.745385181427616,-1.367683191219438,-0.0070131635293364525,-0.0014349904377013445,0.005169682204723358,0.05168575048446655,0.09678993374109268,0.021060753613710403,0.020813092589378357,0.33237022161483765,-0.4062940180301666,0.008830021135509014,0.11172852665185928,0.5253360271453857,-0.13551637165063643,0.3696767395312417,0.13674270153755838,-5.775064346380532e-05,0.0005044015706516802,-0.0003266597632318735,-0.0065584927797317505,0.021699342876672745,0.11387542635202408,0.032610759139060974,0.2846069931983948,0.08428797125816345,0.0006037074490450323,0.11610981076955795,0.2986118793487549,-1.086930891017888,1.2931741913933017,-1.1019963747561154
-0.001261293888092041,-0.0010798738803714514,-0.006879332475364208,-0.7798904180526733,0.445343554019928,0.02216622233390808,-0.5236423015594482,0.438159704208374,-0.013616949319839478,0.007076878100633621,0.8983603119850159,0.6829133629798889,-1.4917195626321358,1.3605571641905905,-1.0608526053588259,-0.00020537187810987234,-0.00037959677865728736,-0.0014765793457627296,-0.051296137273311615,0.05843937769532204,0.045450691133737564,-0.30678725242614746,-0.0423436239361763,-0.2171800136566162,0.0015383621212095022,0.09006786346435547,0.37825727462768555,-0.15256811551170577,0.745385181427616,-1.367683191219438,-0.007061308715492487,-0.0015902207233011723,0.005188514944165945,0.052181314677000046,0.08792773634195328,0.01694733090698719,0.01758628338575363,0.34738534688949585,-0.4214131236076355,0.008905704133212566,0.10364066809415817,0.5464200377464294,-0.13551637165063643,0.3696767395312417,0.13674270153755838,-0.00014227112114895135,0.00046644522808492184,-0.00035146635491400957,-0.005376223474740982,0.02114560455083847,0.10454163700342178,0.03620929270982742,0.28865423798561096,0.09409124404191971,0.0006011163350194693,0.10679416358470917,0.30575406551361084,-1.086930891017888,1.2931741913933017,-1.1019963747561154
-0.0013418623711913824,-0.0010878650937229395,-0.006926132366061211,-0.7867557406425476,0.4265483021736145,0.008260756731033325,-0.5236247777938843,0.4381338059902191,-0.012975990772247314,0.007138302084058523,0.8949839472770691,0.6828708052635193,-1.4917195626321358,1.3605571641905905,-1.0608526053588259,-0.0001090877631213516,-0.00038201952702365816,-0.0015384939033538103,-0.049897290766239166,0.04999364912509918,0.03742503374814987,-0.30569180846214294,-0.03104071319103241,-0.23560985922813416,0.0015889627393335104,0.07993583381175995,0.38719892501831055,-0.15256811551170577,0.745385181427616,-1.367683191219438,-0.007079221308231354,-0.0017263164045289159,0.005235943011939526,0.05872762203216553,0.07802780717611313,0.007901293225586414,0.015561684966087341,0.3562105596065521,-0.42989635467529297,0.008972772397100925,0.09797807037830353,0.5585150122642517,-0.13551637165063643,0.3696767395312417,0.13674270153755838,-0.00022873387206345797,0.0003910780360456556,-0.0003659780486486852,-0.0036596842110157013,0.021070005372166634,0.09081113338470459,0.038333356380462646,0.29044201970100403,0.09920615702867508,0.0005824097897857428,0.09329523146152496,0.3093022406101227,-1.086930891017888,1.2931741913933017,-1.1019963747561154
-0.001423476729542017,-0.0011504392605274916,-0.006968355737626553,-0.7940512299537659,0.4055478572845459,-0.01062193512916565,-0.5185485482215881,0.43357613682746887,-0.012870490550994873,0.007204705383628607,0.8916833996772766,0.6760521531105042,-1.4917195626321358,1.3605571641905905,-1.0608526053588259,-2.189763472415507e-05,-0.0003427975170779973,-0.0016186467837542295,-0.04814527556300163,0.040173180401325226,0.032190315425395966,-0.3054971992969513,-0.022078856825828552,-0.24674150347709656,0.0016546924598515034,0.07048452645540237,0.3933158814907074,-0.15256811551170577,0.745385181427616,-1.367683191219438,-0.007059078197926283,-0.0018246783874928951,0.0052963681519031525,0.06882312148809433,0.06772429496049881,-0.0049183564260602,0.01455911248922348,0.3601553738117218,-0.43337342143058777,0.00901174545288086,0.09668191522359848,0.5636811256408691,-0.13551637165063643,0.3696767395312417,0.13674270153755838,-0.00030787024297751486,0.0002801132795866579,-0.00036678608739748597,-0.0015606768429279327,0.02185596525669098,0.0738057866692543,0.04020579904317856,0.28954800963401794,0.10124143958091736,0.0005547788459807634,0.07698969542980194,0.3093612492084503,-1.086930891017888,1.2931741913933017,-1.1019963747561154
-0.0014904343988746405,-0.0012580514885485172,-0.0070060379803180695,-0.8012112379074097,0.38415345549583435,-0.03228464722633362,-0.5077225565910339,0.4238249361515045,-0.014633774757385254,0.0072724586352705956,0.8891319632530212,0.6615315079689026,-1.4917195626321358,1.3605571641905905,-1.0608526053588259,5.1258248277008533e-05,-0.0002808828721754253,-0.0017083061393350363,-0.04643872752785683,0.030145008116960526,0.030722517520189285,-0.30587995052337646,-0.015359148383140564,-0.25233325362205505,0.0017320024780929089,0.06331785023212433,0.39682555198669434,-0.15256811551170577,0.745385181427616,-1.367683191219438,-0.007000084966421127,-0.0018882020376622677,0.005343555007129908,0.07970963418483734,0.058062754571437836,-0.018938541412353516,0.014532335102558136,0.36003148555755615,-0.4330442249774933,0.009006667882204056,0.10041701793670654,0.5633481740951538,-0.13551637165063643,0.3696767395312417,0.13674270153755838,-0.0003754007047973573,0.00014077260857447982,-0.00035026081604883075,0.0008547268807888031,0.023845825344324112,0.053970858454704285,0.04309932142496109,0.2852846086025238,0.10164220631122589,0.0005323769873939455,0.059010233730077744,0.3059019446372986,-1.086930891017888,1.2931741913933017,-1.1019963747561154
-0.0015318249352276325,-0.0013925826642662287,-0.007037824019789696,-0.8077563047409058,0.36380085349082947,-0.05526477098464966,-0.48981577157974243,0.407647043466568,-0.019561633467674255,0.007335989736020565,0.8876234889030457,0.6375564932823181,-1.4917195626321358,1.3605571641905905,-1.0608526053588259,0.00011223461478948593,-0.00022160325897857547,-0.0017950283363461494,-0.04509618133306503,0.02096601575613022,0.03255496546626091,-0.3064432442188263,-0.011181920766830444,-0.254077285528183,0.001812134520150721,0.05943959206342697,0.39823079109191895,-0.15256811551170577,0.745385181427616,-1.367683191219438,-0.006910304073244333,-0.0019366504857316613,0.00535352248698473,0.0890434980392456,0.05041220411658287,-0.03143332898616791,0.015590772032737732,0.35606053471565247,-0.42959219217300415,0.00895338598638773,0.10704293102025986,0.5581859946250916,-0.13551637165063643,0.3696767395312417,0.13674270153755838,-0.00042909709736704826,-1.584920028108172e-05,-0.00031143898377195,0.003510773181915283,0.02710557170212269,0.031896937638521194,0.048283375799655914,0.27672529220581055,0.10163163393735886,0.0005304429796524346,0.04200538247823715,0.2987259030342102,-1.086930891017888,1.2931741913933017,-1.1019963747561154
-0.001544747967272997,-0.0015317758079618216,-0.007058883085846901,-0.8131372332572937,0.34587061405181885,-0.07894384860992432,-0.4631003737449646,0.3834570646286011,-0.02886126935482025,0.007386502344161272,0.8871588110923767,0.6019420623779297,-1.4917195626321358,1.3605571641905905,-1.0608526053588259,0.00016378011787310243,-0.00018335290951654315,-0.0018639961490407586,-0.044219907373189926,0.013372374698519707,0.03594401478767395,-0.30671295523643494,-0.01038581132888794,-0.25346362590789795,0.0018801393453031778,0.0585336908698082,0.3980257511138916,-0.15256811551170577,0.745385181427616,-1.367683191219438,-0.006812586449086666,-0.001997969811782241,0.005318401847034693,0.09538604319095612,0.046095382422208786,-0.040406566113233566,0.017998889088630676,0.34787461161613464,-0.4231846034526825,0.008870660327374935,0.1133841797709465,0.5481112003326416,-0.13551637165063643,0.3696767395312417,0.13674270153755838,-0.0004647552268579602,-0.00017315539298579097,-0.00024377535737585276,0.006251147948205471,0.03142118081450462,0.008888519369065762,0.056949518620967865,0.2628045976161957,0.10218942910432816,0.000552636047359556,0.03324715420603752,0.28766679763793945,-1.086930891017888,1.2931741913933017,-1.1019963747561154
-0.001534471521154046,-0.0016521404031664133,-0.007060476578772068,-0.816713809967041,0.33202266693115234,-0.10239177942276001,-0.42584913969039917,0.3496764898300171,-0.04353459179401398,0.00741178123280406,0.8875497579574585,0.5527353882789612,-1.4917195626321358,1.3605571641905905,-1.0608526053588259,0.000202380761038512,-0.0001693148515187204,-0.0019002300687134266,-0.043685656040906906,0.007765001151710749,0.03851676359772682,-0.30613088607788086,-0.014427423477172852,-0.2517273426055908,0.0019184628035873175,0.05875604599714279,0.3965992033481598,-0.15256811551170577,0.745385181427616,-1.367683191219438,-0.006737919058650732,-0.002095791045576334,0.005252663046121597,0.09829649329185486,0.04587606340646744,-0.04475460201501846,0.022151120007038116,0.3346041738986969,-0.4135434925556183,0.008796724490821362,0.11734474450349808,0.532417893409729,-0.13551637165063643,0.3696767395312417,0.13674270153755838,-0.000478701782412827,-0.000307953217998147,-0.00014274450950324535,0.008846553042531013,0.03658381104469299,-0.013166535645723343,0.07008916139602661,0.24251040816307068,0.10404184460639954,0.0005868275766260922,0.03987473249435425,0.2730357050895691,-1.086930891017888,1.2931741913933017,-1.1019963747561154
-0.0015103158075362444,-0.0017318641766905785,-0.0070337653160095215,-0.8179910182952881,0.3238915205001831,-0.1234932541847229,-0.3769184350967407,0.3052622675895691,-0.06417042016983032,0.007399612106382847,0.8884062170982361,0.4892549514770508,-1.4917195626321358,1.3605571641905905,-1.0608526053588259,0.00021444589947350323,-0.00017170311184599996,-0.001895519788376987,-0.0434030257165432,0.004271265584975481,0.038290757685899734,-0.30405476689338684,-0.025382474064826965,-0.24984848499298096,0.0019153235480189323,0.05803661420941353,0.39435750246047974,-0.15256811551170577,0.745385181427616,-1.367683191219438,-0.0067106494680047035,-0.0022361837327480316,0.005184289067983627,0.09787562489509583,0.04952234774827957,-0.04407242313027382,0.028516560792922974,0.31505998969078064,-0.40008413791656494,0.008769845589995384,0.1182137057185173,0.5100424885749817,-0.13551637165063643,0.3696767395312417,0.13674270153755838,-0.0004724626778624952,-0.00039622909389436245,-1.5425612218677998e-05,0.01103217713534832,0.042672086507081985,-0.03216644376516342,0.08829963952302933,0.21518941223621368,0.1076420471072197,0.0006168115069158375,0.05456460267305374,0.25630083680152893,-1.086930891017888,1.2931741913933017,-1.1019963747561154
-0.0014818392228335142,-0.0017578168772161007,-0.006977275013923645,-0.8168995380401611,0.32232052087783813,-0.1394946277141571,-0.3165491819381714,0.25043249130249023,-0.09062805026769638,0.00734630087390542,0.8891986012458801,0.41368257999420166,-1.4917195626321358,1.3605571641905905,-1.0608526053588259,0.0001789579400792718,-0.00017839629435911775,-0.0018587575759738684,-0.043618761003017426,0.0027917996048927307,0.03464881703257561,-0.2997775375843048,-0.04583853483200073,-0.2485785037279129,0.0018758546793833375,0.0557757206261158,0.39212116599082947,-0.15256811551170577,0.745385181427616,-1.367683191219438,-0.006741510704159737,-0.0023993635550141335,0.0051383269019424915,0.09377932548522949,0.055778343230485916,-0.03823665902018547,0.037546202540397644,0.28802698850631714,-0.38212549686431885,0.008809501305222511,0.11561932414770126,0.479988694190979,-0.13551637165063643,0.3696767395312417,0.13674270153755838,-0.0004516189801506698,-0.0004249777121003717,0.00011430945596657693,0.012527774088084698,0.050039730966091156,-0.045953281223773956,0.11149993538856506,0.18098317086696625,0.11312626302242279,0.0006305809947662055,0.06908418238162994,0.24080011248588562,-1.086930891017888,1.2931741913933017,-1.1019963747561154
-0.001460706815123558,-0.0017317973542958498,-0.0069026160053908825,-0.8138412237167358,0.32692408561706543,-0.14835777878761292,-0.24739918112754822,0.18760401010513306,-0.12160186469554901,0.007264908403158188,0.889509379863739,0.3334496021270752,-1.4917195626321358,1.3605571641905905,-1.0608526053588259,8.046580478549004e-05,-0.0001753269461914897,-0.0018172110430896282,-0.04471003636717796,0.002993770409375429,0.028469786047935486,-0.29257866740226746,-0.07863578200340271,-0.24847200512886047,0.0018274217145517468,0.05308934301137924,0.39182165265083313,-0.15256811551170577,0.745385181427616,-1.367683191219438,-0.0068268743343651295,-0.0025441190227866173,0.005129041615873575,0.0847683772444725,0.06268605589866638,-0.027176320552825928,0.049533553421497345,0.2526906430721283,-0.35918205976486206,0.00890987180173397,0.10887502878904343,0.4419478476047516,-0.13551637165063643,0.3696767395312417,0.13674270153755838,-0.0004208507889416069,-0.0004002063942607492,0.0002188530343119055,0.013097036629915237,0.05875257030129433,-0.05265044793486595,0.13854610919952393,0.14140497148036957,0.12023602426052094,0.0006206264370121062,0.07997166365385056,0.23161841928958893,-1.086930891017888,1.2931741913933017,-1.1019963747561154
-0.0014612807426601648,-0.0016685903538018465,-0.006829077377915382,-0.8095868825912476,0.3361051082611084,-0.14959123730659485,-0.17506815493106842,0.12186872214078903,-0.1544102430343628,0.007180239073932171,0.8892553448677063,0.2633312940597534,-1.4917195626321358,1.3605571641905905,-1.0608526053588259,-7.188998279161751e-05,-0.00015182001516222954,-0.0017908914014697075,-0.04651523381471634,0.004277057014405727,0.02136892080307007,-0.2818222641944885,-0.12640413641929626,-0.2499077469110489,0.0017987522296607494,0.05136721581220627,0.3973105549812317,-0.15256811551170577,0.745385181427616,-1.367683191219438,-0.006953521631658077,-0.0026317788287997246,0.005167361348867416,0.07004489004611969,0.06754707545042038,-0.011432575061917305,0.06442048400640488,0.2092173844575882,-0.33134889602661133,0.009054244495928288,0.09797754138708115,0.3971322178840637,-0.13551637165063643,0.3696767395312417,0.13674270153755838,-0.000381780177121982,-0.0003422515874262899,0.00028573573217727244,0.012672392651438713,0.06774736195802689,-0.051455870270729065,0.1670476347208023,0.09963296353816986,0.12829357385635376,0.0005869728629477322,0.08601163327693939,0.23300404846668243,-1.086930891017888,1.2931741913933017,-1.1019963747561154
-0.0014930714387446642,-0.00158788007684052,-0.006769108586013317,-0.8052013516426086,0.34729504585266113,-0.14396938681602478,-0.10660411417484283,0.059636298567056656,-0.1857064962387085,0.007111361250281334,0.8886451721191406,0.22227871417999268,-1.4917195626321358,1.3605571641905905,-1.0608526053588259,-0.0002378673671046272,-0.00010844424832612276,-0.0017617687117308378,-0.0478195883333683,0.005749898497015238,0.015035484917461872,-0.2671162486076355,-0.1908414661884308,-0.25308701395988464,0.001781058614142239,0.050456319004297256,0.41451728343963623,-0.15256811551170577,0.745385181427616,-1.367683191219438,-0.007109536789357662,-0.0026543056592345238,0.0052651530131697655,0.05103041231632233,0.06707359105348587,0.007091499399393797,0.08154404163360596,0.15950050950050354,-0.2997860610485077,0.009236486628651619,0.08457694202661514,0.3492299020290375,-0.13551637165063643,0.3696767395312417,0.13674270153755838,-0.0003347719903104007,-0.0002671718830242753,0.00032024586107581854,0.011426093988120556,0.07465847581624985,-0.04316885396838188,0.19400008022785187,0.05965694785118103,0.1364130973815918,0.0005347994738258421,0.0869942158460617,0.24454757571220398,-1.086930891017888,1.2931741913933017,-1.1019963747561154
-0.0015515396371483803,-0.0015061931917443871,-0.00672206562012434,-0.8019993901252747,0.35724180936813354,-0.132766991853714,-0.047612860798835754,0.006008113734424114,-0.21282774209976196,0.007061307318508625,0.8879480957984924,0.21817132830619812,-1.4917195626321358,1.3605571641905905,-1.0608526053588259,-0.0003697198408190161,-5.930091720074415e-05,-0.0016927383840084076,-0.04646509140729904,0.006314316298812628,0.010965423658490181,-0.2485438883304596,-0.2716849446296692,-0.258000910282135,0.0017336587188765407,0.04815720021724701,0.4496123194694519,-0.15256811551170577,0.745385181427616,-1.367683191219438,-0.0072850510478019714,-0.002633499214425683,0.005415249615907669,0.030957894399762154,0.059271447360515594,0.025461837649345398,0.0995098128914833,0.10754022002220154,-0.26696959137916565,0.009451571851968765,0.07155278325080872,0.3045322000980377,-0.13551637165063643,0.3696767395312417,0.13674270153755838,-0.00028169158031232655,-0.00017378083430230618,0.000334663171088323,0.009695826098322868,0.07666964828968048,-0.02980327606201172,0.21698370575904846,0.024633776396512985,0.1438712477684021,0.00047069028369151056,0.08282800763845444,0.2615104019641876,-1.086930891017888,1.2931741913933017,-1.1019963747561154
-0.0016146108973771334,-0.0014336545718833804,-0.006681873928755522,-0.8012949228286743,0.362625390291214,-0.11753934621810913,-0.0007499977946281433,-0.03659269958734512,-0.23449906706809998,0.007022092118859291,0.8873478770256042,0.23733815550804138,-1.4917195626321358,1.3605571641905905,-1.0608526053588259,-0.00045137706911191344,-2.8807437047362328e-05,-0.0015803107526153326,-0.04039610177278519,0.005055001936852932,0.009982218034565449,-0.22697433829307556,-0.3653501272201538,-0.26436328887939453,0.001643761876039207,0.041917093098163605,0.504862368106842,-0.15256811551170577,0.745385181427616,-1.367683191219438,-0.007464972324669361,-0.0025901636108756065,0.005571047775447369,0.013238782994449139,0.04543788731098175,0.04047134891152382,0.11656888574361801,0.0583728663623333,-0.23602794110774994,0.009668056853115559,0.06227196007966995,0.26963844895362854,-0.13551637165063643,0.3696767395312417,0.13674270153755838,-0.0002235554566141218,-6.05981404078193e-05,0.0003352113999426365,0.00785396434366703,0.07155153155326843,-0.013794821687042713,0.23479855060577393,-0.0039573535323143005,0.1502976268529892,0.00040745045407675207,0.07329122722148895,0.27881067991256714,-1.086930891017888,1.2931741913933017,-1.1019963747561154
-0.0016509238630533218,-0.0013792834943160415,-0.006648276001214981,-0.8037521839141846,0.36149001121520996,-0.10017749667167664,0.033783502876758575,-0.06797037273645401,-0.2506077289581299,0.00698767090216279,0.886976957321167,0.2618502080440521,-1.4917195626321358,1.3605571641905905,-1.0608526053588259,-0.000504763622302562,-4.420371260493994e-05,-0.001465093344449997,-0.029196452349424362,0.0017784929368644953,0.011703590862452984,-0.2042166292667389,-0.4642460346221924,-0.27158302068710327,0.0015502383466809988,0.031505078077316284,0.575313925743103,-0.15256811551170577,0.745385181427616,-1.367683191219438,-0.007625417783856392,-0.002503605093806982,0.005681972019374371,0.0008920589461922646,0.029481645673513412,0.04870510846376419,0.13130328059196472,0.014973646029829979,-0.20954769849777222,0.009833607822656631,0.05693988874554634,0.247739776968956,-0.13529323209009347,0.36877120502963073,0.1297157953592056,-0.00015464515308849514,5.0984450354008004e-05,0.00031281105475500226,0.006299458909779787,0.05851728841662407,0.0022636083886027336,0.24719591438770294,-0.02621963806450367,0.1557157188653946,0.00035265463520772755,0.05889889970421791,0.2933269143104553,-1.0865441176369608,1.2929491884679085,-1.1006676180755646
-0.001635704655200243,-0.0013590140733867884,-0.006633327342569828,-0.8089696168899536,0.3542684018611908,-0.08253368735313416,0.05725177377462387,-0.08925724029541016,-0.2617458403110504,0.00696587935090065,0.8869891166687012,0.2824101746082306,-1.4917195626321358,1.3605571641905905,-1.0608526053588259,-0.0005527664325200021,-0.00012295821215957403,-0.001396365463733673,-0.014717145822942257,-0.002816199790686369,0.014607707038521767,-0.18253874778747559,-0.5588216781616211,-0.27892860770225525,0.0015068198554217815,0.02092631161212921,0.6506944298744202,-0.15256811551170577,0.745385181427616,-1.367683191219438,-0.007764337584376335,-0.0023877278435975313,0.005669037811458111,-0.0034341169521212578,0.014073180966079235,0.0485779345035553,0.14325690269470215,-0.018558235839009285,-0.18827146291732788,0.00990576483309269,0.05069184675812721,0.23730379343032837,-0.13529323209009347,0.36877120502963073,0.1297157953592056,-6.435471004806459e-05,0.00012604953371919692,0.00024851429043337703,0.005224968306720257,0.039144888520240784,0.01543972734361887,0.25484609603881836,-0.04237864911556244,0.159986212849617,0.0002859884116332978,0.04240292310714722,0.3038718104362488,-1.0865441176369608,1.2929491884679085,-1.1006676180755646
-0.0015580907929688692,-0.0013918017502874136,-0.006656571291387081,-0.8157909512519836,0.3430849313735962,-0.0664847195148468,0.0716622844338417,-0.10226491093635559,-0.2688470482826233,0.006976725533604622,0.8874921798706055,0.2964326739311218,-1.4912658703538528,1.36047920741306,-1.060264750604778,-0.0005910479230806231,-0.000261389825027436,-0.0014031709870323539,-0.0002939286641776562,-0.007459885440766811,0.016552094370126724,-0.1637476682662964,-0.6414976119995117,-0.2858222723007202,0.0015448466874659061,0.01815786585211754,0.7211288809776306,-0.15256811551170577,0.745385181427616,-1.367683191219438,-0.007855826988816261,-0.0022193279583007097,0.005549133289605379,0.0009521367028355598,0.0018319205846637487,0.04047878459095955,0.1522688865661621,-0.043348465114831924,-0.1726524978876114,0.009870780631899834,0.040531400591135025,0.23425154387950897,-0.13529323209009347,0.36877120502963073,0.1297157953592056,5.083082942292094e-05,0.00014648682554252446,0.00012928451178595424,0.0049306247383356094,0.01738322526216507,0.02295573428273201,0.25858360528945923,-0.053579770028591156,0.163318932056427,0.00020188276539556682,0.029213922098279,0.31049853563308716,-1.0865441176369608,1.2929491884679085,-1.1006676180755646
-0.0014250746462494135,-0.0014804985839873552,-0.006729667074978352,-0.8230146169662476,0.3301692008972168,-0.0537448525428772,0.07915893197059631,-0.10890758037567139,-0.2730041444301605,0.0070364149287343025,0.8883993029594421,0.30439820885658264,-1.4912658703538528,1.36047920741306,-1.060264750604778,-0.0005962285795249045,-0.00043321348493918777,-0.0014857391361147165,0.010627922601997852,-0.01082826778292656,0.015406956896185875,-0.14871081709861755,-0.7086939215660095,-0.2919839024543762,0.0016584881814196706,0.021623561158776283,0.7807794809341431,-0.15256811551170577,0.745385181427616,-1.367683191219438,-0.007883849553763866,-0.0020167063921689987,0.005364433396607637,0.013073761016130447,-0.005353905260562897,0.027332434430718422,0.15871098637580872,-0.06032709777355194,-0.16210612654685974,0.009746760129928589,0.030767669901251793,0.23474866151809692,-0.13529323209009347,0.36877120502963073,0.1297157953592056,0.0001806425570975989,0.00012440886348485947,-4.243395960656926e-05,0.005429016426205635,-0.0018899922724813223,0.02355315536260605,0.25953543186187744,-0.0607016384601593,0.16577139496803284,0.00022340532450471073,0.024244533851742744,0.31388452649116516,-1.0865441176369608,1.2929491884679085,-1.1006676180755646
-0.0012576556764543056,-0.001600896823219955,-0.0068467967212200165,-0.8292009830474854,0.31827864050865173,-0.04614540934562683,0.08182918280363083,-0.11106523126363754,-0.2752153277397156,0.007143051829189062,0.8893845677375793,0.3078554570674896,-1.4912658703538528,1.36047920741306,-1.060264750604778,-0.000548416341189295,-0.0006017480045557022,-0.001619823044165969,0.01580030657351017,-0.012066124938428402,0.00987870804965496,-0.13775421679019928,-0.7601147890090942,-0.29722630977630615,0.0018129224190488458,0.02219977416098118,0.827704131603241,-0.1530539251662597,0.745335865311351,-1.3679222832132047,-0.007844552397727966,-0.0018138015875592828,0.005179400555789471,0.030969541519880295,-0.005675087682902813,0.012215358205139637,0.16313688457012177,-0.07093545794487,-0.15572717785835266,0.009573561139404774,0.03377179428935051,0.2364242821931839,-0.13529323209009347,0.36877120502963073,0.1297157953592056,0.0003029338549822569,9.582444909028709e-05,-0.00024834138457663357,0.006465067621320486,-0.014715505763888359,0.018328048288822174,0.2589620053768158,-0.06431454420089722,0.167277991771698,0.000403267506044358,0.024377459660172462,0.31492793560028076,-1.0865441176369608,1.2929491884679085,-1.1006676180755646
-0.0010881549678742886,-0.0017080154502764344,-0.0069860778748989105,-0.8329291343688965,0.3104144334793091,-0.04435223340988159,0.08143290132284164,-0.1103200912475586,-0.2763437330722809,0.0072736977599561214,0.8899973034858704,0.30849263072013855,-1.4912658703538528,1.36047920741306,-1.060264750604778,-0.00044960685772821307,-0.0007384123746305704,-0.0017741038464009762,0.014864646829664707,-0.011079452931880951,0.0001862420467659831,-0.1300336867570877,-0.797296404838562,-0.30185753107070923,0.001973535865545273,0.018540406599640846,0.8623852729797363,-0.1530539251662597,0.745335865311351,-1.3679222832132047,-0.007747054565697908,-0.0016379310982301831,0.005049458704888821,0.05260718986392021,0.002448739018291235,-0.002830145414918661,0.16613967716693878,-0.07675168663263321,-0.15252265334129333,0.009391309693455696,0.05274014174938202,0.2382359653711319,-0.13529323209009347,0.36877120502963073,0.1297157953592056,0.0003914983826689422,0.00010079854109790176,-0.0004540674854069948,0.00762979406863451,-0.019016660749912262,0.010052020661532879,0.2582240402698517,-0.06452381610870361,0.16759881377220154,0.0006079544546082616,0.022823020815849304,0.31453511118888855,-1.0865441176369608,1.2929491884679085,-1.1006676180755646
-0.0009524270426481962,-0.0017560741398483515,-0.007117499131709337,-0.8330341577529907,0.3092731535434723,-0.04797166585922241,0.07935038208961487,-0.10791921615600586,-0.27704811096191406,0.007392543833702803,0.8898859620094299,0.3077315390110016,-1.4912658703538528,1.36047920741306,-1.060264750604778,-0.00033155534765683115,-0.0008320785127580166,-0.0019253396894782782,0.008850879967212677,-0.00838557630777359,-0.01198988314718008,-0.12517327070236206,-0.822547435760498,-0.3057810664176941,0.002123491605743766,0.017100095748901367,0.8864280581474304,-0.1530539251662597,0.745335865311351,-1.3679222832132047,-0.007611400447785854,-0.00149069307371974,0.004997687879949808,0.07612275332212448,0.01970233954489231,-0.016752928495407104,0.1682523787021637,-0.07924957573413849,-0.15155716240406036,0.009226725436747074,0.08039599657058716,0.2399144321680069,-0.13529323209009347,0.36877120502963073,0.1297157953592056,0.00042641410254873335,0.00016182013496290892,-0.000615868775639683,0.008548718877136707,-0.014741634950041771,0.0017019619699567556,0.2587798833847046,-0.060892097651958466,0.1662902981042862,0.0007663608994334936,0.017125800251960754,0.31357190012931824,-1.0865441176369608,1.2929491884679085,-1.1006676180755646
-0.0008845643606036901,-0.0017167930491268635,-0.0072134509682655334,-0.8291099667549133,0.31609755754470825,-0.05565810203552246,0.07657590508460999,-0.1047770082950592,-0.27775198221206665,0.007467510178685188,0.8890662789344788,0.3065750300884247,-1.4912658703538528,1.36047920741306,-1.060264750604778,-0.0002417663054075092,-0.0008807815611362457,-0.0020557320676743984,-0.0008817315101623535,-0.004658862017095089,-0.024210792034864426,-0.12252123653888702,-0.8381126523017883,-0.3089112937450409,0.0022495025768876076,0.024670729413628578,0.9015932679176331,-0.1530539251662597,0.745335865311351,-1.3679222832132047,-0.007467311806976795,-0.0013537638587877154,0.005018665920943022,0.09930235147476196,0.04519066959619522,-0.02899126708507538,0.16987833380699158,-0.0796598494052887,-0.15203076601028442,0.009098375216126442,0.11288776248693466,0.24149055778980255,-0.13529323209009347,0.36877120502963073,0.1297157953592056,0.0004032881697639823,0.0002766321995295584,-0.0006983202183619142,0.009005977772176266,-0.0037342673167586327,-0.004561285953968763,0.2621860206127167,-0.052439719438552856,0.1627032458782196,0.0008525361190550029,0.010763722471892834,0.3129916489124298,-1.0865441176369608,1.2929491884679085,-1.1006676180755646
-0.0009077016729861498,-0.0015885408502072096,-0.007260167505592108,-0.8218779563903809,0.32983145117759705,-0.06520617008209229,0.07375150173902512,-0.10151641070842743,-0.2786243259906769,0.0074871499091386795,0.8879887461662292,0.30557548999786377,-1.4912658703538528,1.36047920741306,-1.060264750604778,-0.00021831266349181533,-0.0008797382470220327,-0.0021417997777462006,-0.013242367655038834,-0.00044198520481586456,-0.03385816141963005,-0.12148283421993256,-0.8456202745437622,-0.31096526980400085,0.002325705485418439,0.036358363926410675,0.9091375470161438,-0.1530539251662597,0.745335865311351,-1.3679222832132047,-0.007350696716457605,-0.001212364062666893,0.005102168302983046,0.11928236484527588,0.07645269483327866,-0.03908998519182205,0.1712425798177719,-0.0789043977856636,-0.1533076912164688,0.00902965571731329,0.1469738781452179,0.2430085837841034,-0.13529323209009347,0.36877120502963073,0.1297157953592056,0.00033444183645769954,0.0004249740159139037,-0.000688165717292577,0.008958930149674416,0.010605573654174805,-0.007590194698423147,0.2700687646865845,-0.03773178160190582,0.1560172587633133,0.0008752293069846928,0.015822505578398705,0.3141690790653229,-1.0865441176369608,1.2929491884679085,-1.1006676180755646
-0.0010239602997899055,-0.0013958915369585156,-0.007259981241077185,-0.8130154609680176,0.3473542630672455,-0.07414481043815613,0.07121872156858444,-0.09852872788906097,-0.279562771320343,0.0074635338969528675,0.8872128129005432,0.30485302209854126,-1.4912658703538528,1.36047920741306,-1.060264750604778,-0.00027307175332680345,-0.0008190204971469939,-0.002159831579774618,-0.027072764933109283,0.0038084685802459717,-0.03835109621286392,-0.12158278375864029,-0.8457349538803101,-0.31140029430389404,0.002325991168618202,0.047098252922296524,0.9094064831733704,-0.1530539251662597,0.745335865311351,-1.3679222832132047,-0.00729648070409894,-0.0010677065001800656,0.005250335205346346,0.13274158537387848,0.1101614311337471,-0.046539679169654846,0.1723547726869583,-0.07757774740457535,-0.15491314232349396,0.009052327834069729,0.17866675555706024,0.24438199400901794,-0.13529323209009347,0.36877120502963073,0.1297157953592056,0.000242558351601474,0.0005741858622059226,-0.0005942039424553514,0.008510219864547253,0.024181073531508446,-0.007231454364955425,0.2840348482131958,-0.01507221907377243,0.14532525837421417,0.0008611633675172925,0.02663535438477993,0.31940945982933044,-1.0865441176369608,1.2929491884679085,-1.1006676180755646
-0.0012113230768591166,-0.001184274209663272,-0.007222464308142662,-0.8045692443847656,0.36459580063819885,-0.08050134778022766,0.06907480210065842,-0.0960385724902153,-0.2801762521266937,0.007418476976454258,0.8869848847389221,0.30412736535072327,-1.4912658703538528,1.36047920741306,-1.060264750604778,-0.00039198825834318995,-0.0006917569553479552,-0.0021043180022388697,-0.04047972708940506,0.007589569315314293,-0.035465046763420105,-0.12249214947223663,-0.8379919528961182,-0.30937567353248596,0.002249519107863307,0.05435052514076233,0.9016363620758057,-0.1530539251662597,0.745335865311351,-1.3679222832132047,-0.007325560785830021,-0.0009299535304307938,0.005470852833241224,0.1362134963274002,0.14329086244106293,-0.050742894411087036,0.17298053205013275,-0.075956791639328,-0.15651127696037292,0.00919015146791935,0.20411083102226257,0.24533136188983917,-0.13529323209009347,0.36877120502963073,0.1297157953592056,0.00015417065878864378,0.0006848791963420808,-0.000440946314483881,0.00789998285472393,0.033365942537784576,-0.004540987312793732,0.30548784136772156,0.01716701313853264,0.12978477776050568,0.0008290125406347215,0.0345878042280674,0.3323576748371124,-1.0865441176369608,1.2929491884679085,-1.1006676180755646
-0.0014290320686995983,-0.0010097390040755272,-0.0071579283103346825,-0.7984373569488525,0.3775428235530853,-0.08340045809745789,0.06722530722618103,-0.09416460990905762,-0.2797693908214569,0.0073686931282281876,0.8871281743049622,0.30274927616119385,-1.4912658703538528,1.36047920741306,-1.060264750604778,-0.0005463669076561928,-0.0005045431316830218,-0.001995406113564968,-0.05100066214799881,0.010515876114368439,-0.024008428677916527,-0.12402978539466858,-0.8207998275756836,-0.3037527799606323,0.002129489555954933,0.057341571897268295,0.8839465379714966,-0.1530539251662597,0.745335865311351,-1.3679222832132047,-0.007431643083691597,-0.0008039844105951488,0.005756155587732792,0.1269068568944931,0.17383356392383575,-0.051072318106889725,0.17262005805969238,-0.074025958776474,-0.15787480771541595,0.009434460662305355,0.22120541334152222,0.24536091089248657,-0.13529323209009347,0.36877120502963073,0.1297157953592056,9.458697604713961e-05,0.0007263168226927519,-0.00026343821082264185,0.007483501918613911,0.03567469120025635,-0.0017646430060267448,0.33531755208969116,0.06004931777715683,0.10885290801525116,0.000778384564910084,0.03649384155869484,0.3576209247112274,-1.0865441176369608,1.2929491884679085,-1.1006676180755646
-0.0016289842315018177,-0.0009211039869114757,-0.007078945636749268,-0.7960138320922852,0.38290879130363464,-0.08355379104614258,0.06543028354644775,-0.09297100454568863,-0.27733665704727173,0.0073221237398684025,0.8872645497322083,0.29973381757736206,-1.4912658703538528,1.36047920741306,-1.060264750604778,-0.0007063050870783627,-0.00028235302306711674,-0.0018708879360929132,-0.05661432445049286,0.01271879393607378,-0.00450038630515337,-0.1261449158191681,-0.7916207313537598,-0.29314953088760376,0.002019606763496995,0.0581996813416481,0.8535295128822327,-0.1530539251662597,0.745335865311351,-1.3679222832132047,-0.007581945974379778,-0.0006831125356256962,0.006072462536394596,0.10404857993125916,0.20020245015621185,-0.0468418151140213,0.17050035297870636,-0.07151161134243011,-0.15885359048843384,0.009737933985888958,0.23043715953826904,0.24375960230827332,-0.13529323209009347,0.36877120502963073,0.1297157953592056,8.224914927268401e-05,0.0006934803677722812,-9.940829477272928e-05,0.007617313414812088,0.030142446979880333,-0.001519346609711647,0.37343692779541016,0.11337999999523163,0.08262087404727936,0.0007053807494230568,0.031127141788601875,0.398919016122818,-1.0865441176369608,1.2929491884679085,-1.1006676180755646
-0.0017677848227322102,-0.0009405799792148173,-0.007001231890171766,-0.7978660464286804,0.37886109948158264,-0.08322426676750183,0.06334628164768219,-0.09250650554895401,-0.2715819776058197,0.007281964179128408,0.8871596455574036,0.2938145101070404,-1.4912658703538528,1.36047920741306,-1.060264750604778,-0.0008504019933752716,-6.400147685781121e-05,-0.001771824317984283,-0.056361667811870575,0.015025164932012558,0.020623493939638138,-0.12888534367084503,-0.7473615407943726,-0.27607452869415283,0.0019663777202367783,0.061868585646152496,0.8070798516273499,-0.1530539251662597,0.745335865311351,-1.3679222832132047,-0.007734593003988266,-0.0005568474298343062,0.0063687399961054325,0.0698685571551323,0.22045287489891052,-0.03726991266012192,0.16559113562107086,-0.06792589277029037,-0.1593472957611084,0.010034683160483837,0.2342437505722046,0.23963704705238342,-0.13529323209009347,0.36877120502963073,0.1297157953592056,0.0001223565632244572,0.000610262737609446,2.325034438399598e-05,0.008489727973937988,0.017932111397385597,-0.00558430515229702,0.4181516170501709,0.1748010218143463,0.05225607752799988,0.0006228421116247773,0.020611176267266273,0.45622020959854126,-1.0865441176369608,1.2929491884679085,-1.1006676180755646
-0.0018158468883484602,-0.0010537710040807724,-0.006939741782844067,-0.8035624027252197,0.3656640946865082,-0.08519744873046875,0.06056762486696243,-0.09282900393009186,-0.2609834372997284,0.007250361610203981,0.8869506120681763,0.28354543447494507,-1.4912658703538528,1.36047920741306,-1.060264750604778,-0.0009682989912107587,0.00011198583524674177,-0.0017265910282731056,-0.05024343729019165,0.018771322444081306,0.047471702098846436,-0.13235194981098175,-0.6850234866142273,-0.25116676092147827,0.001982740592211485,0.07162631303071976,0.7415247559547424,-0.1530539251662597,0.745335865311351,-1.3679222832132047,-0.007861116901040077,-0.0004244558804202825,0.006597680505365133,0.029211003333330154,0.2324192374944687,-0.021750694140791893,0.15666039288043976,-0.06262493878602982,-0.15928590297698975,0.010271646082401276,0.23525534570217133,0.23202663660049438,-0.13529323209009347,0.36877120502963073,0.1297157953592056,0.00020340477931313217,0.0005150889046490192,9.480977314524353e-05,0.010043018497526646,0.002106844913214445,-0.014225978404283524,0.4658457040786743,0.239332914352417,0.020224809646606445,0.0005618531722575426,0.017540793865919113,0.5241197347640991,-1.0865441176369608,1.2929491884679085,-1.1006676180755646
-0.001764069776982069,-0.001215846394188702,-0.0069048842415213585,-0.8118307590484619,0.3457053303718567,-0.0912652313709259,0.056675031781196594,-0.09401492029428482,-0.24393165111541748,0.007229636888951063,0.8870798945426941,0.26749488711357117,-1.4912658703538528,1.36047920741306,-1.060264750604778,-0.0010562073439359665,0.00022204307606443763,-0.0017424535471946,-0.039062220603227615,0.02545183151960373,0.07173720747232437,-0.1366398185491562,-0.6026708483695984,-0.21757125854492188,0.002049639355391264,0.08555629849433899,0.6551487445831299,-0.1530539251662597,0.745335865311351,-1.3679222832132047,-0.007956109941005707,-0.0003009917854797095,0.0067338887602090836,-0.012450413778424263,0.2344956398010254,-0.0003518667072057724,0.14239130914211273,-0.054891735315322876,-0.15861979126930237,0.010427633300423622,0.2348261922597885,0.22011049091815948,-0.13529323209009347,0.36877120502963073,0.1297157953592056,0.00030120229348540306,0.00044154791976325214,0.0001201999984914437,0.012045682407915592,-0.013728161342442036,-0.02645236626267433,0.5119708180427551,0.3007091283798218,-0.010371357202529907,0.0005478461971506476,0.032144807279109955,0.5938414335250854,-1.0865441176369608,1.2929491884679085,-1.1006676180755646
-0.001626945799216628,-0.0013711401261389256,-0.006901907734572887,-0.8210346102714539,0.32263076305389404,-0.10144227743148804,0.051298655569553375,-0.0961514487862587,-0.2189706265926361,0.007222417276352644,0.8879634141921997,0.24459107220172882,-1.4912658703538528,1.36047920741306,-1.060264750604778,-0.0011112126521766186,0.00026095175417140126,-0.001811909838579595,-0.02434585429728031,0.03628145903348923,0.08998941630125046,-0.14176373183727264,-0.500769853591919,-0.17547547817230225,0.002141473116353154,0.10003579407930374,0.5492349863052368,-0.1530539251662597,0.745335865311351,-1.3679222832132047,-0.008025890216231346,-0.00020892772590741515,0.006776808761060238,-0.05100938305258751,0.22657403349876404,0.02587948739528656,0.12158527225255966,-0.04405573755502701,-0.1573217362165451,0.01050636451691389,0.23368246853351593,0.20365169644355774,-0.13529323209009347,0.36877120502963073,0.1297157953592056,0.0003881007432937622,0.00041102367686107755,0.00010876393935177475,0.01422481331974268,-0.026537375524640083,-0.040805697441101074,0.5529300570487976,0.35394933819770813,-0.037070274353027344,0.000575666781514883,0.05071176216006279,0.6575606465339661,-1.0865441176369608,1.2929491884679085,-1.1006676180755646
-0.001439196988940239,-0.0014729873510077596,-0.006930737756192684,-0.8296444416046143,0.3001972734928131,-0.11434710025787354,0.04420457407832146,-0.09931061416864395,-0.18517416715621948,0.007230221759527922,0.8896648287773132,0.2147233486175537,-1.4912658703538528,1.36047920741306,-1.060264750604778,-0.0011306637898087502,0.00023455097107216716,-0.0019226586446166039,-0.008170172572135925,0.05171647295355797,0.10050909221172333,-0.14756740629673004,-0.3839266896247864,-0.12681809067726135,0.0022427730727940798,0.11332882195711136,0.43041685223579407,-0.1530539251662597,0.745335865311351,-1.3679222832132047,-0.008074781857430935,-0.0001653677609283477,0.006739361211657524,-0.08386191725730896,0.20979003608226776,0.054963596165180206,0.09347642958164215,-0.029663655906915665,-0.15540127456188202,0.010518955998122692,0.23252028226852417,0.1837588995695114,-0.13529323209009347,0.36877120502963073,0.1297157953592056,0.00044108196743763983,0.00043686057324521244,6.871485675219446e-05,0.016318293288350105,-0.03427577763795853,-0.055679239332675934,0.5870375633239746,0.3966946601867676,-0.058707863092422485,0.0006245976546779275,0.067389115691185,0.7109334468841553,-1.0865441176369608,1.2929491884679085,-1.1006676180755646
-0.001246653962880373,-0.0014935459475964308,-0.006984513718634844,-0.8364476561546326,0.2816421091556549,-0.12785044312477112,0.03541078418493271,-0.1035032719373703,-0.1426839530467987,0.007250397000461817,0.8918030858039856,0.1797931045293808,-1.4912658703538528,1.36047920741306,-1.060264750604778,-0.0011146289762109518,0.0001502301311120391,-0.0020567327737808228,0.007030203938484192,0.07104820758104324,0.10310451686382294,-0.15367412567138672,-0.26176533102989197,-0.07564356923103333,0.0023441666271537542,0.12541058659553528,0.3128238916397095,-0.1530539251662597,0.745335865311351,-1.3679222832132047,-0.00810618232935667,-0.0001834068971220404,0.006636472884565592,-0.10881495475769043,0.18456274271011353,0.08407393097877502,0.058180034160614014,-0.011713501065969467,-0.15293197333812714,0.010477910749614239,0.23015761375427246,0.1640436202287674,-0.13529323209009347,0.36877120502963073,0.1297157953592056,0.00044567626900970936,0.0005249725072644651,9.384384611621499e-06,0.018018001690506935,-0.03610643371939659,-0.06882622838020325,0.6145328283309937,0.4282350540161133,-0.07494977116584778,0.0006887027993798256,0.07978328317403793,0.7527638077735901,-1.0861754046458996,1.292732831376437,-1.0994137452526276
-0.0010936555918306112,-0.0014251441461965442,-0.007049449719488621,-0.840673565864563,0.26934316754341125,-0.13932392001152039,0.025337375700473785,-0.10861216485500336,-0.0934228003025055,0.007274741306900978,0.8936939835548401,0.14548678696155548,-1.4912658703538528,1.36047920741306,-1.060264750604778,-0.0010655411751940846,1.4259479939937592e-05,-0.0021859370172023773,0.018781770020723343,0.0919693112373352,0.09840195626020432,-0.15959776937961578,-0.14637991786003113,-0.027027972042560577,0.002431851578876376,0.1359928548336029,0.21824078261852264,-0.1530539251662597,0.745335865311351,-1.3679222832132047,-0.008126787841320038,-0.00027863559080287814,0.006485120393335819,-0.12347885966300964,0.14997145533561707,0.10957436263561249,0.017285864800214767,0.009040853008627892,-0.15009135007858276,0.010400918312370777,0.22303588688373566,0.15135373175144196,-0.13529323209009347,0.36877120502963073,0.1297157953592056,0.000394871603930369,0.0006680671940557659,-5.819910438731313e-05,0.018985223025083542,-0.03249087929725647,-0.07735344767570496,0.6353273391723633,0.4506552815437317,-0.08676934242248535,0.0007782187894918025,0.08602122962474823,0.7837473154067993,-1.0861754046458996,1.292732831376437,-1.0994137452526276
-0.0010112335439771414,-0.0012793517671525478,-0.0071091074496507645,-0.8421138525009155,0.2644446790218353,-0.1460532546043396,0.014877947978675365,-0.1143537387251854,-0.041451118886470795,0.007293746806681156,0.8946609497070312,0.12254112213850021,-1.4912658703538528,1.36047920741306,-1.060264750604778,-0.0009860772406682372,-0.00015973823610693216,-0.0022814676631242037,0.02517104148864746,0.11036866158246994,0.08764173090457916,-0.16496331989765167,-0.04741416871547699,0.01498405635356903,0.0024905740283429623,0.14316387474536896,0.17229487001895905,-0.1530539251662597,0.745335865311351,-1.3679222832132047,-0.008142925798892975,-0.0004564500122796744,0.006313294637948275,-0.12580955028533936,0.10660000890493393,0.12743520736694336,-0.02584652416408062,0.030939389020204544,-0.14718219637870789,0.010313741862773895,0.2084018737077713,0.15260368585586548,-0.13529323209009347,0.36877120502963073,0.1297157953592056,0.00029195405659265816,0.000836414925288409,-0.0001232507056556642,0.018960900604724884,-0.025264734402298927,-0.07882203161716461,0.6506805419921875,0.4651039242744446,-0.09470492601394653,0.0008944371365942061,0.08491604775190353,0.8054041862487793,-1.0861754046458996,1.292732831376437,-1.0994137452526276
-0.0010111178271472454,-0.0010867682285606861,-0.007151488214731216,-0.8410488367080688,0.26676490902900696,-0.14627206325531006,0.005163530819118023,-0.12037035077810287,0.008123601786792278,0.0073039173148572445,0.8943836688995361,0.12075460702180862,-1.4912658703538528,1.36047920741306,-1.060264750604778,-0.0008795349858701229,-0.00034491776023060083,-0.0023327721282839775,0.025425169616937637,0.12143702805042267,0.07302547991275787,-0.16961531341075897,0.03051687590777874,0.04845479130744934,0.002516818465664983,0.14396566152572632,0.179020956158638,-0.1530539251662597,0.745335865311351,-1.3679222832132047,-0.008154175244271755,-0.000693229609169066,0.006161103956401348,-0.11603230983018875,0.05896425247192383,0.13430245220661163,-0.0669981837272644,0.05188049376010895,-0.144573375582695,0.010243551805615425,0.18702253699302673,0.16757625341415405,-0.13529323209009347,0.36877120502963073,0.1297157953592056,0.00015034998068585992,0.000982736935839057,-0.00017748164827935398,0.01794043555855751,-0.01700597256422043,-0.07260249555110931,0.661282479763031,0.4733046591281891,-0.0995171070098877,0.0010098895290866494,0.07669539749622345,0.8192774057388306,-1.0861754046458996,1.292732831376437,-1.0994137452526276
-0.0010851598344743252,-0.0008930137264542282,-0.007173359394073486,-0.8379939198493958,0.27513086795806885,-0.14007270336151123,-0.0028879214078187943,-0.12640835344791412,0.05123619735240936,0.007309728302061558,0.8930571675300598,0.1364278495311737,-1.4912658703538528,1.36047920741306,-1.060264750604778,-0.0007521752268075943,-0.0005126952310092747,-0.0023511420004069805,0.020173564553260803,0.12208675593137741,0.05759173259139061,-0.17354483902454376,0.08704443275928497,0.07320524007081985,0.0025212084874510765,0.1364879310131073,0.20749349892139435,-0.15338522383800998,0.745448127626653,-1.3682828315841071,-0.008151727728545666,-0.0009415181120857596,0.006064693909138441,-0.09765873104333878,0.013571937568485737,0.128752663731575,-0.10283263027667999,0.07020904868841171,-0.1425832360982895,0.010203804820775986,0.16216865181922913,0.18929828703403473,-0.13529323209009347,0.36877120502963073,0.1297157953592056,-5.769281415268779e-06,0.0010576527565717697,-0.00021452285000123084,0.016181975603103638,-0.009944026358425617,-0.060235850512981415,0.6672776937484741,0.47673800587654114,-0.10178643465042114,0.0010792047251015902,0.06315930187702179,0.8263770937919617,-1.0861754046458996,1.292732831376437,-1.0994137452526276
-0.0012095498386770487,-0.0007454280275851488,-0.0071789962239563465,-0.8334847688674927,0.287894070148468,-0.12926676869392395,-0.008815642446279526,-0.13239090144634247,0.0859476625919342,0.007318241521716118,0.8912293314933777,0.1580887883901596,-1.4912658703538528,1.36047920741306,-1.060264750604778,-0.0006105931242927909,-0.0006471107481047511,-0.002354885684326291,0.011125680059194565,0.11256558448076248,0.04447817802429199,-0.17685961723327637,0.12427370995283127,0.09008033573627472,0.002517352346330881,0.12154464423656464,0.23417460918426514,-0.15338522383800998,0.745448127626653,-1.3682828315841071,-0.008124873973429203,-0.0011569485068321228,0.006038350518792868,-0.0753248855471611,-0.024867603555321693,0.11185425519943237,-0.1318003386259079,0.08517703413963318,-0.1414153128862381,0.010188904590904713,0.13712626695632935,0.21124570071697235,-0.13529323209009347,0.36877120502963073,0.1297157953592056,-0.00014592427760362625,0.0010287187760695815,-0.00022975716274231672,0.014082763344049454,-0.005132688209414482,-0.044640470296144485,0.6680393815040588,0.4764530658721924,-0.10180622339248657,0.001064116833731532,0.04708970710635185,0.8268305063247681,-1.0861754046458996,1.292732831376437,-1.0994137452526276
-0.0013577418867498636,-0.0006784632569178939,-0.00717508140951395,-0.8281749486923218,0.3030429482460022,-0.11597084999084473,-0.012459594756364822,-0.1383345127105713,0.1120942085981369,0.0073338644579052925,0.889470636844635,0.178484708070755,-1.4933993475915026,1.3604346734621293,-1.0627636489112753,-0.00046053907135501504,-0.0007515454199165106,-0.0023517832159996033,0.000513048842549324,0.09600971639156342,0.03578725829720497,-0.17960776388645172,0.145748570561409,0.10047575831413269,0.0025115336757153273,0.10246393084526062,0.2521844208240509,-0.15338522383800998,0.745448127626653,-1.3682828315841071,-0.00806988775730133,-0.00129860476590693,0.006075811106711626,-0.05232880264520645,-0.05446816235780716,0.08714702725410461,-0.15400034189224243,0.09542534500360489,-0.14190934598445892,0.010184544138610363,0.11532427370548248,0.23013119399547577,-0.1355829661186301,0.3674049227427645,0.12231546183351931,-0.00024377179215662181,0.0008897085208445787,-0.00022127704869490117,0.012025873176753521,-0.002470347797498107,-0.02888742834329605,0.6620488166809082,0.47298353910446167,-0.0995306670665741,0.0009486672352068126,0.031388018280267715,0.8197124004364014,-1.0861754046458996,1.292732831376437,-1.0994137452526276
-0.0014963215216994286,-0.0007030069828033447,-0.007170256692916155,-0.8222588300704956,0.3194003105163574,-0.10334613919258118,-0.014227896928787231,-0.14424386620521545,0.13048332929611206,0.007358381524682045,0.8881478309631348,0.19502468407154083,-1.4933993475915026,1.3604346734621293,-1.0627636489112753,-0.00030476634856313467,-0.0008383767562918365,-0.002336941659450531,-0.009737633168697357,0.07647354900836945,0.032229162752628326,-0.1817585527896881,0.15551164746284485,0.10591170191764832,0.0025014106649905443,0.08355683088302612,0.26160532236099243,-0.15338522383800998,0.745448127626653,-1.3682828315841071,-0.007995381020009518,-0.0014237244613468647,0.00613432377576828,-0.030877895653247833,-0.07723583281040192,0.05841504782438278,-0.1699146181344986,0.10406322777271271,-0.14267218112945557,0.010177575051784515,0.1016421988606453,0.2450622022151947,-0.1355829661186301,0.3674049227427645,0.12231546183351931,-0.000287202768959105,0.0006577030871994793,-0.00019312716904096305,0.01032611820846796,-0.001174066448584199,-0.015661748126149178,0.6468955874443054,0.46634766459465027,-0.09457552433013916,0.0007432071724906564,0.01879620924592018,0.8030557632446289,-1.0861754046458996,1.292732831376437,-1.0994137452526276
-0.0016115533653646708,-0.0008125677122734487,-0.007169824093580246,-0.81638503074646,0.33509260416030884,-0.09300556778907776,-0.014447391033172607,-0.14995525777339935,0.14243611693382263,0.007393493317067623,0.887367844581604,0.20732426643371582,-1.4933993475915026,1.3604346734621293,-1.0627636489112753,-0.00014618044951930642,-0.0009203351801261306,-0.0023012133315205574,-0.01835247501730919,0.05734243616461754,0.032966628670692444,-0.18313480913639069,0.15763378143310547,0.10781514644622803,0.002482734154909849,0.06864231079816818,0.2645956873893738,-0.15338522383800998,0.745448127626653,-1.3682828315841071,-0.007913828827440739,-0.0015301414532586932,0.006179364398121834,-0.012387635186314583,-0.09414922446012497,0.03011726588010788,-0.18087735772132874,0.11039381474256516,-0.14430221915245056,0.01015650387853384,0.09962218254804611,0.2563718855381012,-0.1355829661186301,0.3674049227427645,0.12231546183351931,-0.0002813332248479128,0.00036608317168429494,-0.00015637994511052966,0.009248371236026287,-0.00027432385832071304,-0.007293828763067722,0.6194299459457397,0.4561219811439514,-0.08627006411552429,0.0004874627629760653,0.01178166177123785,0.7740693092346191,-1.0861754046458996,1.292732831376437,-1.0994137452526276
-0.0016979295760393143,-0.0009807770838961005,-0.007178274914622307,-0.8109216094017029,0.3488497734069824,-0.0867474377155304,-0.013683803379535675,-0.155032679438591,0.14931777119636536,0.007441271096467972,0.8870260119438171,0.21568073332309723,-1.4933993475915026,1.3604346734621293,-1.0627636489112753,8.656643331050873e-06,-0.0010039870394393802,-0.0022423609625548124,-0.024557460099458694,0.0407729335129261,0.035800181329250336,-0.18336917459964752,0.15596449375152588,0.10738977789878845,0.002456877613440156,0.05955798923969269,0.2635939121246338,-0.15338522383800998,0.745448127626653,-1.3682828315841071,-0.007834379561245441,-0.0016306913457810879,0.006180128548294306,0.0024605304934084415,-0.10667696595191956,0.0054126521572470665,-0.1881263554096222,0.1150212213397026,-0.14665915071964264,0.010110917501151562,0.1068425327539444,0.26482129096984863,-0.1355829661186301,0.3674049227427645,0.12231546183351931,-0.000242824389715679,5.865894854650833e-05,-0.00012222901568748057,0.008967171423137188,0.001015138579532504,-0.005353264044970274,0.5761164426803589,0.4415860176086426,-0.0737689733505249,0.0002781087823677808,0.010492764413356781,0.7296233773231506,-1.0861754046458996,1.292732831376437,-1.0994137452526276
-0.0017607437912374735,-0.0011696426663547754,-0.007196600083261728,-0.8060405254364014,0.35999906063079834,-0.08572736382484436,-0.012645535171031952,-0.15864692628383636,0.15228600800037384,0.007500622421503067,0.8869328498840332,0.22027206420898438,-1.4933993475915026,1.3604346734621293,-1.0627636489112753,0.00014488556189462543,-0.001082982518710196,-0.0021681091748178005,-0.027655377984046936,0.027761343866586685,0.03761311247944832,-0.1818789392709732,0.1540461778640747,0.10556285083293915,0.002427867613732815,0.05431628227233887,0.2606792747974396,-0.15338522383800998,0.745448127626653,-1.3682828315841071,-0.00776322977617383,-0.001722488785162568,0.006125506013631821,0.01450473815202713,-0.1159461960196495,-0.014365926384925842,-0.19269876182079315,0.11840131878852844,-0.1494801938533783,0.010037754662334919,0.11772972345352173,0.2711014747619629,-0.1355829661186301,0.3674049227427645,0.12231546183351931,-0.0001889147242764011,-0.00021806306904181838,-9.09252994460985e-05,0.009473346173763275,0.003172612749040127,-0.009877100586891174,0.5136527419090271,0.4219462275505066,-0.05623708665370941,0.00030250236159190536,0.01404873188585043,0.6671134233474731,-1.0861754046458996,1.292732831376437,-1.0994137452526276
-0.0018095942214131355,-0.001341280061751604,-0.0072188605554401875,-0.8018152713775635,0.36847054958343506,-0.08956775069236755,-0.01219233125448227,-0.15947704017162323,0.15213319659233093,0.0075621167197823524,0.8869614601135254,0.22073987126350403,-1.4933993475915026,1.3604346734621293,-1.0627636489112753,0.00023645145120099187,-0.0011348436819389462,-0.0020895206835120916,-0.026899971067905426,0.018368573859333992,0.03507924824953079,-0.17786720395088196,0.15511202812194824,0.1029844731092453,0.0023895346093922853,0.04787031188607216,0.2574923038482666,-0.15338522383800998,0.745448127626653,-1.3682828315841071,-0.007711411919444799,-0.0017896171193569899,0.006028401665389538,0.026399675756692886,-0.12293429672718048,-0.029688172042369843,-0.1952667385339737,0.12073911726474762,-0.15233315527439117,0.009950388222932816,0.12919431924819946,0.2755220830440521,-0.1355829661186301,0.3674049227427645,0.12231546183351931,-0.00013006063818465918,-0.0004256303363945335,-4.857543535763398e-05,0.01054888404905796,0.006316639017313719,-0.01915806718170643,0.4299209713935852,0.3966519236564636,-0.033122897148132324,0.0004477013717405498,0.022764235734939575,0.5858855843544006,-1.0861754046458996,1.292732831376437,-1.0994137452526276
-0.0018512899987399578,-0.0014642431633546948,-0.007231004536151886,-0.7983922958374023,0.3744357228279114,-0.09627485275268555,-0.01334824413061142,-0.15564782917499542,0.14921516180038452,0.007606490980833769,0.8870745301246643,0.21603144705295563,-1.4933993475915026,1.3604346734621293,-1.0627636489112753,0.00025243544951081276,-0.0011278025340288877,-0.002013462595641613,-0.022041499614715576,0.012085945345461369,0.02578277885913849,-0.17036280035972595,0.1620924323797226,0.10005933791399002,0.002321571344509721,0.03600901737809181,0.2555568814277649,-0.15338522383800998,0.745448127626653,-1.3682828315841071,-0.007697516120970249,-0.0018129277741536498,0.005923704709857702,0.041263628751039505,-0.12868204712867737,-0.0420905277132988,-0.19603364169597626,0.12191490083932877,-0.15456122159957886,0.009880725294351578,0.1415392905473709,0.2778157591819763,-0.1355829661186301,0.3674049227427645,0.12231546183351931,-7.060814823489636e-05,-0.0005391396698541939,2.1108211512910202e-05,0.01183097530156374,0.010100171901285648,-0.030229654163122177,0.32533174753189087,0.3658169209957123,-0.0045349448919296265,0.0005441531538963318,0.0339973159134388,0.4895746409893036,-1.0861754046458996,1.292732831376437,-1.0994137452526276
-0.0018873324152082205,-0.0015153021086007357,-0.007217553444206715,-0.7960925102233887,0.37780261039733887,-0.10334700345993042,-0.017300263047218323,-0.14473195374011993,0.14345072209835052,0.007612571120262146,0.8872309327125549,0.20451100170612335,-1.4933993475915026,1.3604346734621293,-1.0627636489112753,0.00017138541443273425,-0.001034912304021418,-0.0019422175828367472,-0.014055573381483555,0.008386848494410515,0.00962036196142435,-0.15831555426120758,0.17756140232086182,0.09699707478284836,0.0022074023727327585,0.018985513597726822,0.2569052278995514,-0.15338522383800998,0.745448127626653,-1.3682828315841071,-0.007739998400211334,-0.0017771320417523384,0.005858189892023802,0.05999248847365379,-0.1338880956172943,-0.052917663007974625,-0.19467748701572418,0.12143618613481522,-0.15522952377796173,0.009868341498076916,0.15596601366996765,0.27702397108078003,-0.1355829661186301,0.3674049227427645,0.12231546183351931,-1.1721391274477355e-05,-0.0005448336596600711,0.00011806641123257577,0.012866160832345486,0.013823447749018669,-0.039323002099990845,0.20459137856960297,0.3307531476020813,0.028269805014133453,0.0005576027324423194,0.043622519820928574,0.38994160294532776,-1.0861754046458996,1.292732831376437,-1.0994137452526276
-0.001914990833029151,-0.0014848222490400076,-0.007174776867032051,-0.7953965067863464,0.3780156373977661,-0.10871502757072449,-0.02536137029528618,-0.12385682761669159,0.1343841552734375,0.007572932634502649,0.8873389363288879,0.18450695276260376,-1.4933993475915026,1.3604346734621293,-1.0627636489112753,-6.4838677644729614e-06,-0.0008458633092232049,-0.001879498828202486,-0.005044132005423307,0.007153352722525597,-0.010487006977200508,-0.14076611399650574,0.20356163382530212,0.09387180954217911,0.002061078092083335,0.013659832999110222,0.26469671726226807,-0.15338522383800998,0.745448127626653,-1.3682828315841071,-0.007843407802283764,-0.0016735430108383298,0.005873792804777622,0.07906640321016312,-0.13829229772090912,-0.06219019740819931,-0.1903381198644638,0.11841798573732376,-0.1530880182981491,0.009940886870026588,0.1710084080696106,0.2714541554450989,-0.1355829661186301,0.3674049227427645,0.12231546183351931,4.804093623533845e-05,-0.00044169367174617946,0.00021997946896590292,0.013140890747308731,0.01673267036676407,-0.04217875748872757,0.07758863270282745,0.29424571990966797,0.06263889372348785,0.0004957743221893907,0.04724100977182388,0.31068339943885803,-1.0861754046458996,1.292732831376437,-1.0994137452526276
-0.0019292598590254784,-0.0013827690854668617,-0.007114971987903118,-0.7967835664749146,0.3744039237499237,-0.11078059673309326,-0.03887302055954933,-0.08996588736772537,0.12131209671497345,0.0075004613026976585,0.8873075246810913,0.15595382452011108,-1.4933993475915026,1.3604346734621293,-1.0627636489112753,-0.00025533675216138363,-0.0005712531274184585,-0.0018311075400561094,0.0029065385460853577,0.008556492626667023,-0.02948671020567417,-0.11711104214191437,0.24125561118125916,0.09068622440099716,0.0019350663060322404,0.030840357765555382,0.2830958366394043,-0.15338522383800998,0.745448127626653,-1.3682828315841071,-0.007990969344973564,-0.0015086190542206168,0.005994793958961964,0.0917898640036583,-0.14099787175655365,-0.0685996264219284,-0.18165504932403564,0.11160232871770859,-0.14657039940357208,0.010102924890816212,0.18169118463993073,0.25872093439102173,-0.1355829661186301,0.3674049227427645,0.12231546183351931,0.00011333765723975375,-0.0002489027683623135,0.0002991168585140258,0.01220005378127098,0.01800738461315632,-0.03498702123761177,-0.04326266422867775,0.2598104178905487,0.09523549675941467,0.00040530101978220046,0.041197072714567184,0.28007662296295166,-1.0861754046458996,1.292732831376437,-1.0994137452526276
-0.0019219808746129274,-0.0012353172060102224,-0.007054557092487812,-0.8005750775337219,0.3665766716003418,-0.10823607444763184,-0.05902034789323807,-0.04029267653822899,0.10348282009363174,0.007415308151394129,0.8871381282806396,0.1257600635290146,-1.4933993475915026,1.3604346734621293,-1.0627636489112753,-0.0005306233651936054,-0.00024093512911349535,-0.001794849056750536,0.008772920817136765,0.012544192373752594,-0.042000073939561844,-0.08748041838407516,0.2903631627559662,0.087437704205513,0.0018870861968025565,0.04470265284180641,0.3156088590621948,-0.15338522383800998,0.745448127626653,-1.3682828315841071,-0.008155237883329391,-0.0013141389936208725,0.006223228760063648,0.09286430478096008,-0.14162111282348633,-0.0706377774477005,-0.16687361896038055,0.09943533688783646,-0.13385610282421112,0.010342312976717949,0.18349391222000122,0.23590600490570068,-0.1355829661186301,0.3674049227427645,0.12231546183351931,0.00019047582463826984,-3.5706871130969375e-06,0.0003427452174946666,0.009863242506980896,0.016530780121684074,-0.016055431216955185,-0.148128479719162,0.23024584352970123,0.1234121173620224,0.0003921327297575772,0.025066453963518143,0.300309419631958,-1.0861754046458996,1.292732831376437,-1.0994137452526276
-0.0018798550590872765,-0.0010729430941864848,-0.007001837715506554,-0.8068318367004395,0.35461312532424927,-0.10022169351577759,-0.08653382956981659,0.02689286693930626,0.08038072288036346,0.007328764535486698,0.8870019912719727,0.12112963944673538,-1.4933993475915026,1.3604346734621293,-1.0627636489112753,-0.0007830889662727714,9.974837303161621e-05,-0.0017578972037881613,0.012468768283724785,0.018333828076720238,-0.04388570412993431,-0.053237199783325195,0.34836676716804504,0.08418577909469604,0.001927013392560184,0.04916863515973091,0.3623270094394684,-0.15338522383800998,0.745448127626653,-1.3682828315841071,-0.008312145248055458,-0.001144941197708249,0.006527735386043787,0.08127778768539429,-0.14024761319160461,-0.06769396364688873,-0.144047349691391,0.0802280604839325,-0.11302745342254639,0.010630803182721138,0.1756642907857895,0.1999034434556961,-0.1355829661186301,0.3674049227427645,0.12231546183351931,0.0002823747927322984,0.0002553823869675398,0.00035436093457974494,0.006351058837026358,0.011147922836244106,0.013126720674335957,-0.232408806681633,0.20687799155712128,0.14592620730400085,0.0005201224703341722,0.018355460837483406,0.3436667025089264,-1.0861754046458996,1.292732831376437,-1.0994137452526276
-0.0017903936095535755,-0.000923300685826689,-0.006959050893783569,-0.8150336742401123,0.3396962285041809,-0.08664926886558533,-0.12125510722398758,0.11121498793363571,0.052109070122241974,0.007244748529046774,0.8872324824333191,0.17258889973163605,-1.4933993475915026,1.3604346734621293,-1.0627636489112753,-0.00097386643756181,0.0003919936716556549,-0.0017131484346464276,0.014075176790356636,0.024012021720409393,-0.03360869362950325,-0.017226867377758026,0.4101305603981018,0.08109191060066223,0.0020092169288545847,0.043637510389089584,0.4184253215789795,-0.15338522383800998,0.745448127626653,-1.3682828315841071,-0.008441898971796036,-0.001054932246915996,0.00682985782623291,0.05949919670820236,-0.13571609556674957,-0.060638271272182465,-0.11137121915817261,0.05243157967925072,-0.08235883712768555,0.010909880511462688,0.16011250019073486,0.14810670912265778,-0.1355829661186301,0.3674049227427645,0.12231546183351931,0.0003854401293210685,0.0004956715274602175,0.00034100597258657217,0.00216837041079998,0.0013119422364979982,0.04858884960412979,-0.29581186175346375,0.1899014562368393,0.162650465965271,0.0007145204581320286,0.04865490272641182,0.38732725381851196,-1.085754236823522,1.2926924455100854,-1.0986071449909618
-0.0016540575306862593,-0.0008155170944519341,-0.006932860240340233,-0.8238188028335571,0.3246571719646454,-0.0683528482913971,-0.16155663132667542,0.20877452194690704,0.01987772434949875,0.007173947524279356,0.8881170153617859,0.26473093032836914,-1.4933993475915026,1.3604346734621293,-1.0627636489112753,-0.0010847491212189198,0.0005701591726392508,-0.0016707417089492083,0.013370411470532417,0.026802606880664825,-0.013291532173752785,0.016978703439235687,0.4692520499229431,0.07837417721748352,0.00207198946736753,0.03276907652616501,0.4760549068450928,-0.15338522383800998,0.745448127626653,-1.3682828315841071,-0.008530841208994389,-0.0010629587341099977,0.007024157326668501,0.031929247081279755,-0.1258341521024704,-0.05187336355447769,-0.06768383085727692,0.01505996286869049,-0.04077593982219696,0.011101528070867062,0.13980184495449066,0.08043991774320602,-0.1355829661186301,0.3674049227427645,0.12231546183351931,0.0004927675472572446,0.0006804869044572115,0.0003025389742106199,-0.0020789243280887604,-0.01248675025999546,0.08545316010713577,-0.3407094478607178,0.1785125583410263,0.1742900013923645,0.0008929793257266283,0.08638566732406616,0.4222874343395233,-1.085754236823522,1.2926924455100854,-1.0986071449909618
-0.0014885261189192533,-0.0007822498446330428,-0.006936757825314999,-0.8314642906188965,0.31286412477493286,-0.047244638204574585,-0.204054594039917,0.3114422857761383,-0.013747356832027435,0.007137663196772337,0.8896341323852539,0.3725903630256653,-1.4933993475915026,1.3604346734621293,-1.0627636489112753,-0.0011098006507381797,0.0005851837922818959,-0.0016471173148602247,0.009824317879974842,0.024491123855113983,0.011700471863150597,0.04653319716453552,0.5206103920936584,0.0762014389038086,0.00207052961923182,0.028865782544016838,0.5282112956047058,-0.15338522383800998,0.745448127626653,-1.3682828315841071,-0.00857335515320301,-0.0011484858114272356,0.0070327832363545895,0.0036963731981813908,-0.11004224419593811,-0.04446364939212799,-0.013171039521694183,-0.03171124309301376,0.011484188959002495,0.011148160323500633,0.11874331533908844,0.03620726242661476,-0.1355829661186301,0.3674049227427645,0.12231546183351931,0.0005991279031150043,0.000762817682698369,0.0002320564817637205,-0.005809903144836426,-0.028499022126197815,0.11871986091136932,-0.3705543279647827,0.17179004848003387,0.18175113201141357,0.0009973441483452916,0.12223074585199356,0.44705235958099365,-1.085754236823522,1.2926924455100854,-1.0986071449909618
-0.0013231318444013596,-0.0008467314764857292,-0.006979626603424549,-0.8367254137992859,0.30626800656318665,-0.02663576602935791,-0.24451342225074768,0.40902578830718994,-0.045532792806625366,0.00715421698987484,0.8914140462875366,0.47870883345603943,-1.4933993475915026,1.3604346734621293,-1.0627636489112753,-0.0010399995371699333,0.0004328234354034066,-0.001651110127568245,0.002934425137937069,0.016867468133568764,0.03485778719186783,0.07007285952568054,0.5616946816444397,0.07463657855987549,0.0019987747073173523,0.03883539140224457,0.5709481239318848,-0.15338522383800998,0.745448127626653,-1.3682828315841071,-0.008561460301280022,-0.0012798758689314127,0.006845301482826471,-0.020704254508018494,-0.09004609286785126,-0.04071936756372452,0.049711648374795914,-0.0857560932636261,0.07199572026729584,0.011036069132387638,0.10097045451402664,0.1225101575255394,-0.1355829661186301,0.3674049227427645,0.12231546183351931,0.0006981279002502561,0.00070921890437603,0.00012476471601985395,-0.008485980331897736,-0.043703705072402954,0.143426775932312,-0.3890478312969208,0.1686282753944397,0.18604886531829834,0.0010029657278209925,0.15017744898796082,0.4630419909954071,-1.085754236823522,1.2926924455100854,-1.0986071449909618
-0.00119268917478621,-0.0010059806518256664,-0.007054213434457779,-0.8390710353851318,0.3049933612346649,-0.010775148868560791,-0.279573917388916,0.4934222400188446,-0.07291590422391891,0.00722470972687006,0.8928478956222534,0.5717899799346924,-1.4933993475915026,1.3604346734621293,-1.0627636489112753,-0.0008707164088264108,0.00015896436525508761,-0.0016822717152535915,-0.007346741855144501,0.005663629621267319,0.05095710605382919,0.08741603791713715,0.5922074317932129,0.07345293462276459,0.0019009088864549994,0.05179457738995552,0.6031140089035034,-0.15360883345067106,0.745368715435228,-1.368737800718852,-0.008482269942760468,-0.0014321831986308098,0.006518768146634102,-0.03850104659795761,-0.06838329881429672,-0.041326332837343216,0.11577797681093216,-0.1426059454679489,0.1357075423002243,0.01079325657337904,0.08869313448667526,0.2283802479505539,-0.1355829661186301,0.3674049227427645,0.12231546183351931,0.0007756303530186415,0.0005248392699286342,-1.2562319170683622e-05,-0.009695976972579956,-0.05461800470948219,0.15551859140396118,-0.3994274437427521,0.16796338558197021,0.18810182809829712,0.0009365983423776925,0.165115624666214,0.47237303853034973,-1.085754236823522,1.2926924455100854,-1.0986071449909618
-0.0011318058241158724,-0.0012268292484804988,-0.007139412686228752,-0.8383451700210571,0.30853769183158875,-0.0030709505081176758,-0.3076539635658264,0.5607844591140747,-0.09470273554325104,0.007331937551498413,0.8933238983154297,0.6466056108474731,-1.4933993475915026,1.3604346734621293,-1.0627636489112753,-0.0006197311449795961,-0.0001602674019522965,-0.0017339857295155525,-0.02018788456916809,-0.006844434887170792,0.05747950077056885,0.0992739349603653,0.6130692362785339,0.07296299934387207,0.0018483665771782398,0.06130489334464073,0.6253261566162109,-0.15360883345067106,0.745368715435228,-1.368737800718852,-0.008331465534865856,-0.0015855667879804969,0.006151407957077026,-0.04899778589606285,-0.04766618087887764,-0.045511942356824875,0.1785009801387787,-0.1966526061296463,0.1962907314300537,0.010476982221007347,0.08212298154830933,0.33024975657463074,-0.1355829661186301,0.3674049227427645,0.12231546183351931,0.0008081473642960191,0.0002538577246014029,-0.00016192783368751407,-0.00930643081665039,-0.05867411568760872,0.15335366129875183,-0.4040411710739136,0.16885167360305786,0.18863220512866974,0.0008624189649708569,0.1644585281610489,0.4768042266368866,-1.085754236823522,1.2926924455100854,-1.0986071449909618
-0.0011678929440677166,-0.0014579645358026028,-0.007211549207568169,-0.8345287442207336,0.3166869580745697,-0.004444599151611328,-0.32863667607307434,0.6108317375183105,-0.11078369617462158,0.007449568714946508,0.8926077485084534,0.7024176120758057,-1.4942520624707205,1.3604438078742729,-1.0635749199934934,-0.00032877863850444555,-0.0004573289188556373,-0.0018008342012763023,-0.03376084938645363,-0.01873559132218361,0.05450780317187309,0.10656803846359253,0.6259562969207764,0.07286015152931213,0.0018868622137233615,0.06679759174585342,0.6391295790672302,-0.15360883345067106,0.745368715435228,-1.368737800718852,-0.008112365379929543,-0.0017071228940039873,0.005854958202689886,-0.05301807075738907,-0.030148690566420555,-0.05148487910628319,0.2333422154188156,-0.24188914895057678,0.24962608516216278,0.010149151086807251,0.07981573790311813,0.4186551570892334,-0.1356058143802942,0.36768371697518887,0.11728728887951033,0.0007699771085754037,-3.998397369286977e-05,-0.0003009808133356273,-0.007534701377153397,-0.05516880750656128,0.13849890232086182,-0.40410304069519043,0.17049361765384674,0.1881144940853119,0.0008276792359538376,0.149272620677948,0.47723618149757385,-1.085754236823522,1.2926924455100854,-1.0986071449909618
-0.0013083203230053186,-0.0016512700822204351,-0.0072529553435742855,-0.8279982209205627,0.32888558506965637,-0.013971567153930664,-0.3433469533920288,0.6453508734703064,-0.12188464403152466,0.007552731782197952,0.8910342454910278,0.7410942912101746,-1.4942520624707205,1.3604438078742729,-1.0635749199934934,-5.2929273806512356e-05,-0.0006946143694221973,-0.0018845503218472004,-0.04580378904938698,-0.028490636497735977,0.04388256371021271,0.11037164181470871,0.6327146291732788,0.07300594449043274,0.0020091840997338295,0.06953691691160202,0.6464051008224487,-0.15360883345067106,0.745368715435228,-1.368737800718852,-0.0078666927292943,-0.0017950482433661819,0.005651779472827911,-0.052219487726688385,-0.015730097889900208,-0.05759577080607414,0.2766112685203552,-0.27910101413726807,0.2916547656059265,0.009851379320025444,0.07931950688362122,0.4893604815006256,-0.1356058143802942,0.36768371697518887,0.11728728887951033,0.0006465360056608915,-0.00029876703047193587,-0.00040707585867494345,-0.004851356148719788,-0.04530281573534012,0.11496348679065704,-0.3995826542377472,0.17222343385219574,0.18675890564918518,0.0008203543839044869,0.1236627846956253,0.47350406646728516,-1.085754236823522,1.2926924455100854,-1.0986071449909618
-0.0015454776585102081,-0.0017767464742064476,-0.007253387942910194,-0.8196784257888794,0.34373682737350464,-0.028874963521957397,-0.3529943823814392,0.6672317981719971,-0.12890619039535522,0.007626071572303772,0.8893039226531982,0.7657807469367981,-1.4942520624707205,1.3604438078742729,-1.0635749199934934,0.00015565799549221992,-0.0008640048909001052,-0.0019861639011651278,-0.054540134966373444,-0.03477959334850311,0.028458133339881897,0.11169411987066269,0.6350984573364258,0.07324299216270447,0.002171538770198822,0.0706690326333046,0.6489916443824768,-0.15360883345067106,0.745368715435228,-1.368737800718852,-0.007622412405908108,-0.0018094542901962996,0.005557714495807886,-0.04875236004590988,-0.004623144865036011,-0.06117734685540199,0.30862921476364136,-0.3069654107093811,0.32294803857803345,0.009605388157069683,0.07836347073316574,0.5420103073120117,-0.1356058143802942,0.36768371697518887,0.11728728887951033,0.0004446525708772242,-0.00048669156967662275,-0.00046017367276363075,-0.0017824731767177582,-0.03173469379544258,0.087527796626091,-0.3892042934894562,0.1734815388917923,0.1845204085111618,0.0008039554813876748,0.0931202620267868,0.46435290575027466,-1.085754236823522,1.2926924455100854,-1.0986071449909618
-0.0018520723097026348,-0.0018241612706333399,-0.007214384153485298,-0.8109943866729736,0.3588949143886566,-0.045808345079422,-0.358918160200119,0.6796319484710693,-0.13288357853889465,0.007668446749448776,0.8880404829978943,0.779987096786499,-1.4942520624707205,1.3604438078742729,-1.0635749199934934,0.00026720797177404165,-0.0009696260094642639,-0.00208755093626678,-0.05927792564034462,-0.0367431566119194,0.011481396853923798,0.11139000207185745,0.634609580039978,0.07339352369308472,0.0023172060027718544,0.0706806480884552,0.6484779715538025,-0.15360883345067106,0.745368715435228,-1.368737800718852,-0.007424857933074236,-0.0017491946928203106,0.005550528410822153,-0.04535529389977455,0.002709010150283575,-0.059926845133304596,0.33054929971694946,-0.32656005024909973,0.34466317296028137,0.009433798491954803,0.07520417869091034,0.5785300135612488,-0.1356058143802942,0.36768371697518887,0.11728728887951033,0.0001923529925988987,-0.0005886227590963244,-0.0004498829075600952,0.0012281611561775208,-0.01809711754322052,0.060537971556186676,-0.3705558478832245,0.17378370463848114,0.18112803995609283,0.0007654221262782812,0.06319699436426163,0.4475709795951843,-1.085754236823522,1.2926924455100854,-1.0986071449909618
-0.0021835709922015667,-0.001800938043743372,-0.007150381803512573,-0.8034295439720154,0.37191084027290344,-0.061315566301345825,-0.36235183477401733,0.6854991912841797,-0.13477690517902374,0.0076902094297111034,0.8874549865722656,0.7870023846626282,-1.4942520624707205,1.3604438078742729,-1.0635749199934934,0.0002823706017807126,-0.001013526227325201,-0.0021518985740840435,-0.060382142663002014,-0.03445056825876236,-0.0040127430111169815,0.11012183129787445,0.6324305534362793,0.07325661182403564,0.0023953362833708525,0.06963437795639038,0.6461127996444702,-0.15360883345067106,0.745368715435228,-1.368737800718852,-0.0073149548843503,-0.001647041761316359,0.005614493507891893,-0.045113179832696915,0.004978768061846495,-0.052295781672000885,0.3441956043243408,-0.3395363688468933,0.3586103618144989,0.009367167949676514,0.06924475729465485,0.6019609570503235,-0.1356058143802942,0.36768371697518887,0.11728728887951033,-6.975518772378564e-05,-0.0006024831091053784,-0.0003812051145359874,0.0038550859317183495,-0.008405128493905067,0.0374860018491745,-0.3403342664241791,0.1726996749639511,0.17613470554351807,0.0007163581904023886,0.038609690964221954,0.4203284978866577,-1.085754236823522,1.2926924455100854,-1.0986071449909618
-0.002483481541275978,-0.0017315393779426813,-0.007081364281475544,-0.7982091903686523,0.3807908892631531,-0.07242560386657715,-0.3642847537994385,0.6872770190238953,-0.13537698984146118,0.007701404392719269,0.8873472213745117,0.7895441651344299,-1.4942520624707205,1.3604438078742729,-1.0635749199934934,0.00022254424402490258,-0.0009942784672603011,-0.0021471832878887653,-0.05870867148041725,-0.028976034373044968,-0.015549462288618088,0.10835957527160645,0.6294224262237549,0.07260671257972717,0.0023766597732901573,0.06729119271039963,0.6427955627441406,-0.15360883345067106,0.745368715435228,-1.368737800718852,-0.007310646586120129,-0.0015505828196182847,0.0057432567700743675,-0.05139239877462387,0.0003893671091645956,-0.038098886609077454,0.35158026218414307,-0.3476875424385071,0.366774320602417,0.009425224736332893,0.06397543102502823,0.6156449913978577,-0.1356058143802942,0.36768371697518887,0.11728728887951033,-0.00029851708677597344,-0.000539130880497396,-0.000272054981905967,0.005906905047595501,-0.006265983451157808,0.02070503495633602,-0.2947746515274048,0.16985127329826355,0.16899411380290985,0.0006736382492817938,0.022424373775720596,0.37986913323402405,-1.085754236823522,1.2926924455100854,-1.0986071449909618
-0.002696804702281952,-0.0016506798565387726,-0.007023656275123358,-0.7960953712463379,0.3842751979827881,-0.0773707926273346,-0.3653790056705475,0.6867555379867554,-0.135256826877594,0.007702548056840897,0.8873677253723145,0.789575457572937,-1.4942520624707205,1.3604438078742729,-1.0635749199934934,0.00011661718599498272,-0.0009144901996478438,-0.0020651575177907944,-0.05512520670890808,-0.02199248969554901,-0.02134009636938572,0.10640256106853485,0.6261621713638306,0.07119911909103394,0.0022615850903093815,0.06307025998830795,0.6391164660453796,-0.15360883345067106,0.745368715435228,-1.368737800718852,-0.007402187678962946,-0.0014979079132899642,0.005924961995333433,-0.06773832440376282,-0.012828444130718708,-0.018690725788474083,0.35459330677986145,-0.3526547849178314,0.3709980547428131,0.00959902536123991,0.07143103331327438,0.6226888298988342,-0.1356058143802942,0.36768371697518887,0.11728728887951033,-0.00045614675036631525,-0.00042516973917372525,-0.00014581518189515918,0.007328098639845848,-0.013970751315355301,0.011148734018206596,-0.23033002018928528,0.16493935883045197,0.15917180478572845,0.0006403914885595441,0.01931779459118843,0.32495009899139404,-1.085754236823522,1.2926924455100854,-1.0986071449909618
-0.0027855176012963057,-0.0015893001109361649,-0.006988009437918663,-0.7972059845924377,0.38206934928894043,-0.0762769877910614,-0.36592137813568115,0.6850144863128662,-0.13475289940834045,0.007688775192946196,0.8873176574707031,0.788226842880249,-1.4942520624707205,1.3604438078742729,-1.0635749199934934,-6.729736924171448e-06,-0.0007840133039280772,-0.0019225418800488114,-0.05042253062129021,-0.015149442479014397,-0.020529067143797874,0.10441360622644424,0.622999906539917,0.06878629326820374,0.002076268196105957,0.05650999769568443,0.6354231834411621,-0.15360883345067106,0.745368715435228,-1.368737800718852,-0.007561700418591499,-0.0015036214608699083,0.006135846022516489,-0.09686295688152313,-0.03572122007608414,0.0035884827375411987,0.3548263907432556,-0.355737566947937,0.37279051542282104,0.009853364899754524,0.10330205410718918,0.6256386637687683,-0.1356058143802942,0.36768371697518887,0.11728728887951033,-0.0005176165141165257,-0.00029660866130143404,-2.5839894078671932e-05,0.008148137480020523,-0.03179173916578293,0.008636344224214554,-0.14467236399650574,0.15780723094940186,0.14630226790905,0.0005971358623355627,0.03393660858273506,0.2593020796775818,-1.085754236823522,1.2926924455100854,-1.0986071449909618
-0.0027343700639903545,-0.0015626996755599976,-0.006982350721955299,-0.8009881973266602,0.37488341331481934,-0.07124495506286621,-0.36579740047454834,0.6824227571487427,-0.13396430015563965,0.007659767288714647,0.8872404098510742,0.7857829928398132,-1.4942520624707205,1.3604438078742729,-1.0635749199934934,-0.00012435566168278456,-0.0006154254078865051,-0.0017518778331577778,-0.045239537954330444,-0.009583676233887672,-0.013506384566426277,0.10245855897665024,0.620124101638794,0.06515032052993774,0.0018609913531690836,0.04817556217312813,0.6318988800048828,-0.15360883345067106,0.745368715435228,-1.368737800718852,-0.007751512341201305,-0.0015564169734716415,0.006346589885652065,-0.13903392851352692,-0.06788226962089539,0.026482034474611282,0.3534921407699585,-0.35777485370635986,0.37322157621383667,0.010138421319425106,0.15697048604488373,0.6263017654418945,-0.1356058143802942,0.36768371697518887,0.11728728887951033,-0.00047807657392695546,-0.00018447973707225174,6.758164090570062e-05,0.008429697714745998,-0.05801207944750786,0.01227110717445612,-0.03808128088712692,0.14854633808135986,0.13040044903755188,0.0005168726202100515,0.05989191681146622,0.20129698514938354,-1.085754236823522,1.2926924455100854,-1.0986071449909618
-0.002547526964917779,-0.001567869447171688,-0.007011870853602886,-0.8063485622406006,0.3643523156642914,-0.06550353765487671,-0.3644809126853943,0.6786713600158691,-0.1327619105577469,0.007623282726854086,0.8872661590576172,0.7817076444625854,-1.4942520624707205,1.3604438078742729,-1.0635749199934934,-0.00022121574147604406,-0.0004219961410854012,-0.0015887974295765162,-0.04007226973772049,-0.005761472973972559,-0.0017602629959583282,0.10054787248373032,0.617626965045929,0.06015610694885254,0.0016587026184424758,0.040522586554288864,0.628642737865448,-0.15360883345067106,0.745368715435228,-1.368737800718852,-0.007928461767733097,-0.0016297772526741028,0.006528916303068399,-0.19163855910301208,-0.10732251405715942,0.04859241098165512,0.3514068126678467,-0.3590708374977112,0.37287211418151855,0.01039920374751091,0.22495484352111816,0.6256614327430725,-0.1356058143802942,0.36768371697518887,0.11728728887951033,-0.00035538070369511843,-0.00010479828051757067,0.00012088585208402947,0.008268033154308796,-0.0896228551864624,0.02060416340827942,0.08474685251712799,0.13764598965644836,0.11213386803865433,0.0003897326241713017,0.09233172237873077,0.1967293918132782,-1.085754236823522,1.2926924455100854,-1.0986071449909618
-0.0022477286402136087,-0.0015884041786193848,-0.00707409530878067,-0.8119086027145386,0.3527764678001404,-0.06216621398925781,-0.36104220151901245,0.6728320717811584,-0.13080690801143646,0.0075906612910330296,0.8874184489250183,0.7747031450271606,-1.4942520624707205,1.3604438078742729,-1.0635749199934934,-0.0002866838767658919,-0.00022138544591143727,-0.0014581705909222364,-0.03550492972135544,-0.0035573942586779594,0.012562444433569908,0.09867776185274124,0.6155637502670288,0.05382999777793884,0.0015024847816675901,0.03782948851585388,0.6257425546646118,-0.15360883345067106,0.745368715435228,-1.368737800718852,-0.008053749799728394,-0.0017037912039086223,0.006658010184764862,-0.2502439618110657,-0.1511656641960144,0.06937341392040253,0.3490091562271118,-0.3593488335609436,0.3718198537826538,0.010587487369775772,0.3004758954048157,0.6238501667976379,-0.1356058143802942,0.36768371697518887,0.11728728887951033,-0.0001835379225667566,-5.797430276288651e-05,0.0001311554660787806,0.0078112538903951645,-0.12303221970796585,0.031636111438274384,0.21379131078720093,0.12606759369373322,0.09295976907014847,0.00023291402612812817,0.12727445363998413,0.26503071188926697,-1.085754236823522,1.2926924455100854,-1.0986071449909618
-0.0018809724133461714,-0.0016021481715142727,-0.00715397484600544,-0.8163573741912842,0.3425557613372803,-0.06333881616592407,-0.3541859984397888,0.6634456515312195,-0.1275796741247177,0.007568638771772385,0.8875784873962402,0.7628135085105896,-1.4942520624707205,1.3604438078742729,-1.0635749199934934,-0.00030833182972855866,-3.7117511965334415e-05,-0.0013653092319145799,-0.03218581900000572,-0.0024544834159314632,0.026943044736981392,0.09687061607837677,0.6140052676200867,0.04646486043930054,0.0014001841191202402,0.04204615578055382,0.6233340501785278,-0.15360883345067106,0.745368715435228,-1.368737800718852,-0.008107340894639492,-0.0017842425731942058,0.006714627146720886,-0.3099871277809143,-0.19630175828933716,0.08869607001543045,0.34640055894851685,-0.357726514339447,0.3696445822715759,0.010677018202841282,0.37748298048973083,0.6201602220535278,-0.1356058143802942,0.36768371697518887,0.11728728887951033,-3.1568306440021843e-06,-3.400406058062799e-05,0.00010747883061412722,0.007258653175085783,-0.15452967584133148,0.04293796420097351,0.3364074230194092,0.11499795317649841,0.07472649216651917,0.00011277384328423068,0.1605483591556549,0.3632884919643402,-1.085754236823522,1.2926924455100854,-1.0986071449909618
-0.001516739372164011,-0.0015888545894995332,-0.007226374000310898,-0.818759560585022,0.33561497926712036,-0.06967610120773315,-0.3423374891281128,0.6486617922782898,-0.12242640554904938,0.007552843075245619,0.8876144289970398,0.7436029314994812,-1.4942520624707205,1.3604438078742729,-1.0635749199934934,-0.0002736493188422173,0.00010682409629225731,-0.0012995190918445587,-0.030529344454407692,-0.0018202215433120728,0.038904715329408646,0.09519978612661362,0.6130695343017578,0.038672834634780884,0.0013323082821443677,0.0494866743683815,0.6216211318969727,-0.15360883345067106,0.745368715435228,-1.368737800718852,-0.008093726821243763,-0.0018990013049915433,0.006690186448395252,-0.366740345954895,-0.23980288207530975,0.10642697662115097,0.34339439868927,-0.35271963477134705,0.3654562532901764,0.010671139694750309,0.4509219527244568,0.6130979657173157,-0.1356058143802942,0.36768371697518887,0.11728728887951033,0.0001440512714907527,-1.8794806237565354e-05,6.623891385970637e-05,0.006811906583607197,-0.18100646138191223,0.052205994725227356,0.4425196349620819,0.10538113117218018,0.05890530347824097,0.00015966090722940862,0.18850785493850708,0.4586923122406006,-1.085754236823522,1.2926924455100854,-1.0986071449909618
-0.0012345644645392895,-0.0015365008730441332,-0.007267829030752182,-0.8187703490257263,0.33290359377861023,-0.0804542601108551,-0.32380443811416626,0.6264567375183105,-0.11463472247123718,0.0075303600169718266,0.8875148296356201,0.7144497632980347,-1.4942520624707205,1.3604438078742729,-1.0635749199934934,-0.000181347451871261,0.00019446620717644691,-0.0012467361520975828,-0.03056987375020981,-0.0011332063004374504,0.046588726341724396,0.09376786649227142,0.6129082441329956,0.03122153878211975,0.0012747764121741056,0.055734287947416306,0.6208249926567078,-0.15360883345067106,0.745368715435228,-1.368737800718852,-0.008034458383917809,-0.002073344076052308,0.006590242497622967,-0.4178597927093506,-0.2797941565513611,0.12207263708114624,0.3395732343196869,-0.34229177236557007,0.35794925689697266,0.01059634704142809,0.5174874663352966,0.6005008816719055,-0.1356058143802942,0.36768371697518887,0.11728728887951033,0.00022013921989127994,-4.102330422028899e-07,2.0197025150991976e-05,0.00659550353884697,-0.20119930803775787,0.05818033963441849,0.5273269414901733,0.09767566621303558,0.046191245317459106,0.0002210641687270254,0.20954620838165283,0.5382823348045349,-1.085754236823522,1.2926924455100854,-1.0986071449909618
-0.0010998945217579603,-0.0014445367269217968,-0.007270376197993755,-0.8167426586151123,0.333972305059433,-0.09431692957878113,-0.29704564809799194,0.5949673652648926,-0.10354986041784286,0.0074936519376933575,0.887412965297699,0.6730117797851562,-1.4942520624707205,1.3604438078742729,-1.0635749199934934,-4.613057535607368e-05,0.00022325318423099816,-0.0012006504693999887,-0.0319783054292202,-8.680671453475952e-05,0.04903024435043335,0.09265277534723282,0.6136569380760193,0.02472171187400818,0.0012221012730151415,0.058537036180496216,0.6211043000221252,-0.15360883345067106,0.745368715435228,-1.368737800718852,-0.007951139472424984,-0.0023107093293219805,0.0064288051798939705,-0.46241244673728943,-0.3163841664791107,0.13459530472755432,0.3343569040298462,-0.32398223876953125,0.34550559520721436,0.010482820682227612,0.5762292146682739,0.5797699093818665,-0.1356058143802942,0.36768371697518887,0.11728728887951033,0.00019892523414455354,2.5061242922674865e-05,-3.0479393899440765e-05,0.006404774263501167,-0.2164955735206604,0.06106274574995041,0.5905224084854126,0.09127098321914673,0.03643569350242615,0.00020280115131754428,0.22503335773944855,0.5986440181732178,-1.0880271120801428,1.2927856021666828,-1.099794233366996
-0.0011421553790569305,-0.0013237439561635256,-0.00724464375525713,-0.8135383725166321,0.33719250559806824,-0.11008253693580627,-0.261079341173172,0.5529813766479492,-0.08874668180942535,0.007452629040926695,0.8875030279159546,0.6179213523864746,-1.4942520624707205,1.3604438078742729,-1.0635749199934934,0.00011208021896891296,0.0002015522914007306,-0.0011659141164273024,-0.034014128148555756,0.001368868164718151,0.046063993126153946,0.09187816083431244,0.6153916716575623,0.019464939832687378,0.0011885036947205663,0.0572776235640049,0.6225169897079468,-0.15360883345067106,0.745368715435228,-1.368737800718852,-0.007848725654184818,-0.0025935801677405834,0.006218737456947565,-0.5006314516067505,-0.35160112380981445,0.14258164167404175,0.32708942890167236,-0.2951522171497345,0.3263704776763916,0.010344170033931732,0.628159761428833,0.5482882857322693,-0.1356058143802942,0.36768371697518887,0.11728728887951033,7.3784394771792e-05,5.566352774621919e-05,-9.61021869443357e-05,0.006625560112297535,-0.23022499680519104,0.062026165425777435,0.6340334415435791,0.08726178854703903,0.02970951795578003,0.00013333489187061787,0.2385260909795761,0.6406993865966797,-1.0880271120801428,1.2927856021666828,-1.099794233366996
-0.0013462761417031288,-0.001193751348182559,-0.007209601812064648,-0.8100512027740479,0.34077659249305725,-0.12692061066627502,-0.21605980396270752,0.5006161332130432,-0.07026876509189606,0.007430737372487783,0.8879304528236389,0.5497600436210632,-1.4942520624707205,1.3604438078742729,-1.0635749199934934,0.0002784481621347368,0.00014040476526133716,-0.0011535118101164699,-0.035312265157699585,0.0029926984570920467,0.03800428286194801,0.09148470312356949,0.6180912256240845,0.015510499477386475,0.001194921089336276,0.05196381360292435,0.6250174045562744,-0.15366204673272374,0.7455658370999388,-1.368673787529297,-0.007714570499956608,-0.0028960825875401497,0.005969555117189884,-0.5323436856269836,-0.38845542073249817,0.14465942978858948,0.3171564042568207,-0.2534005045890808,0.29893428087234497,0.010175337083637714,0.6746953129768372,0.504144549369812,-0.1356058143802942,0.36768371697518887,0.11728728887951033,-0.00014048026059754193,8.915484067983925e-05,-0.00018756593635771424,0.006944691762328148,-0.2458527833223343,0.06276345252990723,0.6613816618919373,0.08474662899971008,0.025343388319015503,0.00025072749122045934,0.25383275747299194,0.6672705411911011,-1.0880271120801428,1.2927856021666828,-1.099794233366996
-0.0016600263770669699,-0.001077685970813036,-0.007181154564023018,-0.8067934513092041,0.3437501788139343,-0.14415410161018372,-0.164036825299263,0.4402053952217102,-0.04894094914197922,0.007448897697031498,0.8887408375740051,0.47231778502464294,-1.4942520624707205,1.3604438078742729,-1.0635749199934934,0.0004391675174701959,4.885811358690262e-05,-0.0011744402581825852,-0.03379535675048828,0.004274618811905384,0.02517107129096985,0.09129586070775986,0.6216407418251038,0.012675285339355469,0.001254816772416234,0.04235541820526123,0.628436803817749,-0.15366204673272374,0.7455658370999388,-1.368673787529297,-0.00753130903467536,-0.0031925803050398827,0.00569166662171483,-0.5555338859558105,-0.42984849214553833,0.13995292782783508,0.3041451871395111,-0.197198748588562,0.2621545195579529,0.009965352714061737,0.71622234582901,0.44734397530555725,-0.1356058143802942,0.36768371697518887,0.11728728887951033,-0.00041536870412528515,0.00012513801630120724,-0.00030804931884631515,0.007216697558760643,-0.2652512788772583,0.06496798247098923,0.6762369871139526,0.08338630944490433,0.0228290855884552,0.0005320573691278696,0.2731870412826538,0.6817410588264465,-1.0880271120801428,1.2927856021666828,-1.099794233366996
-0.002011310774832964,-0.0009953343542292714,-0.007168291136622429,-0.8037898540496826,0.346178263425827,-0.16129982471466064,-0.1093347892165184,0.3767428994178772,-0.026525378227233887,0.007511355448514223,0.8899073600769043,0.39318305253982544,-1.4942520624707205,1.3604438078742729,-1.0635749199934934,0.0005710284458473325,-6.428294000215828e-05,-0.0012384997680783272,-0.027029946446418762,0.004585444927215576,0.007745944894850254,0.09130489081144333,0.6257148385047913,0.010800331830978394,0.001365315867587924,0.0284893661737442,0.6324336528778076,-0.15366204673272374,0.7455658370999388,-1.368673787529297,-0.007288175169378519,-0.0034562626387923956,0.005396582186222076,-0.566707193851471,-0.4778671860694885,0.12839862704277039,0.2880595922470093,-0.12679119408130646,0.21614742279052734,0.00970496516674757,0.7523298859596252,0.3818036615848541,-0.1356058143802942,0.36768371697518887,0.11728728887951033,-0.0007200444815680385,0.0001569438900332898,-0.00045275004231370986,0.007345110177993774,-0.28798189759254456,0.06947562098503113,0.6819257736206055,0.08286730945110321,0.021735966205596924,0.0008649150258861482,0.2963349223136902,0.6872861385345459,-1.0880271120801428,1.2927856021666828,-1.099794233366996
-0.0023273462429642677,-0.0009595964220352471,-0.007173874415457249,-0.8007042407989502,0.3488234579563141,-0.17831015586853027,-0.05740104615688324,0.3165475130081177,-0.005248304456472397,0.007602752186357975,0.8914031386375427,0.3217526376247406,-1.4942520624707205,1.3604438078742729,-1.0635749199934934,0.0006479918374679983,-0.00019163638353347778,-0.0013534214813262224,-0.013191420584917068,0.0034232144244015217,-0.014011340215802193,0.09142785519361496,0.6297470331192017,0.00969243049621582,0.0015127351507544518,0.019546089693903923,0.6364230513572693,-0.15366204673272374,0.7455658370999388,-1.368673787529297,-0.006985296029597521,-0.0036611403338611126,0.005089960992336273,-0.5628471970558167,-0.5337643027305603,0.11078578233718872,0.2695949375629425,-0.04538100212812424,0.1629646122455597,0.00938647985458374,0.7835654020309448,0.31827399134635925,-0.1356058143802942,0.36768371697518887,0.11728728887951033,-0.0010258432012051344,0.00016712395881768316,-0.000610872230026871,0.007378207519650459,-0.31163302063941956,0.07557164132595062,0.6810817122459412,0.08293384313583374,0.021768569946289062,0.001205591019243002,0.3207501471042633,0.6864576935768127,-1.0880271120801428,1.2927856021666828,-1.099794233366996
-0.002551734447479248,-0.000976002833340317,-0.007195721380412579,-0.7970369458198547,0.3527495563030243,-0.195389062166214,-0.012595641426742077,0.26469844579696655,0.013107368722558022,0.007696904242038727,0.8932396769523621,0.26532191038131714,-1.4942520624707205,1.3604438078742729,-1.0635749199934934,0.0006581234047189355,-0.0003303414268884808,-0.001517090480774641,0.008135921321809292,0.0006264913827180862,-0.039523206651210785,0.09156738221645355,0.632839024066925,0.009195983409881592,0.0016863615019246936,0.04035677760839462,0.6394954323768616,-0.15366204673272374,0.7455658370999388,-1.368673787529297,-0.006633656099438667,-0.00379553553648293,0.00476828683167696,-0.5432783365249634,-0.5980175137519836,0.0887698233127594,0.2502748668193817,0.04027847573161125,0.10697965323925018,0.00900822039693594,0.8128077387809753,0.2751445174217224,-0.1356058143802942,0.36768371697518887,0.11728728887951033,-0.0013051684945821762,0.00013547252456191927,-0.0007668728940188885,0.007489494048058987,-0.3327527642250061,0.08133558928966522,0.6754970550537109,0.08340170234441757,0.022792965173721313,0.0015198393957689404,0.34263095259666443,0.6810078024864197,-1.0880271120801428,1.2927856021666828,-1.099794233366996
-0.0026561683043837547,-0.0010414011776447296,-0.007228574715554714,-0.7923677563667297,0.35892871022224426,-0.21239808201789856,0.022962545976042747,0.2236945927143097,0.027676641941070557,0.007771231699734926,0.8954269886016846,0.2265668660402298,-1.4942520624707205,1.3604438078742729,-1.0635749199934934,0.0006117635639384389,-0.0004791085666511208,-0.0017087326850742102,0.03586965799331665,-0.0035659968852996826,-0.06805533170700073,0.09161104261875153,0.633684515953064,0.009217947721481323,0.0018771167378872633,0.07701218873262405,0.640338659286499,-0.15366204673272374,0.7455658370999388,-1.368673787529297,-0.006255577318370342,-0.0038712210953235626,0.004426627419888973,-0.5100862979888916,-0.6698043942451477,0.0650569424033165,0.2320406138896942,0.12169229984283447,0.05370383709669113,0.008585664443671703,0.8444278240203857,0.2674620747566223,-0.1356058143802942,0.36768371697518887,0.11728728887951033,-0.0015342622064054012,5.3838943131268024e-05,-0.0009035866241902113,0.007885683327913284,-0.3479488790035248,0.0845872312784195,0.666121780872345,0.08415856957435608,0.024837344884872437,0.0017813837621361017,0.3581697940826416,0.6718763113021851,-1.0880271120801428,1.2927856021666828,-1.099794233366996
-0.0026412850711494684,-0.0011434900807216763,-0.007267874665558338,-0.7866017818450928,0.3677225112915039,-0.22873875498771667,0.049021996557712555,0.19388550519943237,0.03835943713784218,0.00781702995300293,0.8979329466819763,0.20363248884677887,-1.4942520624707205,1.3604438078742729,-1.0635749199934934,0.0005339966155588627,-0.0006307217990979552,-0.0018921932205557823,0.06804371625185013,-0.008622009307146072,-0.09916965663433075,0.09142975509166718,0.6305186748504639,0.009739339351654053,0.0020647901110351086,0.12057739496231079,0.6371876001358032,-0.15366204673272374,0.7455658370999388,-1.368673787529297,-0.0058835470117628574,-0.003916759043931961,0.0040673608891665936,-0.46711865067481995,-0.7465792894363403,0.04325675219297409,0.21646124124526978,0.19209058582782745,0.0075183045119047165,0.008154787123203278,0.881732165813446,0.2895009219646454,-0.1356058143802942,0.36768371697518887,0.11728728887951033,-0.001699949847534299,-6.578582542715594e-05,-0.0010081033688038588,0.008744406513869762,-0.35486629605293274,0.08355031162500381,0.6531713008880615,0.08515547215938568,0.02807009220123291,0.0019774807151407003,0.36467409133911133,0.6592966914176941,-1.0880271120801428,1.2927856021666828,-1.099794233366996
-0.0025283964350819588,-0.0012628075201064348,-0.007311025634407997,-0.780020534992218,0.37863418459892273,-0.2438814342021942,0.06644871830940247,0.17433500289916992,0.04551343619823456,0.007838275283575058,0.9007075428962708,0.19204062223434448,-1.4942520624707205,1.3604438078742729,-1.0635749199934934,0.0004519157810136676,-0.000770182756241411,-0.0020323065109550953,0.10266615450382233,-0.01393515057861805,-0.1329294741153717,0.09087802469730377,0.6211174726486206,0.010815054178237915,0.002219837624579668,0.16853715479373932,0.6278237700462341,-0.15366204673272374,0.7455658370999388,-1.368673787529297,-0.005549316294491291,-0.003964563366025686,0.0036997266579419374,-0.4187473952770233,-0.8244379162788391,0.027150237932801247,0.20431768894195557,0.24823705852031708,-0.02950790897011757,0.00775890750810504,0.9250861406326294,0.3228592276573181,-0.1356058143802942,0.36768371697518887,0.11728728887951033,-0.0018045934848487377,-0.00019412848632782698,-0.0010760418372228742,0.010179462842643261,-0.35278937220573425,0.07719448208808899,0.6363235712051392,0.08639125525951385,0.0327548086643219,0.0021100023295730352,0.36127960681915283,0.6429961323738098,-1.0880271120801428,1.2927856021666828,-1.099794233366996
-0.002350089605897665,-0.0013769571669399738,-0.007352043408900499,-0.773389995098114,0.3902038037776947,-0.2575130760669708,0.07657216489315033,0.1635148972272873,0.04969420284032822,0.007840374484658241,0.9037168025970459,0.1872696727514267,-1.4949891930359729,1.3604215434292422,-1.0650062558032938,0.00038422568468376994,-0.0008802317315712571,-0.002112295012921095,0.1382673978805542,-0.01907530054450035,-0.16931653022766113,0.08979956060647964,0.6028896570205688,0.012562334537506104,0.0023203936871141195,0.21943068504333496,0.6096701622009277,-0.15366204673272374,0.7455658370999388,-1.368673787529297,-0.0052685821428895,-0.004041324835270643,0.0033333187457174063,-0.3691543936729431,-0.8987425565719604,0.019883600994944572,0.19572769105434418,0.289838582277298,-0.05722823739051819,0.007429756224155426,0.9718068242073059,0.35438793897628784,-0.1356058143802942,0.36768371697518887,0.11728728887951033,-0.0018637485336512327,-0.0002930276095867157,-0.0011082328855991364,0.012179289013147354,-0.34265971183776855,0.06563756614923477,0.6149952411651611,0.08789146691560745,0.039179056882858276,0.0021880592685192823,0.3491021394729614,0.622478187084198,-1.0880271120801428,1.2927856021666828,-1.099794233366996
-0.002134535228833556,-0.001457461854442954,-0.0073807742446660995,-0.7663620710372925,0.40276527404785156,-0.2701641321182251,0.08117905259132385,0.15952648222446442,0.051616646349430084,0.007820246741175652,0.906928539276123,0.18628746271133423,-1.4949891930359729,1.3604215434292422,-1.0650062558032938,0.00033188576344400644,-0.0009494320256635547,-0.0021388940513134003,0.1739385575056076,-0.023928776383399963,-0.2073807269334793,0.08804036676883698,0.573101818561554,0.015136390924453735,0.0023635646793991327,0.27172407507896423,0.5800223350524902,-0.15366204673272374,0.7455658370999388,-1.368673787529297,-0.005039523355662823,-0.00416130805388093,0.00297226058319211,-0.32180020213127136,-0.9645816087722778,0.023273367434740067,0.19040155410766602,0.31836023926734924,-0.07663672417402267,0.00717966677621007,1.0171109437942505,0.37878647446632385,-0.1356058143802942,0.36768371697518887,0.11728728887951033,-0.0018935245461761951,-0.0003278997610323131,-0.00110280339140445,0.014527679421007633,-0.32646438479423523,0.05052858591079712,0.58870530128479,0.0896819531917572,0.047552257776260376,0.0022156552877277136,0.3306708037853241,0.5973926782608032,-1.0880271120801428,1.2927856021666828,-1.099794233366996
-0.0019062722567468882,-0.0014896804932504892,-0.007381819188594818,-0.7594603300094604,0.41536226868629456,-0.2815394103527069,0.08170509338378906,0.16065557301044464,0.05188317224383354,0.007768157869577408,0.9102583527565002,0.18755745887756348,-1.4949891930359729,1.3604215434292422,-1.0650062558032938,0.0002725878730416298,-0.0009759783279150724,-0.0021333787590265274,0.2090805470943451,-0.02861805260181427,-0.2452564537525177,0.08547337353229523,0.5292938351631165,0.018692374229431152,0.0023618091363459826,0.32354968786239624,0.5364765524864197,-0.15366204673272374,0.7455658370999388,-1.368673787529297,-0.004851271398365498,-0.004306894727051258,0.0026518371887505054,-0.2793087065219879,-1.0170843601226807,0.042378365993499756,0.18770112097263336,0.33563748002052307,-0.09136292338371277,0.007008310407400131,1.0555897951126099,0.3952611982822418,-0.13797429102023473,0.37037695141071014,0.11215782204018365,-0.001899706432595849,-0.00028050877153873444,-0.0010523477103561163,0.01676807925105095,-0.30641257762908936,0.03501838073134422,0.5575308203697205,0.09175683557987213,0.05786752700805664,0.0021897500846534967,0.3088626265525818,0.5679864287376404,-1.0880271120801428,1.2927856021666828,-1.099794233366996
-0.0016802744939923286,-0.0014697471633553505,-0.007342588622123003,-0.7530542612075806,0.4272578954696655,-0.29128211736679077,0.07951447367668152,0.16527923941612244,0.05105070024728775,0.007674443535506725,0.9135016798973083,0.1903837025165558,-1.4949891930359729,1.3604215434292422,-1.0650062558032938,0.00016817357391119003,-0.0009643671801313758,-0.002118738368153572,0.24308785796165466,-0.03330065310001373,-0.28083303570747375,0.0820368304848671,0.4699348509311676,0.023328617215156555,0.0023339535109698772,0.3729179799556732,0.477611780166626,-0.15366204673272374,0.7455658370999388,-1.368673787529297,-0.004721659701317549,-0.004487002734094858,0.002308027585968375,-0.24154125154018402,-1.0535261631011963,0.06354088336229324,0.18724116683006287,0.34518399834632874,-0.09891729056835175,0.006910445634275675,1.0827267169952393,0.40496402978897095,-0.13797429102023473,0.37037695141071014,0.11215782204018365,-0.0018816335359588265,-0.00014985066081862897,-0.0009498657891526818,0.018234634771943092,-0.2844531238079071,0.023266185075044632,0.5226627588272095,0.09404075145721436,0.06972450017929077,0.0021131127141416073,0.28598496317863464,0.5356132388114929,-1.0880271120801428,1.2927856021666828,-1.099794233366996
-0.00146624562330544,-0.0014029564335942268,-0.007255919277667999,-0.7478851079940796,0.4369201064109802,-0.29888826608657837,0.07577218115329742,0.1719053089618683,0.04959165304899216,0.007534356322139502,0.916278064250946,0.19429923593997955,-1.4949891930359729,1.3604215434292422,-1.0650062558032938,-1.5642435755580664e-05,-0.0009221696527674794,-0.0021084481850266457,0.27506139874458313,-0.038056228309869766,-0.31192272901535034,0.07778942584991455,0.3953664302825928,0.029010862112045288,0.0023013465106487274,0.4176156520843506,0.40398940443992615,-0.15366204673272374,0.7455658370999388,-1.368673787529297,-0.004652950447052717,-0.004660311620682478,0.00199075392447412,-0.20844152569770813,-1.0726654529571533,0.08728301525115967,0.18826471269130707,0.34894874691963196,-0.10281705856323242,0.006879793480038643,1.0962104797363281,0.4096097946166992,-0.13797429102023473,0.37037695141071014,0.11215782204018365,-0.0018428224138915539,5.612093082163483e-05,-0.0008019295637495816,0.018137842416763306,-0.2622884511947632,0.019635166972875595,0.48669958114624023,0.09636835753917694,0.08223749697208405,0.002010531025007367,0.26364701986312866,0.5029178261756897,-1.0880271120801428,1.2927856021666828,-1.099794233366996
-0.0012734602205455303,-0.001297109411098063,-0.007130587473511696,-0.7449252605438232,0.4423777461051941,-0.3035447299480438,0.07147805392742157,0.17909032106399536,0.04790651053190231,0.007358632516115904,0.9180147647857666,0.19868941605091095,-1.4949891930359729,1.3604215434292422,-1.0650062558032938,-0.00029219029238447547,-0.0008569954079575837,-0.0021013841032981873,0.30350083112716675,-0.042865194380283356,-0.33580145239830017,0.07298237085342407,0.309054970741272,0.03547435998916626,0.0022881501354277134,0.45465677976608276,0.3195306360721588,-0.15366204673272374,0.7455658370999388,-1.368673787529297,-0.004656936042010784,-0.004810427315533161,0.0017202235758304596,-0.1804315745830536,-1.0766927003860474,0.10908940434455872,0.1900814324617386,0.34892377257347107,-0.10421162098646164,0.006912773475050926,1.097143292427063,0.41077831387519836,-0.13797429102023473,0.37037695141071014,0.11215782204018365,-0.0017932446207851171,0.00032030342845246196,-0.0006371656781993806,0.015697356313467026,-0.24180163443088531,0.02765243500471115,0.45294445753097534,0.0985289067029953,0.09428225457668304,0.0019298447296023369,0.24388335645198822,0.473028302192688,-1.0880271120801428,1.2927856021666828,-1.099794233366996
-0.001114042242988944,-0.0011620435398072004,-0.006996124517172575,-0.7449798583984375,0.4422306716442108,-0.30364564061164856,0.06753537058830261,0.18531441688537598,0.046350449323654175,0.007178940810263157,0.9180216193199158,0.20261001586914062,-1.4949891930359729,1.3604215434292422,-1.0650062558032938,-0.0006489287479780614,-0.0007690080674365163,-0.0020922268740832806,0.3266664743423462,-0.04773232713341713,-0.3491143584251404,0.0680936872959137,0.21821656823158264,0.04217444360256195,0.002321614883840084,0.4804895222187042,0.23245194554328918,-0.15366204673272374,0.7455658370999388,-1.368673787529297,-0.004733903333544731,-0.004932113457471132,0.0015162935014814138,-0.1612422913312912,-1.0706006288528442,0.12633875012397766,0.19196034967899323,0.34660497307777405,-0.10381101071834564,0.007002480328083038,1.0900212526321411,0.4095858037471771,-0.13797429102023473,0.37037695141071014,0.11215782204018365,-0.001742915133945644,0.0006086838548071682,-0.0004907311522401869,0.010317403823137283,-0.22566331923007965,0.04876791313290596,0.42401158809661865,0.1003556028008461,0.10497599840164185,0.0019102529622614384,0.23110321164131165,0.4481930732727051,-1.0880271120801428,1.2927856021666828,-1.099794233366996
-0.0009986583609133959,-0.0010169021552428603,-0.006882292218506336,-0.7484009265899658,0.436233252286911,-0.2970163822174072,0.0648321881890297,0.1888456493616104,0.0452653206884861,0.007028324995189905,0.9157631397247314,0.20473115146160126,-1.4949891930359729,1.3604215434292422,-1.0650062558032938,-0.0010480082128196955,-0.0006515335408039391,-0.0020824188832193613,0.3443358540534973,-0.05307839438319206,-0.3487504720687866,0.06371399760246277,0.1319025158882141,0.04842805117368698,0.002420596079900861,0.4929618537425995,0.15428228676319122,-0.15366204673272374,0.7455658370999388,-1.368673787529297,-0.004857021849602461,-0.005028401035815477,0.0013925223611295223,-0.15624569356441498,-1.0607727766036987,0.13840529322624207,0.1930992603302002,0.3429771661758423,-0.10184875130653381,0.007128435652703047,1.0811140537261963,0.4065634608268738,-0.13797429102023473,0.37037695141071014,0.11215782204018365,-0.0016986612463369966,0.0008749610278755426,-0.00037910917308181524,0.0017601065337657928,-0.2174050211906433,0.08117805421352386,0.4010993242263794,0.1017727255821228,0.11391982436180115,0.0019480068003758788,0.2320730984210968,0.4292040169239044,-1.0880271120801428,1.2927856021666828,-1.099794233366996
-0.0009269409347325563,-0.0008937418460845947,-0.006796857807785273,-0.7551596164703369,0.42476606369018555,-0.2823885679244995,0.0643153190612793,0.18762636184692383,0.04500887170433998,0.006917750462889671,0.9112823605537415,0.2033861130475998,-1.4949891930359729,1.3604215434292422,-1.0650062558032938,-0.0014295530272647738,-0.0005068711470812559,-0.0020697072613984346,0.3586566150188446,-0.05985686928033829,-0.332741379737854,0.06032716482877731,0.0573282353579998,0.053687918931245804,0.0025659753009676933,0.4928836226463318,0.0990367904305458,-0.15366204673272374,0.7455658370999388,-1.368673787529297,-0.004978263285011053,-0.005112994462251663,0.0013435869477689266,-0.1680063158273697,-1.0537160634994507,0.1458100974559784,0.19259323179721832,0.3385525643825531,-0.09808792918920517,0.007261614315211773,1.0769420862197876,0.40166059136390686,-0.13797429102023473,0.37037695141071014,0.11215782204018365,-0.0016650345642119646,0.0010833267588168383,-0.0002978714182972908,-0.0096917524933815,-0.22023451328277588,0.1196967214345932,0.3844507932662964,0.10267354547977448,0.12050960958003998,0.0020086474251002073,0.2508475184440613,0.41577258706092834,-1.0930702205613008,1.2935008159790553,-1.1047512810083802
-0.0008826481644064188,-0.0008278604946099222,-0.006730450317263603,-0.765091061592102,0.40797173976898193,-0.260669082403183,0.06703755259513855,0.17922042310237885,0.04597396031022072,0.006838375702500343,0.9054024815559387,0.19679328799247742,-1.4949891930359729,1.3604215434292422,-1.0650062558032938,-0.0017292217817157507,-0.0003544765058904886,-0.00204339437186718,0.3720112442970276,-0.06888270378112793,-0.30045419931411743,0.058186620473861694,-0.002041097730398178,0.057688359171152115,0.002700244775041938,0.48312515020370483,0.08196216076612473,-0.15366204673272374,0.7455658370999388,-1.368673787529297,-0.005047241225838661,-0.005207494366914034,0.0013272135984152555,-0.19565299153327942,-1.0540151596069336,0.14920705556869507,0.18942025303840637,0.3334421217441559,-0.09186521172523499,0.0073725259862840176,1.0823543071746826,0.39433854818344116,-0.13797429102023473,0.37037695141071014,0.11215782204018365,-0.001641702139750123,0.001219343044795096,-0.00024953403044492006,-0.02383774146437645,-0.2352626621723175,0.1574140191078186,0.37299132347106934,0.10332119464874268,0.12612251937389374,0.002060157945379615,0.28407028317451477,0.4070684015750885,-1.0930702205613008,1.2935008159790553,-1.1047512810083802
-0.0008410904556512833,-0.0008441908285021782,-0.0066740987822413445,-0.777829647064209,0.38597041368484497,-0.23465833067893982,0.07415743917226791,0.1608647108078003,0.0485898032784462,0.006779652554541826,0.8994758129119873,0.18367838859558105,-1.4949891930359729,1.3604215434292422,-1.0650062558032938,-0.0019079619087278843,-0.00022172858007252216,-0.0020083633717149496,0.3848399817943573,-0.0794779434800148,-0.25321993231773376,0.0573902390897274,-0.04577863961458206,0.060415420681238174,0.0027790297754108906,0.46748143434524536,0.09507547318935394,-0.15223037718430665,0.745419412025486,-1.3687167107984481,-0.005022095981985331,-0.0053265281021595,0.0012683561071753502,-0.23690339922904968,-1.0615206956863403,0.14820575714111328,0.18246276676654816,0.3274480998516083,-0.08217744529247284,0.007429810240864754,1.0976859331130981,0.3837552070617676,-0.13797429102023473,0.37037695141071014,0.11215782204018365,-0.0016257072566077113,0.001275933813303709,-0.00023622845765203238,-0.040187664330005646,-0.26068514585494995,0.18825146555900574,0.3659469485282898,0.10367472469806671,0.13036632537841797,0.0020800805650651455,0.3240530788898468,0.40207087993621826,-1.0930702205613008,1.2935008159790553,-1.1047512810083802
-0.0007858143653720617,-0.0009531013201922178,-0.00663022929802537,-0.7924968004226685,0.3598872125148773,-0.20772406458854675,0.08686943352222443,0.12967626750469208,0.05329705402255058,0.006744319573044777,0.8948291540145874,0.1649327427148819,-1.4949891930359729,1.3604215434292422,-1.0650062558032938,-0.001968884374946356,-0.00012245913967490196,-0.001992803532630205,0.39524930715560913,-0.09148471057415009,-0.19600749015808105,0.05773453786969185,-0.07559070736169815,0.06198223680257797,0.0028040625620633364,0.45056673884391785,0.11352986097335815,-0.15223037718430665,0.745419412025486,-1.3687167107984481,-0.004877854138612747,-0.005466236267238855,0.0011025224812328815,-0.28733688592910767,-1.071689248085022,0.141182541847229,0.1705864518880844,0.3201740086078644,-0.06782394647598267,0.007408694364130497,1.1184868812561035,0.36906805634498596,-0.13797429102023473,0.37037695141071014,0.11215782204018365,-0.0016184714622795582,0.0012375985970720649,-0.0002720010234043002,-0.058205313980579376,-0.292145311832428,0.20821517705917358,0.3622727394104004,0.10381446778774261,0.1333848387002945,0.002055501099675894,0.3634423017501831,0.3997630476951599,-1.0930702205613008,1.2935008159790553,-1.1047512810083802
-0.0007197246886789799,-0.0011497103841975331,-0.006614048965275288,-0.8078004121780396,0.3318735361099243,-0.18282827734947205,0.10624059289693832,0.0830710232257843,0.060487739741802216,0.006751702167093754,0.8922486901283264,0.14780603349208832,-1.4949891930359729,1.3604215434292422,-1.0650062558032938,-0.0019343323074281216,-7.640966214239597e-05,-0.0020263332407921553,0.40131354331970215,-0.10248138010501862,-0.13696043193340302,0.058938343077898026,-0.09385160356760025,0.06262759119272232,0.002802410861477256,0.4362489581108093,0.12729519605636597,-0.15223037718430665,0.745419412025486,-1.3687167107984481,-0.004607338923960924,-0.005612000823020935,0.0008102424908429384,-0.33970046043395996,-1.0788824558258057,0.127302885055542,0.152799591422081,0.31115594506263733,-0.047624118626117706,0.007306067273020744,1.1382397413253784,0.349905401468277,-0.13797429102023473,0.37037695141071014,0.11215782204018365,-0.00163393490947783,0.0011008359724655747,-0.00037836312549188733,-0.07688871026039124,-0.3236120939254761,0.2149614691734314,0.3610159158706665,0.10382220149040222,0.13515135645866394,0.0020061759278178215,0.3960367441177368,0.3992210328578949,-1.0930702205613008,1.2935008159790553,-1.1047512810083802
-0.000661148689687252,-0.0014072363264858723,-0.006642994936555624,-0.8224474191665649,0.3041459321975708,-0.16267699003219604,0.13293036818504333,0.01945134624838829,0.07040157169103622,0.006822522263973951,0.8918454647064209,0.15167471766471863,-1.4949891930359729,1.3604215434292422,-1.0650062558032938,-0.0018246930558234453,-9.561225306242704e-05,-0.002131167333573103,0.4013267755508423,-0.11060700565576553,-0.08475824445486069,0.06057281792163849,-0.10329625010490417,0.06264443695545197,0.002807226497679949,0.4248306155204773,0.13514254987239838,-0.15223037718430665,0.745419412025486,-1.3687167107984481,-0.004205777309834957,-0.0057497043162584305,0.000407250045100227,-0.38642045855522156,-1.0777310132980347,0.10831407457590103,0.1285148561000824,0.30002129077911377,-0.020733749493956566,0.007135370746254921,1.1500247716903687,0.3270454704761505,-0.13797429102023473,0.37037695141071014,0.11215782204018365,-0.001696709543466568,0.0008985120803117752,-0.0005711342673748732,-0.0943564921617508,-0.34875375032424927,0.2074849009513855,0.36140304803848267,0.10377737879753113,0.13540467619895935,0.0020030830055475235,0.41663211584091187,0.39964526891708374,-1.0930702205613008,1.2935008159790553,-1.1047512810083802
-0.0006326846778392792,-0.0016745621105656028,-0.0067228591069579124,-0.8352092504501343,0.2788161337375641,-0.14981994032859802,0.16677364706993103,-0.060791220515966415,0.08297120034694672,0.006957103032618761,0.8931735157966614,0.19594193994998932,-1.4949891930359729,1.3604215434292422,-1.0650062558032938,-0.001657554879784584,-0.0001776790013536811,-0.0023341760970652103,0.3941322863101959,-0.11457090079784393,-0.045470383018255234,0.06203542277216911,-0.10651683062314987,0.0623713880777359,0.0028683508280664682,0.4129579961299896,0.13814637064933777,-0.15223037718430665,0.745419412025486,-1.3687167107984481,-0.00366624491289258,-0.005861991550773382,-7.457542233169079e-05,-0.42135089635849,-1.0635493993759155,0.08748949319124222,0.09793180227279663,0.2866833508014679,0.012918723747134209,0.006914467550814152,1.1473135948181152,0.3032241463661194,-0.13797429102023473,0.37037695141071014,0.11215782204018365,-0.0018320494564250112,0.0006917975842952728,-0.0008458587690256536,-0.10790193825960159,-0.3625008165836334,0.18664410710334778,0.3628753125667572,0.10375602543354034,0.13361485302448273,0.0021331822499632835,0.42176496982574463,0.4003707468509674,-1.0930702205613008,1.2935008159790553,-1.1047512810083802
-0.00065395119599998,-0.0018881014548242092,-0.006844767369329929,-0.8447465300559998,0.2585088908672333,-0.14574337005615234,0.2062179148197174,-0.1539338082075119,0.09761321544647217,0.00713045708835125,0.8953572511672974,0.27522680163383484,-1.4949891930359729,1.3604215434292422,-1.0650062558032938,-0.0014573116786777973,-0.0003068930236622691,-0.002658494282513857,0.379340797662735,-0.113820880651474,-0.021894704550504684,0.06252171099185944,-0.1057354062795639,0.062188781797885895,0.0030472171492874622,0.39665353298187256,0.13768218457698822,-0.15223037718430665,0.745419412025486,-1.3687167107984481,-0.0030010619666427374,-0.005930951330810785,-0.000595221936237067,-0.4393361210823059,-1.0344440937042236,0.06747142970561981,0.06254862993955612,0.2715780735015869,0.052062444388866425,0.006673593074083328,1.1258965730667114,0.283509224653244,-0.13797429102023473,0.37037695141071014,0.11215782204018365,-0.0020578070543706417,0.0005393155734054744,-0.0011752117425203323,-0.11507746577262878,-0.3618972599506378,0.15529268980026245,0.36508601903915405,0.10383094847202301,0.1289832592010498,0.002430340275168419,0.4102782905101776,0.40088072419166565,-1.0930702205613008,1.2935008159790553,-1.1047512810083802
-0.0007392826955765486,-0.0019917781464755535,-0.006990391761064529,-0.8497703671455383,0.2461768388748169,-0.15016025304794312,0.24803908169269562,-0.25224941968917847,0.11312264949083328,0.007306113839149475,0.8973632454872131,0.3714160621166229,-1.4949891930359729,1.3604215434292422,-1.0650062558032938,-0.0012534407433122396,-0.000466609257273376,-0.0031015812419354916,0.3576548099517822,-0.10850746929645538,-0.014410417526960373,0.061002835631370544,-0.10271241515874863,0.06252050399780273,0.003377668559551239,0.37403008341789246,0.1348332315683365,-0.15223037718430665,0.745419412025486,-1.3687167107984481,-0.0022558970376849174,-0.005953648127615452,-0.0011159356217831373,-0.43691176176071167,-0.9916824102401733,0.04961761459708214,0.025415871292352676,0.2557852864265442,0.09379295259714127,0.006463768891990185,1.0847985744476318,0.2736223638057709,-0.13797429102023473,0.37037695141071014,0.11215782204018365,-0.002381599973887205,0.00047420221380889416,-0.0015173829160630703,-0.11505220830440521,-0.34616339206695557,0.11738550662994385,0.36787301301956177,0.10407142341136932,0.12048900127410889,0.0028634483460336924,0.3832041919231415,0.4008478820323944,-1.0930702205613008,1.2935008159790553,-1.1047512810083802
-0.0008957218378782272,-0.0019546346738934517,-0.00713712815195322,-0.8496232032775879,0.24374724924564362,-0.16123473644256592,0.28820371627807617,-0.3460606038570404,0.127993643283844,0.007453959435224533,0.8984814286231995,0.4681898057460785,-1.4949891930359729,1.3604215434292422,-1.0650062558032938,-0.001075302017852664,-0.0006457245908677578,-0.0036327289417386055,0.33061227202415466,-0.09936270117759705,-0.02126428857445717,0.0562262162566185,-0.0987444519996643,0.06383322179317474,0.003843169892206788,0.345875084400177,0.13033239543437958,-0.15223037718430665,0.745419412025486,-1.3687167107984481,-0.0014953651698306203,-0.005938524380326271,-0.0016056757885962725,-0.4143655598163605,-0.9370886087417603,0.034718096256256104,-0.009657632559537888,0.2407117336988449,0.13440433144569397,0.006330906879156828,1.0252020359039307,0.2758621573448181,-0.13797429102023473,0.37037695141071014,0.11215782204018365,-0.0027973842807114124,0.0005033363122493029,-0.0018294381443411112,-0.10875442624092102,-0.31663328409194946,0.07694818079471588,0.37121397256851196,0.10454081743955612,0.10699768364429474,0.003380170091986656,0.34351882338523865,0.4002213180065155,-1.0930702205613008,1.2935008159790553,-1.1047512810083802
-0.0011196066625416279,-0.0017772122519090772,-0.007262939587235451,-0.8447392582893372,0.25095781683921814,-0.1761246919631958,0.32352033257484436,-0.4276752173900604,0.14103329181671143,0.0075605749152600765,0.8986568450927734,0.5544924736022949,-1.4949891930359729,1.3604215434292422,-1.0650062558032938,-0.0009513000259175897,-0.0008316250750795007,-0.00420869467779994,0.2997460663318634,-0.087476946413517,-0.03839128464460373,0.04676087945699692,-0.09471464157104492,0.06662454456090927,0.004394278395920992,0.31460103392601013,0.12488503754138947,-0.15223037718430665,0.745419412025486,-1.3687167107984481,-0.0007812597323209047,-0.005886368919163942,-0.002037938218563795,-0.3763163983821869,-0.8715567588806152,0.02362239547073841,-0.03962484374642372,0.22747252881526947,0.1709899604320526,0.006277969107031822,0.9496226906776428,0.2873176634311676,-0.13797429102023473,0.37037695141071014,0.11215782204018365,-0.0032807178795337677,0.0006191057618707418,-0.002078573452308774,-0.09790696203708649,-0.2767203152179718,0.037614114582538605,0.3751671314239502,0.10529091954231262,0.0874529629945755,0.003932794090360403,0.29593026638031006,0.3993552029132843,-1.0930702205613008,1.2935008159790553,-1.1047512810083802
-0.0013946029357612133,-0.0014871143503114581,-0.0073500266298651695,-0.8364620804786682,0.2656184136867523,-0.1915617287158966,0.3524863123893738,-0.49342578649520874,0.15167725086212158,0.007627537008374929,0.8982860445976257,0.6250772476196289,-1.4949891930359729,1.3604215434292422,-1.0650062558032938,-0.0009053985704667866,-0.0010051794815808535,-0.004784941673278809,0.2662064731121063,-0.07409196346998215,-0.06001938134431839,0.031113673001527786,-0.09116711467504501,0.07138996571302414,0.004972504451870918,0.2827681601047516,0.11990008503198624,-0.15223037718430665,0.745419412025486,-1.3687167107984481,-0.00016509016859345138,-0.005791301839053631,-0.0023877881467342377,-0.3297002911567688,-0.7963510751724243,0.01714291051030159,-0.0630011260509491,0.21657344698905945,0.20224356651306152,0.00626641558483243,0.8620737791061401,0.30294495820999146,-0.13797429102023473,0.37037695141071014,0.11215782204018365,-0.003789842827245593,0.0008059551473706961,-0.0022457812447100878,-0.0841941237449646,-0.23135054111480713,0.0020996034145355225,0.3798007071018219,0.10635136067867279,0.06117355823516846,0.004478393122553825,0.24620342254638672,0.3991257846355438,-1.0930702205613008,1.2935008159790553,-1.1047512810083802
-0.0016905530355870724,-0.0011355802416801453,-0.0073859114199876785,-0.826860785484314,0.2835373282432556,-0.20463433861732483,0.3757157325744629,-0.5424404144287109,0.1599145084619522,0.007661540526896715,0.8977568745613098,0.6789525747299194,-1.4932047387461709,1.3603987105122293,-1.0646086660720886,-0.000947970780543983,-0.0011484879069030285,-0.00531504862010479,0.23115305602550507,-0.060473449528217316,-0.08024108409881592,0.007945377379655838,-0.08838660269975662,0.0785585343837738,0.005519729573279619,0.2520464360713959,0.11851904541254044,-0.15223037718430665,0.745419412025486,-1.3687167107984481,0.00029093268676660955,-0.005666291806846857,-0.002629011869430542,-0.2814490497112274,-0.714713990688324,0.018920214846730232,-0.07805610448122025,0.20859023928642273,0.22813566029071808,0.006253255996853113,0.7683668732643127,0.3188236653804779,-0.13983098706532854,0.3762840186724334,0.10884717756535765,-0.004274105187505484,0.0010372806573286653,-0.0023243315517902374,-0.06910167634487152,-0.18563759326934814,-0.028485771268606186,0.38510772585868835,0.10771351307630539,0.028273627161979675,0.004974579904228449,0.20011946558952332,0.40088599920272827,-1.0930702205613008,1.2935008159790553,-1.1047512810083802
-0.001975969411432743,-0.0007811565883457661,-0.007364056073129177,-0.8168458342552185,0.3038650453090668,-0.21322059631347656,0.3924006521701813,-0.5773375034332275,0.16590335965156555,0.007664462085813284,0.8972369432449341,0.7175101637840271,-1.4932047387461709,1.3603987105122293,-1.0646086660720886,-0.0010689562186598778,-0.001252797432243824,-0.005752278491854668,0.1961020976305008,-0.04776683449745178,-0.09460701048374176,-0.02358410134911537,-0.08647049963474274,0.08838746696710587,0.005983383394777775,0.22290848195552826,0.12587970495224,-0.15223037718430665,0.745419412025486,-1.3687167107984481,0.000600359053350985,-0.005525435786694288,-0.002791382372379303,-0.23561909794807434,-0.6322785019874573,0.02096874825656414,-0.08846177160739899,0.20220881700515747,0.249215766787529,0.006219541188329458,0.675079345703125,0.3328999876976013,-0.13983098706532854,0.3762840186724334,0.10884717756535765,-0.004683544393628836,0.0012753927148878574,-0.0023184423334896564,-0.05396188050508499,-0.14339612424373627,-0.054306309670209885,0.39090868830680847,0.10930807888507843,-0.009782090783119202,0.005379348527640104,0.1625530868768692,0.4060216248035431,-1.0930702205613008,1.2935008159790553,-1.1047512810083802
-0.00220924592576921,-0.0004888519761152565,-0.007287186570465565,-0.8080735206604004,0.32266056537628174,-0.2167816162109375,0.4041305184364319,-0.6000797152519226,0.17003102600574493,0.007630388718098402,0.8967089653015137,0.7431875467300415,-1.4932047387461709,1.3603987105122293,-1.0646086660720886,-0.0012436815304681659,-0.0013170731253921986,-0.00606129365041852,0.16269241273403168,-0.03681475669145584,-0.1008484959602356,-0.06331661343574524,-0.08538661152124405,0.1008078008890152,0.006326192058622837,0.19492194056510925,0.1464994102716446,-0.15223037718430665,0.745419412025486,-1.3687167107984481,0.0007425267831422389,-0.005402135197073221,-0.0028875446878373623,-0.1952291578054428,-0.553026556968689,0.02512325718998909,-0.09394022822380066,0.1976005584001541,0.2659602165222168,0.006170277483761311,0.587012767791748,0.3443916141986847,-0.13983098706532854,0.3762840186724334,0.10884717756535765,-0.004975687712430954,0.0014835870824754238,-0.0022410480305552483,-0.039733853191137314,-0.10625169426202774,-0.07553546875715256,0.39679810404777527,0.11099433898925781,-0.0498989075422287,0.005655156448483467,0.13628576695919037,0.4150402247905731,-1.0930702205613008,1.2935008159790553,-1.1047512810083802
-0.0023555709049105644,-0.0003033612738363445,-0.00716743990778923,-0.8012455701828003,0.3382343351840973,-0.2157783806324005,0.4117366671562195,-0.6132286190986633,0.1726289689540863,0.0075506907887756824,0.8960788249969482,0.7585362195968628,-1.4932047387461709,1.3603987105122293,-1.0646086660720886,-0.0014475516509264708,-0.0013422949705272913,-0.006226094905287027,0.13215871155261993,-0.028028570115566254,-0.09869252145290375,-0.1094302088022232,-0.08501406013965607,0.11521711945533752,0.006531571038067341,0.1673073172569275,0.18021471798419952,-0.15223037718430665,0.745419412025486,-1.3687167107984481,0.0007358686998486519,-0.005309790372848511,-0.002950472990050912,-0.16040213406085968,-0.47878775000572205,0.028688494116067886,-0.09586111456155777,0.19450613856315613,0.2785240113735199,0.006118877790868282,0.5057564377784729,0.35298386216163635,-0.13983098706532854,0.3762840186724334,0.10884717756535765,-0.005120583809912205,0.0016381727764382958,-0.002107359003275633,-0.02685098722577095,-0.07376105338335037,-0.09177054464817047,0.4022550582885742,0.11259680986404419,-0.0881841778755188,0.005774508696049452,0.1207621693611145,0.4269234538078308,-1.0930702205613008,1.2935008159790553,-1.1047512810083802
-0.0023879390209913254,-0.00024159159511327744,-0.007023228332400322,-0.7964810132980347,0.3500743508338928,-0.21118798851966858,0.4157109260559082,-0.6189426183700562,0.17391978204250336,0.007422018330544233,0.8952845335006714,0.765606701374054,-1.4932047387461709,1.3603987105122293,-1.0646086660720886,-0.0016635931096971035,-0.0013278317637741566,-0.006246030796319246,0.10513631999492645,-0.021381080150604248,-0.08953385055065155,-0.15810692310333252,-0.08517520129680634,0.13037724792957306,0.006598755717277527,0.13973942399024963,0.2219253033399582,-0.15223037718430665,0.745419412025486,-1.3687167107984481,0.0006089578382670879,-0.005245523527264595,-0.003003709251061082,-0.12899340689182281,-0.40938451886177063,0.02934654802083969,-0.09570132195949554,0.19282813370227814,0.286291241645813,0.006075246259570122,0.430228054523468,0.35819563269615173,-0.13983098706532854,0.3762840186724334,0.10884717756535765,-0.005105119198560715,0.0017259984742850065,-0.0019298483384773135,-0.015454702079296112,-0.04432317987084389,-0.10272325575351715,0.4068682789802551,0.11397495865821838,-0.12154613435268402,0.005724126938730478,0.11294006556272507,0.4396652579307556,-1.0930702205613008,1.2935008159790553,-1.1047512810083802
-0.0022933215368539095,-0.0002953486400656402,-0.006875181570649147,-0.7936025857925415,0.35833582282066345,-0.20398196578025818,0.4160393476486206,-0.6186753511428833,0.17396005988121033,0.007253597490489483,0.8943256139755249,0.7655782699584961,-1.4932047387461709,1.3603987105122293,-1.0646086660720886,-0.001879032701253891,-0.001269764732569456,-0.006129376124590635,0.08179763704538345,-0.016466379165649414,-0.07631177455186844,-0.2045535147190094,-0.08567595481872559,0.14473898708820343,0.006535465829074383,0.11307290196418762,0.264824241399765,-0.15223037718430665,0.745419412025486,-1.3687167107984481,0.0003942188632208854,-0.0051996964029967785,-0.0030544870533049107,-0.09766373038291931,-0.34298941493034363,0.025867879390716553,-0.09498853981494904,0.19269755482673645,0.28761571645736694,0.006043354980647564,0.3575599193572998,0.3589957654476166,-0.13983098706532854,0.3762840186724334,0.10884717756535765,-0.004935349337756634,0.0017386109102517366,-0.0017209509387612343,-0.005683712661266327,-0.016240708529949188,-0.10896570980548859,0.41045325994491577,0.11505986005067825,-0.14852097630500793,0.00550836743786931,0.11031586676836014,0.45140793919563293,-1.0930702205613008,1.2935008159790553,-1.1047512810083802
-0.0020831916481256485,-0.0004392749397084117,-0.006741022691130638,-0.7923812866210938,0.36340227723121643,-0.1946810483932495,0.412118524312973,-0.6130393743515015,0.17261214554309845,0.007069231476634741,0.8932132720947266,0.7585867643356323,-1.4932047387461709,1.3603987105122293,-1.0646086660720886,-0.002078460995107889,-0.0011595182586461306,-0.005890526808798313,0.061936937272548676,-0.012603148818016052,-0.06300950050354004,-0.24495655298233032,-0.0863504409790039,0.15706253051757812,0.006353171542286873,0.08924808353185654,0.30352717638015747,-0.15223037718430665,0.745419412025486,-1.3687167107984481,0.0001250326749868691,-0.00516696460545063,-0.0030950703658163548,-0.06348446011543274,-0.27647900581359863,0.0182952880859375,-0.09528864920139313,0.1945078819990158,0.27967432141304016,0.006024335045367479,0.2842633128166199,0.35373854637145996,-0.13983098706532854,0.3762840186724334,0.10884717756535765,-0.004638083279132843,0.0016815996496006846,-0.0014901993563398719,0.0020910054445266724,0.011489147320389748,-0.11153249442577362,0.41284382343292236,0.11573472619056702,-0.1694740355014801,0.00515366718173027,0.11214219033718109,0.4610379636287689,-1.096869490908822,1.2946077280932613,-1.1081925121200118
-0.0017964241560548544,-0.0006367377354763448,-0.006630315445363522,-0.7926388382911682,0.3657022714614868,-0.18317195773124695,0.40275469422340393,-0.6018055081367493,0.16954506933689117,0.006898815743625164,0.8919453620910645,0.7437249422073364,-1.4932047387461709,1.3603987105122293,-1.0646086660720886,-0.0022392424289137125,-0.0009873246308416128,-0.0055478597059845924,0.045319296419620514,-0.009103506803512573,-0.053596410900354385,-0.2774961292743683,-0.08708281815052032,0.1667431890964508,0.0060636429116129875,0.0707763209939003,0.3352473974227905,-0.15223037718430665,0.745419412025486,-1.3687167107984481,-0.00016842572949826717,-0.005154842976480722,-0.0031056436710059643,-0.024831127375364304,-0.20671799778938293,0.007681878283619881,-0.09820414334535599,0.19891375303268433,0.2584684491157532,0.006020448170602322,0.2083456963300705,0.3406122028827667,-0.13983098706532854,0.3762840186724334,0.10884717756535765,-0.004253481514751911,0.0015672461595386267,-0.0012714727781713009,0.007700715214014053,0.03846656531095505,-0.11089092493057251,0.41447922587394714,0.11625225096940994,-0.18407073616981506,0.004707972984761,0.11762557178735733,0.4681769609451294,-1.096869490908822,1.2946077280932613,-1.1081925121200118
-0.0014865014236420393,-0.0008446687133982778,-0.006545337848365307,-0.7942767143249512,0.36561423540115356,-0.16882598400115967,0.38625940680503845,-0.5840243697166443,0.16426624357700348,0.00676495349034667,0.8905344009399414,0.7192108035087585,-1.4932047387461709,1.3603987105122293,-1.0646086660720886,-0.0023372662253677845,-0.0007552739698439837,-0.005119444336742163,0.03246251493692398,-0.005644496530294418,-0.050868675112724304,-0.30169788002967834,-0.08834011852741241,0.1739620864391327,0.005678200628608465,0.06060773506760597,0.35928875207901,-0.15058232051032952,0.7462124533677195,-1.3689714381617752,-0.000464574754005298,-0.0051859160885214806,-0.0030584833584725857,0.018883531913161278,-0.13199888169765472,-0.004747994244098663,-0.10535091906785965,0.20678570866584778,0.21903470158576965,0.006038532592356205,0.13342727720737457,0.3191165030002594,-0.13983098706532854,0.3762840186724334,0.10884717756535765,-0.0038350659888237715,0.0014252238906919956,-0.0010731193469837308,0.009974353015422821,0.0633423924446106,-0.10656251013278961,0.4153894782066345,0.11654417216777802,-0.19377228617668152,0.004229725804179907,0.12436766177415848,0.47294676303863525,-1.096869490908822,1.2946077280932613,-1.1081925121200118
-0.0012034294195473194,-0.0010231058113276958,-0.006486942060291767,-0.7972701191902161,0.36339715123176575,-0.1508285403251648,0.36066582798957825,-0.5582744479179382,0.1561918556690216,0.006676481571048498,0.8890705108642578,0.6827489137649536,-1.4932047387461709,1.3603987105122293,-1.0646086660720886,-0.002348055597394705,-0.00046418141573667526,-0.004634439945220947,0.025184951722621918,-0.0027753226459026337,-0.055432822555303574,-0.31894731521606445,-0.08903557062149048,0.17849242687225342,0.005216019693762064,0.06094901263713837,0.3761838376522064,-0.15058232051032952,0.7462124533677195,-1.3689714381617752,-0.0007515056058764458,-0.005288773216307163,-0.0029281280003488064,0.0676170364022255,-0.05230724811553955,-0.01868528686463833,-0.11827930063009262,0.2191077619791031,0.15594585239887238,0.006091782357543707,0.08750572800636292,0.2937980890274048,-0.13983098706532854,0.3762840186724334,0.10884717756535765,-0.0034334580413997173,0.0012791457120329142,-0.0009070790838450193,0.0074472129344940186,0.08403239399194717,-0.09770551323890686,0.41576847434043884,0.11666984111070633,-0.1995629519224167,0.0037746045272797346,0.12908630073070526,0.4757106900215149,-1.096869490908822,1.2946077280932613,-1.1081925121200118
-0.0009844088926911354,-0.0011462371330708265,-0.006458299700170755,-0.8016300797462463,0.35913917422294617,-0.12872818112373352,0.324098140001297,-0.5230529308319092,0.1447645127773285,0.006632688455283642,0.8877852559089661,0.6321239471435547,-1.4932047387461709,1.3603987105122293,-1.0646086660720886,-0.002277742139995098,-0.00013912073336541653,-0.004133316688239574,0.02580815926194191,-0.0013606734573841095,-0.0657377690076828,-0.33017051219940186,-0.08963921666145325,0.18100783228874207,0.004721416160464287,0.07063544541597366,0.38705503940582275,-0.15058232051032952,0.7462124533677195,-1.3689714381617752,-0.0010194563074037433,-0.005475878249853849,-0.002703840145841241,0.1208428144454956,0.03128456696867943,-0.03520069271326065,-0.1383066326379776,0.23680035769939423,0.0642027035355568,0.006191549357026815,0.12969502806663513,0.2816471755504608,-0.13983098706532854,0.3762840186724334,0.10884717756535765,-0.0030912398360669613,0.0011482570553198457,-0.0007864410290494561,-0.0010403059422969818,0.09835109859704971,-0.08388914167881012,0.4158098101615906,0.11669112741947174,-0.20222169160842896,0.003390095429494977,0.12927262485027313,0.47687339782714844,-1.096869490908822,1.2946077280932613,-1.1081925121200118
-0.0008538560941815376,-0.001205919310450554,-0.006465870887041092,-0.8073374032974243,0.3527703285217285,-0.10297903418540955,0.27533310651779175,-0.47733667492866516,0.12963029742240906,0.006632555741816759,0.8870429992675781,0.566094160079956,-1.4932047387461709,1.3603987105122293,-1.0646086660720886,-0.0021538869477808475,0.00019267608877271414,-0.0036831710021942854,0.03596264868974686,-0.00238998606801033,-0.07852800190448761,-0.3366435170173645,-0.09012839943170547,0.1820313185453415,0.004271077457815409,0.08640411496162415,0.39317601919174194,-0.15058232051032952,0.7462124533677195,-1.3689714381617752,-0.001250237924978137,-0.005718760658055544,-0.0023960669059306383,0.17781196534633636,0.11657987534999847,-0.05620412528514862,-0.16622969508171082,0.2604500353336334,-0.0593780055642128,0.006325223483145237,0.2199246883392334,0.314630389213562,-0.13983098706532854,0.3762840186724334,0.10884717756535765,-0.0028428048826754093,0.0010486075188964605,-0.0007300761062651873,-0.015532458201050758,0.10451599210500717,-0.06558879464864731,0.41569599509239197,0.11666909605264664,-0.2021913230419159,0.003116749692708254,0.12436534464359283,0.47675588726997375,-1.096869490908822,1.2946077280932613,-1.1081925121200118
-0.0008242938201874495,-0.001207598950713873,-0.006518865004181862,-0.8142540454864502,0.3442031145095825,-0.07516801357269287,0.21458691358566284,-0.4213383197784424,0.11088386178016663,0.006680820137262344,0.8872066736221313,0.48566320538520813,-1.4932047387461709,1.3603987105122293,-1.0646086660720886,-0.0020107210148125887,0.0004962376551702619,-0.0033666659146547318,0.05539293587207794,-0.006434589624404907,-0.08963438123464584,-0.33944669365882874,-0.09046939015388489,0.18210755288600922,0.003952681086957455,0.1055656373500824,0.3956916928291321,-0.15058232051032952,0.7462124533677195,-1.3689714381617752,-0.0014140367275103927,-0.005944472271949053,-0.002035953337326646,0.2376226782798767,0.19952552020549774,-0.0832122415304184,-0.20189246535301208,0.28992873430252075,-0.21418890357017517,0.006440602242946625,0.3212464153766632,0.41315388679504395,-0.13983098706532854,0.3762840186724334,0.10884717756535765,-0.0027140434831380844,0.00099201500415802,-0.0007576433126814663,-0.034704774618148804,0.1016673669219017,-0.04458267241716385,0.4155958592891693,0.1166629046201706,-0.19951769709587097,0.0029873312450945377,0.11631117761135101,0.47553911805152893,-1.096869490908822,1.2946077280932613,-1.1081925121200118
-0.0008938293904066086,-0.0011656897841021419,-0.006622836925089359,-0.8220483660697937,0.3335314095020294,-0.04789647459983826,0.14454445242881775,-0.3574712872505188,0.08938804268836975,0.006783784367144108,0.8884260058403015,0.3958144187927246,-1.4932047387461709,1.3603987105122293,-1.0646086660720886,-0.0018741125240921974,0.0007275531534105539,-0.0032594238873571157,0.08126305043697357,-0.013334052637219429,-0.09466636180877686,-0.339316725730896,-0.09060735255479813,0.18177546560764313,0.0038295527920126915,0.12547190487384796,0.39545902609825134,-0.15058232051032952,0.7462124533677195,-1.3689714381617752,-0.001476809848099947,-0.006063887849450111,-0.0016711940988898277,0.29844021797180176,0.2743276357650757,-0.11584952473640442,-0.24359703063964844,0.3238948881626129,-0.393223375082016,0.006461005657911301,0.4215961992740631,0.5646875500679016,-0.13983098706532854,0.3762840186724334,0.10884717756535765,-0.0027158819139003754,0.0009839101694524288,-0.0008743050857447088,-0.05602850019931793,0.09063607454299927,-0.024100519716739655,0.4156654477119446,0.11672966182231903,-0.1938498318195343,0.003018029732629657,0.10924708843231201,0.4732666611671448,-1.096869490908822,1.2946077280932613,-1.1081925121200118
-0.0010434598661959171,-0.0010998976649716496,-0.006768376566469669,-0.8302023410797119,0.3211246728897095,-0.024335503578186035,0.07088005542755127,-0.29084381461143494,0.06693430244922638,0.006936101708561182,0.8904769420623779,0.3067479431629181,-1.4932047387461709,1.3603987105122293,-1.0646086660720886,-0.0017686816863715649,0.0008452561451122165,-0.003406433155760169,0.10813180357217789,-0.02203553542494774,-0.08999961614608765,-0.3365790843963623,-0.0904596745967865,0.1815609484910965,0.003930200822651386,0.14240078628063202,0.39297938346862793,-0.15058232051032952,0.7462124533677195,-1.3689714381617752,-0.0014164771419018507,-0.006005105096846819,-0.0013579929945990443,0.3564107418060303,0.334731787443161,-0.1508309692144394,-0.2878151535987854,0.35954219102859497,-0.581771731376648,0.006317581981420517,0.5116873979568481,0.7420016527175903,-0.13983098706532854,0.3762840186724334,0.10884717756535765,-0.0028362497687339783,0.0010231906780973077,-0.0010587670840322971,-0.07591135799884796,0.0744539201259613,-0.008410658687353134,0.41604840755462646,0.1169239729642868,-0.18450012803077698,0.003195656230673194,0.10666143149137497,0.4699019193649292,-1.096869490908822,1.2946077280932613,-1.1081925121200118
-0.0012389824260026217,-0.001029950100928545,-0.006928977556526661,-0.8380762934684753,0.3077043890953064,-0.007340073585510254,0.0007345303893089294,-0.2278953194618225,0.04577130824327469,0.007113832049071789,0.8928089141845703,0.23244747519493103,-1.4932047387461709,1.3603987105122293,-1.0646086660720886,-0.001729592215269804,0.0008295641746371984,-0.0038043190725147724,0.12892693281173706,-0.030681084841489792,-0.07407692074775696,-0.33114761114120483,-0.0899139791727066,0.1819782853126526,0.004260576330125332,0.15182514488697052,0.3884061872959137,-0.15058232051032952,0.7462124533677195,-1.3689714381617752,-0.0012408136390149593,-0.0057197450660169125,-0.001148149254731834,0.4058714509010315,0.37563908100128174,-0.18227483332157135,-0.33013594150543213,0.3933446407318115,-0.7613786458969116,0.0059643397107720375,0.5822889804840088,0.9183720350265503,-0.13983098706532854,0.3762840186724334,0.10884717756535765,-0.003039001952856779,0.0011040042154490948,-0.001270908978767693,-0.08998990803956985,0.057718925178050995,-0.0019148588180541992,0.41687238216400146,0.11729583889245987,-0.17057150602340698,0.003474128432571888,0.10692672431468964,0.4654412269592285,-1.096869490908822,1.2946077280932613,-1.1081925121200118
-0.001439492218196392,-0.0009706604760140181,-0.007075952365994453,-0.8449362516403198,0.29455941915512085,0.0016554296016693115,-0.06021936237812042,-0.1737464815378189,0.027695108205080032,0.007285837084054947,0.894810140132904,0.1859602928161621,-1.4932047387461709,1.3603987105122293,-1.0646086660720886,-0.0017876739148050547,0.0006907704519107938,-0.00439186068251729,0.13665896654129028,-0.03705614432692528,-0.04779648035764694,-0.32258301973342896,-0.08883235603570938,0.1835290938615799,0.0047918036580085754,0.14944341778755188,0.3816201388835907,-0.15058232051032952,0.7462124533677195,-1.3689714381617752,-0.0009903475875034928,-0.0051828185096383095,-0.0010712859220802784,0.440741628408432,0.3953651189804077,-0.20330622792243958,-0.3670659065246582,0.42249006032943726,-0.9174339175224304,0.005384240765124559,0.626019299030304,1.0746721029281616,-0.13983098706532854,0.3762840186724334,0.10884717756535765,-0.003271880792453885,0.001216550706885755,-0.0014747550012543797,-0.09416544437408447,0.045136455446481705,-0.007497187703847885,0.41824060678482056,0.11788617819547653,-0.15116508305072784,0.0037894723936915398,0.10469307005405426,0.4600796103477478,-1.096869490908822,1.2946077280932613,-1.1081925121200118
-0.0016096315812319517,-0.0009287075372412801,-0.007196855265647173,-0.8500058054924011,0.2835022807121277,0.002933204174041748,-0.1092977523803711,-0.13081598281860352,0.013570450246334076,0.007432909216731787,0.8960424065589905,0.17100578546524048,-1.4932047387461709,1.3603987105122293,-1.0646086660720886,-0.0019368621287867427,0.0004638859536498785,-0.005060501396656036,0.12637755274772644,-0.039305880665779114,-0.013639464974403381,-0.31021302938461304,-0.08706455677747726,0.1866885870695114,0.00543831754475832,0.1330498903989792,0.37237748503685,-0.15058232051032952,0.7462124533677195,-1.3689714381617752,-0.0007221587002277374,-0.0044247182086110115,-0.0011206497438251972,0.4556209146976471,0.3977373540401459,-0.20809519290924072,-0.39696359634399414,0.4456288814544678,-1.0431169271469116,0.004621201194822788,0.6396006941795349,1.201772928237915,-0.13983098706532854,0.3762840186724334,0.10884717756535765,-0.003480295417830348,0.001345910131931305,-0.0016546074766665697,-0.08618993312120438,0.040197212249040604,-0.02453044429421425,0.4202125072479248,0.11871837824583054,-0.12568388879299164,0.0040818690322339535,0.09821539372205734,0.45438864827156067,-1.096869490908822,1.2946077280932613,-1.1081925121200118
-0.0017307144589722157,-0.0009000746649689972,-0.007297292351722717,-0.8527220487594604,0.27605170011520386,-0.0020771026611328125,-0.14625567197799683,-0.09931111335754395,0.0035036951303482056,0.007553541101515293,0.8962944149971008,0.17682108283042908,-1.4939117063057525,1.3604537990850352,-1.0655804527701767,-0.002128333318978548,0.00019619660452008247,-0.005690149962902069,0.09661073982715607,-0.03648032620549202,0.025089848786592484,-0.29332002997398376,-0.08447220921516418,0.19186733663082123,0.006078330799937248,0.10627299547195435,0.3605346977710724,-0.15058232051032952,0.7462124533677195,-1.3689714381617752,-0.0004902660148218274,-0.003556888783350587,-0.001260707387700677,0.4468590021133423,0.3910260498523712,-0.19345614314079285,-0.4197235107421875,0.46262985467910767,-1.1380643844604492,0.0038054173346608877,0.624507486820221,1.2982237339019775,-0.13983098706532854,0.3762840186724334,0.10884717756535765,-0.0036231419071555138,0.0014728243695572019,-0.0018101467285305262,-0.06665632128715515,0.04438142478466034,-0.04855876415967941,0.42277467250823975,0.11978565901517868,-0.09425029158592224,0.0043096402660012245,0.09365217387676239,0.44941091537475586,-1.096869490908822,1.2946077280932613,-1.1081925121200118
-0.0017982430290430784,-0.0008707742090336978,-0.00738607719540596,-0.8526586294174194,0.2737153172492981,-0.012005090713500977,-0.17235714197158813,-0.0779973641037941,-0.002958528697490692,0.007651539985090494,0.8955953121185303,0.18920710682868958,-1.4939117063057525,1.3604537990850352,-1.0655804527701767,-0.0023018517531454563,-6.558187305927277e-05,-0.006185455247759819,0.04931602627038956,-0.028552277013659477,0.06447213888168335,-0.27141109108924866,-0.08096791058778763,0.19934023916721344,0.006600202992558479,0.0860462635755539,0.3463470935821533,-0.15058232051032952,0.7462124533677195,-1.3689714381617752,-0.00033516972325742245,-0.002731689950451255,-0.0014500595862045884,0.414095014333725,0.3838764429092407,-0.15987259149551392,-0.43614453077316284,0.4740920662879944,-1.2057147026062012,0.0031108104158192873,0.5868517756462097,1.3670161962509155,-0.13983098706532854,0.3762840186724334,0.10884717756535765,-0.0036838995292782784,0.0015797953819856048,-0.001940256217494607,-0.038557473570108414,0.057255834341049194,-0.07325596362352371,0.4257987439632416,0.12103350460529327,-0.058243393898010254,0.004453253000974655,0.10065458714962006,0.44648176431655884,-1.096869490908822,1.2946077280932613,-1.1081925121200118
-0.0018244653474539518,-0.0008264974458143115,-0.007461252622306347,-0.8499106764793396,0.2768126428127289,-0.02431321144104004,-0.18940803408622742,-0.06507249176502228,-0.006473951041698456,0.00772541668266058,0.8941837549209595,0.20037899911403656,-1.4939117063057525,1.3604537990850352,-1.0655804527701767,-0.0024165064096450806,-0.0002823437098413706,-0.006490228697657585,-0.011009179055690765,-0.016200806945562363,0.10028047859668732,-0.2445799857378006,-0.07657083868980408,0.2091340720653534,0.006931254640221596,0.10217554867267609,0.33078622817993164,-0.15058232051032952,0.7462124533677195,-1.3689714381617752,-0.00028268294408917427,-0.0020621600560843945,-0.00166590407025069,0.3615545928478241,0.38258305191993713,-0.10878671705722809,-0.445985347032547,0.48954707384109497,-1.248456358909607,0.0026660177391022444,0.5375184416770935,1.4132241010665894,-0.13727199361898526,0.3761317810261743,0.11624978113658385,-0.0036693979054689407,0.0016556032933294773,-0.002038978971540928,-0.005818728357553482,0.0774465799331665,-0.09269459545612335,0.42902249097824097,0.12235072255134583,-0.020572349429130554,0.004512531217187643,0.12093022465705872,0.44660183787345886,-1.096869490908822,1.2946077280932613,-1.1081925121200118
-0.0018265629187226295,-0.0007632808992639184,-0.007519326638430357,-0.8446856737136841,0.2855696976184845,-0.03623279929161072,-0.1993098258972168,-0.05851668491959572,-0.007842712104320526,0.00777555163949728,0.8923882246017456,0.20787042379379272,-1.4939117063057525,1.3604537990850352,-1.0655804527701767,-0.0024557565338909626,-0.0004232381470501423,-0.0065874382853507996,-0.07796362787485123,-0.0007471181452274323,0.1287831813097,-0.21397024393081665,-0.07148082554340363,0.2208690196275711,0.0070430259220302105,0.1505456566810608,0.31571489572525024,-0.15058232051032952,0.7462124533677195,-1.3689714381617752,-0.00035132907214574516,-0.0016339131398126483,-0.0018394723301753402,0.29648199677467346,0.38716986775398254,-0.05307198688387871,-0.4533909559249878,0.4931308627128601,-1.2773513793945312,0.002485309261828661,0.49052903056144714,1.4423481225967407,-0.13727199361898526,0.3761317810261743,0.11624978113658385,-0.003597957780584693,0.0016908387187868357,-0.0021018737461417913,0.027976512908935547,0.10332317650318146,-0.10273173451423645,0.432121217250824,0.12359640002250671,0.015103355050086975,0.004496899899095297,0.14836500585079193,0.4497031569480896,-1.096869490908822,1.2946077280932613,-1.1081925121200118
-0.0018228893168270588,-0.0006906819762662053,-0.0075610182248055935,-0.8373832702636719,0.2997811436653137,-0.044991761445999146,-0.20364397764205933,-0.05641460418701172,-0.007906973361968994,0.0078082624822855,0.8905636668205261,0.21146158874034882,-1.4939117063057525,1.3604537990850352,-1.0655804527701767,-0.0024173641577363014,-0.0004673614166676998,-0.006487508304417133,-0.144083172082901,0.01590907759964466,0.14794228971004486,-0.182012140750885,-0.06611551344394684,0.2336786985397339,0.006939008366316557,0.20712310075759888,0.30348873138427734,-0.15058232051032952,0.7462124533677195,-1.3689714381617752,-0.0005410934099927545,-0.0014457686338573694,-0.001948671299032867,0.22738061845302582,0.3976798951625824,0.003863142803311348,-0.45802170038223267,0.49416154623031616,-1.2943360805511475,0.0024860305711627007,0.4581115245819092,1.4592070579528809,-0.13727199361898526,0.3761317810261743,0.11624978113658385,-0.003486727364361286,0.0016735433600842953,-0.002118854783475399,0.05991441756486893,0.13257049024105072,-0.10201922804117203,0.43484339118003845,0.12465207278728485,0.045881301164627075,0.004409938585013151,0.17768679559230804,0.45467790961265564,-1.096869490908822,1.2946077280932613,-1.1081925121200118
-0.0018267252016812563,-0.0006225399556569755,-0.007575929164886475,-0.8286901712417603,0.318476140499115,-0.0483020544052124,-0.20344561338424683,-0.057114437222480774,-0.007513031363487244,0.007817876525223255,0.8890936970710754,0.21144412457942963,-1.4939117063057525,1.3604537990850352,-1.0655804527701767,-0.002304073888808489,-0.0004126257263123989,-0.006203474011272192,-0.2025035321712494,0.031650643795728683,0.15826821327209473,-0.15177148580551147,-0.060998715460300446,0.24646428227424622,0.006630392745137215,0.2589561343193054,0.29580411314964294,-0.15058232051032952,0.7462124533677195,-1.3689714381617752,-0.0008411735761910677,-0.0014747290406376123,-0.001950388541445136,0.1606096774339676,0.4114369750022888,0.05718313530087471,-0.4605764150619507,0.4935626983642578,-1.3027052879333496,0.0025858101435005665,0.4453602731227875,1.4672340154647827,-0.13727199361898526,0.3761317810261743,0.11624978113658385,-0.0033462652936577797,0.0015974564012140036,-0.002064709085971117,0.08729712665081024,0.16161103546619415,-0.09234874695539474,0.4370803236961365,0.12544873356819153,0.07040247321128845,0.004244099836796522,0.2055899053812027,0.46014466881752014,-1.096869490908822,1.2946077280932613,-1.1081925121200118
-0.0018419302068650723,-0.000567292794585228,-0.007535941898822784,-0.819582462310791,0.3397807478904724,-0.04488855600357056,-0.19910085201263428,-0.05928973853588104,-0.0075011104345321655,0.007778492756187916,0.8883588314056396,0.20787662267684937,-1.4939117063057525,1.3604537990850352,-1.0655804527701767,-0.002125729341059923,-0.0002851560711860657,-0.005746863782405853,-0.24874958395957947,0.044743604958057404,0.1623721718788147,-0.12568321824073792,-0.05654621124267578,0.2583743929862976,0.0061340429820120335,0.3004048466682434,0.2928328514099121,-0.15058232051032952,0.7462124533677195,-1.3689714381617752,-0.00123824633192271,-0.001697026425972581,-0.0018145103240385652,0.10022717714309692,0.42526015639305115,0.10328478366136551,-0.4612830579280853,0.4920884966850281,-1.3039467334747314,0.002775896340608597,0.44895368814468384,1.468063473701477,-0.13727199361898526,0.3761317810261743,0.11624978113658385,-0.0031802868470549583,0.0014779294142499566,-0.0019166641868650913,0.10739555954933167,0.1862105131149292,-0.07726255059242249,0.4388880729675293,0.12559129297733307,0.08889204263687134,0.003996510989964008,0.2284242957830429,0.4650781750679016,-1.0950722498568521,1.2948371110103274,-1.1055670327277076
-0.001863738987594843,-0.000530860444996506,-0.00741923414170742,-0.8113290071487427,0.3608678877353668,-0.03466421365737915,-0.19034713506698608,-0.06193874776363373,-0.008704565465450287,0.0076681398786604404,0.8886405229568481,0.20036019384860992,-1.4939117063057525,1.3604537990850352,-1.0655804527701767,-0.0019105306128039956,-0.00013661105185747147,-0.00515739293769002,-0.28124871850013733,0.05425503849983215,0.16325634717941284,-0.10489234328269958,-0.05295466631650925,0.26903700828552246,0.0055015902034938335,0.32969242334365845,0.2935771048069,-0.15058232051032952,0.7462124533677195,-1.3689714381617752,-0.0017138750990852714,-0.0020914142951369286,-0.0015464092139154673,0.04800211265683174,0.43778637051582336,0.13923877477645874,-0.4598424434661865,0.490328311920166,-1.2975482940673828,0.003114925930276513,0.461896687746048,1.461337924003601,-0.13727199361898526,0.3761317810261743,0.11624978113658385,-0.0029980025719851255,0.001332319574430585,-0.0016764783067628741,0.11734218895435333,0.2029953896999359,-0.06065818667411804,0.44025513529777527,0.12580253183841705,0.10144214332103729,0.00368424691259861,0.2421894520521164,0.4689790904521942,-1.0950722498568521,1.2948371110103274,-1.1055670327277076
-0.0018821728881448507,-0.0005251686088740826,-0.0072341784834861755,-0.8053053021430969,0.3783937096595764,-0.018649548292160034,-0.1763676553964615,-0.06434894353151321,-0.01194164901971817,0.0074934447184205055,0.8899698257446289,0.18811948597431183,-1.4939117063057525,1.3604537990850352,-1.0655804527701767,-0.0017004539258778095,-2.545677125453949e-05,-0.004510804079473019,-0.30047085881233215,0.059870392084121704,0.16293412446975708,-0.08935093879699707,-0.05027439445257187,0.27846795320510864,0.00482074124738574,0.34700825810432434,0.2967414855957031,-0.1501098667431942,0.7465411033137167,-1.3691251199471666,-0.0022341953590512276,-0.00261080265045166,-0.0011891517788171768,0.004634566605091095,0.45065435767173767,0.16212046146392822,-0.4554164409637451,0.4887318015098572,-1.2809780836105347,0.003636206965893507,0.4789507985115051,1.4447033405303955,-0.13727199361898526,0.3761317810261743,0.11624978113658385,-0.0028034336864948273,0.001174237229861319,-0.0013799035223200917,0.11637362837791443,0.20996369421482086,-0.044845517724752426,0.44135329127311707,0.12573571503162384,0.10941700637340546,0.0033379944507032633,0.244210347533226,0.4717777967453003,-1.0950722498568521,1.2948371110103274,-1.1055670327277076
-0.0018869990017265081,-0.0005698938621208072,-0.007017513271421194,-0.8024245500564575,0.3898013234138489,0.0011289715766906738,-0.15598538517951965,-0.06604842096567154,-0.01798107847571373,0.007289103697985411,0.8920938372612,0.17034423351287842,-1.4939117063057525,1.3604537990850352,-1.0655804527701767,-0.0015147961676120758,1.6190228052437305e-05,-0.003889538114890456,-0.30819693207740784,0.06233937665820122,0.1617753654718399,-0.0787527859210968,-0.04834146797657013,0.28670740127563477,0.004174131900072098,0.353613942861557,0.30123084783554077,-0.1501098667431942,0.7465411033137167,-1.3691251199471666,-0.0027553008403629065,-0.0031774563249200583,-0.0008007091237232089,-0.027847755700349808,0.4666680693626404,0.16900137066841125,-0.44666722416877747,0.4876415729522705,-1.2498445510864258,0.004281243775039911,0.49710768461227417,1.414007544517517,-0.13727199361898526,0.3761317810261743,0.11624978113658385,-0.0026046722196042538,0.00098661077208817,-0.0010795218404382467,0.10557930171489716,0.20674008131027222,-0.0313928946852684,0.44230443239212036,0.1254090964794159,0.11397914588451385,0.00298715359531343,0.2342519313097,0.47365802526474,-1.0950722498568521,1.2948371110103274,-1.1055670327277076
-0.0018715383484959602,-0.000682925689034164,-0.00681561604142189,-0.8027951717376709,0.3941170275211334,0.021745502948760986,-0.12797127664089203,-0.06676007807254791,-0.027465641498565674,0.0071008214727044106,0.8945843577384949,0.14692828059196472,-1.4939117063057525,1.3604537990850352,-1.0655804527701767,-0.0013449590187519789,-1.2184842489659786e-05,-0.0033562728203833103,-0.30693319439888,0.062319315969944,0.15948942303657532,-0.07212509214878082,-0.04706387221813202,0.29383429884910583,0.003615747671574354,0.3514662981033325,0.3061954081058502,-0.1501098667431942,0.7465411033137167,-1.3691251199471666,-0.0032344814389944077,-0.0037166711408644915,-0.0004319488361943513,-0.04650673270225525,0.48791348934173584,0.15880107879638672,-0.43186521530151367,0.48732277750968933,-1.1982959508895874,0.004945917055010796,0.515208899974823,1.3637831211090088,-0.13727199361898526,0.3761317810261743,0.11624978113658385,-0.0024108458310365677,0.0007478618645109236,-0.0008294680155813694,0.08771111071109772,0.19505296647548676,-0.021771691739559174,0.44320979714393616,0.12485098838806152,0.11620719730854034,0.002656970638781786,0.2149718701839447,0.474896639585495,-1.0950722498568521,1.2948371110103274,-1.1055670327277076
-0.0018352132756263018,-0.0008628052892163396,-0.006665083579719067,-0.8059560060501099,0.3914610743522644,0.03953525424003601,-0.0914885401725769,-0.06636843085289001,-0.040777452290058136,0.0069667622447013855,0.8968666791915894,0.12015707790851593,-1.4939117063057525,1.3604537990850352,-1.0655804527701767,-0.001168775837868452,-8.435349445790052e-05,-0.0029562946874648333,-0.29929983615875244,0.06071639806032181,0.1552392691373825,-0.06855352222919464,-0.04630155861377716,0.29964250326156616,0.00318006775341928,0.3425873816013336,0.31085214018821716,-0.1501098667431942,0.7465411033137167,-1.3691251199471666,-0.003629942424595356,-0.004177130293101072,-0.00011319105396978557,-0.050072602927684784,0.5154637098312378,0.13389849662780762,-0.40909236669540405,0.4879840910434723,-1.1197395324707031,0.0055351341143250465,0.5349195599555969,1.2881388664245605,-0.13727199361898526,0.3761317810261743,0.11624978113658385,-0.002234173472970724,0.0004631670599337667,-0.0006702688988298178,0.06649155914783478,0.17870298027992249,-0.017636626958847046,0.44412922859191895,0.12410641461610794,0.11698806285858154,0.002378090750426054,0.19148612022399902,0.4757513999938965,-1.0950722498568521,1.2948371110103274,-1.1055670327277076
-0.0017872375901788473,-0.0010779218282550573,-0.006584950722754002,-0.8110936284065247,0.382758766412735,0.05088895559310913,-0.046694234013557434,-0.06490584462881088,-0.05783333629369736,0.006907800678163767,0.8983133435249329,0.09868036955595016,-1.4939117063057525,1.3604537990850352,-1.0655804527701767,-0.0009768701856955886,-0.00016783620230853558,-0.0027156269643455744,-0.28738173842430115,0.05826660990715027,0.14826223254203796,-0.0672096312046051,-0.04593867063522339,0.3035314083099365,0.002890860429033637,0.32858020067214966,0.3142591416835785,-0.1501098667431942,0.7465411033137167,-1.3691251199471666,-0.0039046863093972206,-0.004524548538029194,0.00015260474174283445,-0.03946617990732193,0.5487093925476074,0.09922625124454498,-0.376575767993927,0.4897816777229309,-1.0080019235610962,0.00597841152921319,0.5590039491653442,1.1822704076766968,-0.13727199361898526,0.3761317810261743,0.11624978113658385,-0.002091658068820834,0.00017147754260804504,-0.0006201756186783314,0.04559352993965149,0.16230905055999756,-0.02023342251777649,0.4450607895851135,0.12324845790863037,0.11696028709411621,0.002188391052186489,0.1698010265827179,0.47639164328575134,-1.0950722498568521,1.2948371110103274,-1.1055670327277076
-0.0017445322591811419,-0.001273610396310687,-0.006581428926438093,-0.8169790506362915,0.37022852897644043,0.053636521100997925,0.004490427672863007,-0.06256047636270523,-0.07780393958091736,0.006926808971911669,0.8985548615455627,0.09993713349103928,-1.4939117063057525,1.3604537990850352,-1.0655804527701767,-0.0007757332059554756,-0.0002386164851486683,-0.002638057339936495,-0.27268117666244507,0.055435702204704285,0.1384255588054657,-0.06743520498275757,-0.04590103030204773,0.30438923835754395,0.0027600808534771204,0.31078895926475525,0.31513047218322754,-0.1501098667431942,0.7465411033137167,-1.3691251199471666,-0.004040697123855352,-0.004741561133414507,0.00038117129588499665,-0.01680353656411171,0.5849013924598694,0.06015598401427269,-0.3331882357597351,0.4928037226200104,-0.8590578436851501,0.006241388153284788,0.5882267951965332,1.0449163913726807,-0.13727199361898526,0.3761317810261743,0.11624978113658385,-0.0019990766886621714,-7.139833178371191e-05,-0.0006755485665053129,0.02767990529537201,0.1499292552471161,-0.029558146372437477,0.44592177867889404,0.1223931610584259,0.11649070680141449,0.0021113434340804815,0.1553017795085907,0.47686100006103516,-1.0950722498568521,1.2948371110103274,-1.1055670327277076
-0.0017215851694345474,-0.0013928890693932772,-0.006650861352682114,-0.8220562934875488,0.3574015498161316,0.04792821407318115,0.05798593536019325,-0.059672173112630844,-0.09897635132074356,0.0070098466239869595,0.8976688981056213,0.1293037384748459,-1.4939117063057525,1.3604537990850352,-1.0655804527701767,-0.0005833083996549249,-0.0002869722666218877,-0.002705859486013651,-0.25636187195777893,0.052450817078351974,0.12648822367191315,-0.06877762079238892,-0.046164385974407196,0.30052268505096436,0.002782854251563549,0.290640264749527,0.31172966957092285,-0.1501098667431942,0.7465411033137167,-1.3691251199471666,-0.004046107642352581,-0.004831982310861349,0.0005910062463954091,0.015118653886020184,0.6205459833145142,0.0211804136633873,-0.2791481614112854,0.4970317780971527,-0.6734355092048645,0.006329954601824284,0.6210914254188538,0.8823149800300598,-0.13727199361898526,0.3761317810261743,0.11624978113658385,-0.001962481765076518,-0.00021579953317996114,-0.0008115368545986712,0.013842293992638588,0.14442069828510284,-0.044107284396886826,0.44652968645095825,0.12171657383441925,0.1156713217496872,0.0021345950663089752,0.15163904428482056,0.47705715894699097,-1.0950722498568521,1.2948371110103274,-1.1055670327277076
-0.001724401256069541,-0.0013987210113555193,-0.006774229928851128,-0.8249027729034424,0.3480782210826874,0.036189258098602295,0.10864783078432083,-0.05664636939764023,-0.11920821666717529,0.007128826808184385,0.8960650563240051,0.17094959318637848,-1.4939117063057525,1.3604537990850352,-1.0655804527701767,-0.00042932192445732653,-0.00031325314193964005,-0.0028800349682569504,-0.2393912971019745,0.04941610246896744,0.11362756788730621,-0.07098980993032455,-0.046755656599998474,0.28965651988983154,0.002928659552708268,0.26955774426460266,0.30187174677848816,-0.1501098667431942,0.7465411033137167,-1.3691251199471666,-0.003954125102609396,-0.004811473190784454,0.0007955902838148177,0.05312824249267578,0.6529682874679565,-0.014403264969587326,-0.21693530678749084,0.5022764801979065,-0.4593636691570282,0.006278403103351593,0.6552844047546387,0.7143931984901428,-0.13727199361898526,0.3761317810261743,0.11624978113658385,-0.001978050684556365,-0.00023312310804612935,-0.000982858706265688,0.003636348992586136,0.14705464243888855,-0.06117109954357147,0.44658592343330383,0.12147080898284912,0.11432826519012451,0.0022210453171283007,0.15931162238121033,0.476723313331604,-1.0950722498568521,1.2948371110103274,-1.1055670327277076
-0.001753967721015215,-0.0012855547247454524,-0.006917089223861694,-0.8247522115707397,0.34489205479621887,0.022074878215789795,0.15238907933235168,-0.0538126602768898,-0.13679029047489166,0.00725087383762002,0.894233763217926,0.21173052489757538,-1.4939117063057525,1.3604537990850352,-1.0655804527701767,-0.00035055092303082347,-0.0003186954418197274,-0.0031051691621541977,-0.2224263846874237,0.04638848081231117,0.10073195397853851,-0.07400462031364441,-0.04774698615074158,0.2690395414829254,0.003141102846711874,0.24854037165641785,0.2830878496170044,-0.1501098667431942,0.7465411033137167,-1.3691251199471666,-0.0038207564502954483,-0.004696889314800501,0.001003952813334763,0.09406721591949463,0.6803905963897705,-0.04446997866034508,-0.15174788236618042,0.5081449747085571,-0.23434773087501526,0.006137333810329437,0.6883004903793335,0.5797910094261169,-0.13727199361898526,0.3761317810261743,0.11624978113658385,-0.0020374939776957035,-0.0001196495140902698,-0.00113683904055506,-0.0041817836463451385,0.157002255320549,-0.07734820246696472,0.4456660747528076,0.12199592590332031,0.11204071342945099,0.0023362578358501196,0.17507123947143555,0.4754517674446106,-1.0950722498568521,1.2948371110103274,-1.1055670327277076
-0.0018108375370502472,-0.0010775290429592133,-0.007043981924653053,-0.8216454982757568,0.3485565781593323,0.008810728788375854,0.18728458881378174,-0.051353245973587036,-0.15089502930641174,0.007352406624704599,0.892564058303833,0.24593085050582886,-1.4939117063057525,1.3604537990850352,-1.0655804527701767,-0.0003769186441786587,-0.0002997670089825988,-0.003326224396005273,-0.20564645528793335,0.04334641247987747,0.08828314393758774,-0.07788856327533722,-0.04924248158931732,0.23570367693901062,0.003360907081514597,0.22795458137989044,0.2530764043331146,-0.1501098667431942,0.7465411033137167,-1.3691251199471666,-0.0037143295630812645,-0.0045030927285552025,0.0012267498532310128,0.13531725108623505,0.7011856436729431,-0.06800999492406845,-0.09012250602245331,0.5141528844833374,-0.020460344851017,0.005964813753962517,0.7173544764518738,0.5223924517631531,-0.13727199361898526,0.3761317810261743,0.11624978113658385,-0.0021287400741130114,0.00010561307135503739,-0.001235659932717681,-0.010794352740049362,0.1711633950471878,-0.08936487138271332,0.44322338700294495,0.12372135370969772,0.10817411541938782,0.0024636443704366684,0.19338952004909515,0.47271090745925903,-1.0950722498568521,1.2948371110103274,-1.1055670327277076
-0.0018960405141115189,-0.0008179880096577108,-0.00713379867374897,-0.8161531686782837,0.35828498005867004,-0.0013003349304199219,0.2131219506263733,-0.04937751218676567,-0.16151493787765503,0.007426652126014233,0.8913336992263794,0.271930456161499,-1.4960195290946754,1.360529462000955,-1.0674621614773845,-0.0005197459831833839,-0.00025239482056349516,-0.003508612047880888,-0.18889223039150238,0.040188491344451904,0.0766306221485138,-0.08277744054794312,-0.05135608837008476,0.18693146109580994,0.0035558680538088083,0.2077682465314865,0.2107911854982376,-0.1501098667431942,0.7465411033137167,-1.3691251199471666,-0.0036930919159203768,-0.004240869544446468,0.00147767155431211,0.1748531460762024,0.7131902575492859,-0.08485899865627289,-0.03728315606713295,0.5199326872825623,0.1647132784128189,0.005814414471387863,0.7391989231109619,0.5466722249984741,-0.13727199361898526,0.3761317810261743,0.11624978113658385,-0.0022317906841635704,0.00040582037763670087,-0.001268642721697688,-0.01683703437447548,0.18489304184913635,-0.09512889385223389,0.4386138916015625,0.1271502673625946,0.10193502902984619,0.0025990449357777834,0.20861071348190308,0.4679103195667267,-1.0950722498568521,1.2948371110103274,-1.1055670327277076
-0.0019928324036300182,-0.0005609080544672906,-0.007186105940490961,-0.809611976146698,0.3712603449821472,-0.008152693510055542,0.23097164928913116,-0.04777928441762924,-0.16882413625717163,0.007478376850485802,0.8907144665718079,0.2900557816028595,-1.4960195290946754,1.360529462000955,-1.0674621614773845,-0.0007679857080802321,-0.00017966493032872677,-0.0036469344049692154,-0.1721234917640686,0.03684686869382858,0.0661352276802063,-0.08879262208938599,-0.054178863763809204,0.1209903135895729,0.0037312479689717293,0.18803738057613373,0.1595560610294342,-0.1501098667431942,0.7465411033137167,-1.3691251199471666,-0.00378328375518322,-0.0039176978170871735,0.0017617737175896764,0.21060238778591156,0.7136923670768738,-0.09547071158885956,0.004251595586538315,0.5253294110298157,0.3127897381782532,0.005724110174924135,0.750216543674469,0.6114135384559631,-0.13727199361898526,0.3761317810261743,0.11624978113658385,-0.002320223953574896,0.0007346727070398629,-0.001248400891199708,-0.0221918523311615,0.1936092972755432,-0.09437675774097443,0.43115484714508057,0.1328178346157074,0.092461496591568,0.0027352673932909966,0.21652716398239136,0.4605260193347931,-1.0950722498568521,1.2948371110103274,-1.1055670327277076
-0.0020847157575190067,-0.0003559528850018978,-0.0072101992554962635,-0.8033490180969238,0.3843732476234436,-0.011940926313400269,0.2421729862689972,-0.046562790870666504,-0.17345036566257477,0.0075139678083360195,0.8906486630439758,0.3014977276325226,-1.4960195290946754,1.360529462000955,-1.0674621614773845,-0.0010886563686653972,-9.070988744497299e-05,-0.003759243758395314,-0.1558169573545456,0.03339395672082901,0.05724111199378967,-0.09593638777732849,-0.05773315578699112,0.03818267956376076,0.0039147562347352505,0.16932402551174164,0.11829972267150879,-0.1501098667431942,0.7465411033137167,-1.3691251199471666,-0.003983530681580305,-0.0035423487424850464,0.002043023705482483,0.24211722612380981,0.7002531290054321,-0.09810972213745117,0.0335058830678463,0.5290042757987976,0.4247419834136963,0.005708826240152121,0.747395932674408,0.679245114326477,-0.13729173491293686,0.37312321979238355,0.11997919625144296,-0.002370223868638277,0.0010479482589289546,-0.0012006869073957205,-0.025941550731658936,0.19460466504096985,-0.08832721412181854,0.4202294945716858,0.14121291041374207,0.07896405458450317,0.0028561872895807028,0.21528036892414093,0.45029905438423157,-1.0950722498568521,1.2948371110103274,-1.1055670327277076
-0.00214957888238132,-0.00024084880715236068,-0.007219288498163223,-0.7985519170761108,0.39450129866600037,-0.014502882957458496,0.2482413947582245,-0.04569529742002487,-0.17599335312843323,0.007536366581916809,0.8908012509346008,0.30771011114120483,-1.4960195290946754,1.360529462000955,-1.0674621614773845,-0.0014337609754875302,5.146372132003307e-06,-0.003872425528243184,-0.1409805566072464,0.03002891317009926,0.05058997869491577,-0.10396459698677063,-0.06191276013851166,-0.05776181071996689,0.0041293310932815075,0.1527632176876068,0.13408301770687103,-0.1501098667431942,0.7465411033137167,-1.3691251199471666,-0.004226736258715391,-0.0031276028603315353,0.0023512032348662615,0.2663799226284027,0.6718354225158691,-0.1005854532122612,0.052838630974292755,0.5333830118179321,0.500974714756012,0.005759804975241423,0.7296838760375977,0.7336654663085938,-0.13729173491293686,0.37312321979238355,0.11997919625144296,-0.0023662950843572617,0.0013125846162438393,-0.0011515513760969043,-0.02657298743724823,0.18796184659004211,-0.078736312687397,0.4054516553878784,0.15265296399593353,0.06093469262123108,0.002940799342468381,0.20551201701164246,0.43750086426734924,-1.0950722498568521,1.2948371110103274,-1.1055670327277076
-0.002168821170926094,-0.00022780831204727292,-0.007223382592201233,-0.7956732511520386,0.4001182019710541,-0.017893999814987183,0.2505417466163635,-0.04517649859189987,-0.17699742317199707,0.007545392028987408,0.890792191028595,0.31006479263305664,-1.4960195290946754,1.360529462000955,-1.0674621614773845,-0.0017566537717357278,0.00010083476081490517,-0.004003527574241161,-0.12892597913742065,0.02701464295387268,0.04699305444955826,-0.1123185008764267,-0.06645083427429199,-0.15898746252059937,0.004373126197606325,0.1398572325706482,0.20568950474262238,-0.1501098667431942,0.7465411033137167,-1.3691251199471666,-0.00447132857516408,-0.0026965925935655832,0.0026446012780070305,0.28550657629966736,0.6292803287506104,-0.10201460123062134,0.06377702206373215,0.5374399423599243,0.5489993691444397,0.0058530597016215324,0.6985089182853699,0.7709147334098816,-0.13729173491293686,0.37312321979238355,0.11997919625144296,-0.0023010210134088993,0.0015068436041474342,-0.0011132910149171948,-0.02264837548136711,0.1759868860244751,-0.06721033900976181,0.3869006037712097,0.16710321605205536,0.03843759000301361,0.002967270091176033,0.18974077701568604,0.4231938123703003,-1.0950722498568521,1.2948371110103274,-1.1055670327277076
-0.0021311473101377487,-0.0002999780117534101,-0.007226261310279369,-0.7944098711013794,0.4016175866127014,-0.02326682209968567,0.2501453757286072,-0.0450567901134491,-0.17689207196235657,0.007539935410022736,0.8904634118080139,0.3096669614315033,-1.4960195290946754,1.360529462000955,-1.0674621614773845,-0.002025003544986248,0.00019337981939315796,-0.004143875557929277,-0.12110820412635803,0.024660177528858185,0.04723783954977989,-0.12028223276138306,-0.07100292295217514,-0.2556208372116089,0.0046162474900484085,0.13231301307678223,0.29129233956336975,-0.1501098667431942,0.7465411033137167,-1.3691251199471666,-0.004678026773035526,-0.002276819432154298,0.002911252435296774,0.300335168838501,0.5753432512283325,-0.10397075861692429,0.06851980090141296,0.5409308075904846,0.5751904845237732,0.005961814429610968,0.6572906374931335,0.79255610704422,-0.13729173491293686,0.37312321979238355,0.11997919625144296,-0.0021745767444372177,0.0016162550309672952,-0.0010801057796925306,-0.013715296052396297,0.16185520589351654,-0.054971762001514435,0.3654332160949707,0.18393465876579285,0.012490257620811462,0.0029167949687689543,0.17148500680923462,0.40930354595184326,-1.0950722498568521,1.2948371110103274,-1.1055670327277076
-0.0020366490352898836,-0.00042186345672234893,-0.0072260089218616486,-0.7941360473632812,0.4003832936286926,-0.030703246593475342,0.24777013063430786,-0.045447781682014465,-0.17596596479415894,0.007519382517784834,0.8898885250091553,0.307277649641037,-1.4960195290946754,1.360529462000955,-1.0674621614773845,-0.0022176518104970455,0.0002878778614103794,-0.004258414264768362,-0.1190764531493187,0.02347397431731224,0.051934972405433655,-0.12722238898277283,-0.07515422999858856,-0.33987733721733093,0.004809880163520575,0.13201314210891724,0.37060800194740295,-0.15133062483155185,0.7460467048959519,-1.3690568779611587,-0.004835368599742651,-0.0018930153455585241,0.003146353643387556,0.3109142482280731,0.514248251914978,-0.1070229634642601,0.06932572275400162,0.5433549284934998,0.5853045582771301,0.006071560084819794,0.6103875041007996,0.8016371130943298,-0.13729173491293686,0.37312321979238355,0.11997919625144296,-0.001995399361476302,0.0016373591497540474,-0.001036314875818789,-0.0006410758942365646,0.1485733538866043,-0.042805444449186325,0.3428395688533783,0.2018025517463684,-0.014747872948646545,0.0027814586646854877,0.15461811423301697,0.39809638261795044,-1.0950722498568521,1.2948371110103274,-1.1055670327277076
-0.0018988004885613918,-0.0005540961283259094,-0.0072156526148319244,-0.794330358505249,0.3977469801902771,-0.03955426812171936,0.24378113448619843,-0.04652359336614609,-0.1743663102388382,0.007481852080672979,0.8892288208007812,0.3033105731010437,-1.4960195290946754,1.360529462000955,-1.0674621614773845,-0.002331928815692663,0.00038588372990489006,-0.004297730978578329,-0.12433187663555145,0.02347927913069725,0.06197746843099594,-0.13301163911819458,-0.07910045981407166,-0.4079122543334961,0.004904822912067175,0.14089322090148926,0.43628132343292236,-0.15133062483155185,0.7460467048959519,-1.3690568779611587,-0.004957662429660559,-0.0015697897179052234,0.003357155714184046,0.31594064831733704,0.4513651132583618,-0.1101563423871994,0.06838926672935486,0.5438862442970276,0.5838645696640015,0.006189761683344841,0.5618571043014526,0.8008664846420288,-0.13729173491293686,0.37312321979238355,0.11997919625144296,-0.0017805665265768766,0.0015879677375778556,-0.0009669669670984149,0.014843215234577656,0.1384020745754242,-0.031014353036880493,0.32136693596839905,0.2190132737159729,-0.04055359959602356,0.0025743122678250074,0.14260905981063843,0.3910090923309326,-1.0950722498568521,1.2948371110103274,-1.1055670327277076
-0.0017417159397155046,-0.0006638122140429914,-0.0071832044050097466,-0.7947126030921936,0.3945949673652649,-0.04878225922584534,0.23823732137680054,-0.04851078987121582,-0.17211677134037018,0.007421094924211502,0.8886241912841797,0.29788336157798767,-1.4960195290946754,1.360529462000955,-1.0674621614773845,-0.0023729989770799875,0.0004998717922717333,-0.004228572361171246,-0.13780349493026733,0.024917077273130417,0.0785447359085083,-0.13761712610721588,-0.0827009379863739,-0.4594516456127167,0.004874609876424074,0.16056132316589355,0.4866967499256134,-0.15133062483155185,0.7460467048959519,-1.3690568779611587,-0.005073606967926025,-0.0013317828997969627,0.003560682525858283,0.312570720911026,0.3927346169948578,-0.11095013469457626,0.06780047714710236,0.5413313508033752,0.5738993883132935,0.006339841987937689,0.5140534043312073,0.7918314337730408,-0.13729173491293686,0.37312321979238355,0.11997919625144296,-0.0015533259138464928,0.0015063448809087276,-0.0008649624651297927,0.030680406838655472,0.1322733759880066,-0.019359063357114792,0.3028075397014618,0.23422785103321075,-0.06275010108947754,0.002330248011276126,0.13715796172618866,0.3879338502883911,-1.0950722498568521,1.2948371110103274,-1.1055670327277076
-0.001592450775206089,-0.0007295767427422106,-0.007117041386663914,-0.7953064441680908,0.39122098684310913,-0.056992918252944946,0.2309749871492386,-0.051663175225257874,-0.16915111243724823,0.007329423911869526,0.8881522417068481,0.2909134328365326,-1.4960195290946754,1.360529462000955,-1.0674621614773845,-0.0023621772415935993,0.0006379904225468636,-0.004043876193463802,-0.1592685431241989,0.02748040296137333,0.10318721830844879,-0.1411682367324829,-0.08598695695400238,-0.496120423078537,0.004726504907011986,0.1917530745267868,0.5229318141937256,-0.15133062483155185,0.7460467048959519,-1.3690568779611587,-0.0052157980389893055,-0.0011921009281650186,0.003773854812607169,0.2968004047870636,0.3438149094581604,-0.1066003367304802,0.06954245269298553,0.5341302752494812,0.5569403767585754,0.006547337863594294,0.4665434658527374,0.7747992873191833,-0.13729173491293686,0.37312321979238355,0.11997919625144296,-0.00133601319976151,0.0014296751469373703,-0.0007337843999266624,0.044657956808805466,0.1293042153120041,-0.007073858752846718,0.2880227565765381,0.24682079255580902,-0.08028849214315414,0.002089818473905325,0.13698157668113708,0.3877162039279938,-1.0950722498568521,1.2948371110103274,-1.1055670327277076
-0.0014713006094098091,-0.0007456674939021468,-0.007015963084995747,-0.7965642809867859,0.38708558678627014,-0.06227368116378784,0.22172702848911285,-0.05621708184480667,-0.16536149382591248,0.007207252085208893,0.8878220319747925,0.2822546064853668,-1.4960195290946754,1.360529462000955,-1.0674621614773845,-0.0023213117383420467,0.000796590349636972,-0.003758832346647978,-0.18696334958076477,0.03050857037305832,0.13677985966205597,-0.14382070302963257,-0.08893921971321106,-0.5203927755355835,0.004489082843065262,0.23365528881549835,0.5471774935722351,-0.15133062483155185,0.7460467048959519,-1.3690568779611587,-0.005411057732999325,-0.0011457540094852448,0.004004251677542925,0.26468518376350403,0.3080340027809143,-0.09508192539215088,0.0754830539226532,0.5204274654388428,0.5332176089286804,0.006828347686678171,0.41711360216140747,0.7489082217216492,-0.13729173491293686,0.37312321979238355,0.11997919625144296,-0.0011398872593417764,0.0013717503752559423,-0.0005876198993064463,0.054719775915145874,0.12696003913879395,0.007001686841249466,0.27755165100097656,0.2564067840576172,-0.09264051169157028,0.001877854927442968,0.13842734694480896,0.38905221223831177,-1.0914775027970502,1.294129660314331,-1.1005735636224228
-0.0013892457354813814,-0.0007251508068293333,-0.0068922871723771095,-0.7993408441543579,0.3807756006717682,-0.06259265542030334,0.21027933061122894,-0.06232219189405441,-0.16066232323646545,0.007068200968205929,0.8876111507415771,0.27187100052833557,-1.4960195290946754,1.360529462000955,-1.0674621614773845,-0.002257430925965309,0.0009546444052830338,-0.0033997190184891224,-0.21754463016986847,0.03314753621816635,0.17841440439224243,-0.14567992091178894,-0.09141850471496582,-0.5347899198532104,0.004191113170236349,0.2832951247692108,0.5617653131484985,-0.15133062483155185,0.7460467048959519,-1.3690568779611587,-0.005669407546520233,-0.0011795135214924812,0.0042457072995603085,0.21447287499904633,0.2860613763332367,-0.07596500217914581,0.08731812983751297,0.4982435703277588,0.5020154714584351,0.007180491928011179,0.3655138909816742,0.7126644849777222,-0.13729173491293686,0.37312321979238355,0.11997919625144296,-0.000977825024165213,0.0013168915174901485,-0.0004432200803421438,0.05889669805765152,0.12244059890508652,0.023666735738515854,0.2701336741447449,0.26392579078674316,-0.10114027559757233,0.0016990553122013807,0.13791531324386597,0.3909710645675659,-1.0914775027970502,1.294129660314331,-1.1005735636224228
-0.0013542482629418373,-0.0006929788505658507,-0.006765822414308786,-0.8046071529388428,0.3704078495502472,-0.05675894021987915,0.19666863977909088,-0.06994353979825974,-0.1550714373588562,0.006934735924005508,0.8875901103019714,0.2600342333316803,-1.4960195290946754,1.360529462000955,-1.0674621614773845,-0.002159395720809698,0.0010783536126837134,-0.0030045416206121445,-0.24649463593959808,0.03452242538332939,0.22506508231163025,-0.14674358069896698,-0.09310480952262878,-0.5413399338722229,0.003853973001241684,0.3355677127838135,0.568551778793335,-0.15133062483155185,0.7460467048959519,-1.3690568779611587,-0.0059753586538136005,-0.0012852142099291086,0.004478209186345339,0.14827348291873932,0.27588018774986267,-0.05062238126993179,0.10642793774604797,0.4657862186431885,0.46218228340148926,0.007577007636427879,0.31726571917533875,0.664752721786499,-0.13729173491293686,0.37312321979238355,0.11997919625144296,-0.0008592440281063318,0.0012441892176866531,-0.00033309971331618726,0.05686173588037491,0.11365801095962524,0.043309878557920456,0.2655867338180542,0.2693864405155182,-0.10611973702907562,0.0015483095776289701,0.13426519930362701,0.392895370721817,-1.0914775027970502,1.294129660314331,-1.1005735636224228
-0.0013746458571404219,-0.0006721354438923299,-0.0066598206758499146,-0.8129705190658569,0.35454392433166504,-0.04507780075073242,0.1814246028661728,-0.07873274385929108,-0.1488092541694641,0.006833347026258707,0.8880621790885925,0.2475033849477768,-1.4960195290946754,1.360529462000955,-1.0674621614773845,-0.0020057044457644224,0.001129640731960535,-0.0026291387621313334,-0.26892736554145813,0.03390521928668022,0.27205365896224976,-0.14686249196529388,-0.09344789385795593,-0.5412518978118896,0.0034944682847708464,0.3840373456478119,0.5685549378395081,-0.15133062483155185,0.7460467048959519,-1.3690568779611587,-0.006285456940531731,-0.0014608557103201747,0.004670897964388132,0.07194490730762482,0.2733939290046692,-0.021821364760398865,0.13361211121082306,0.421938955783844,0.41280287504196167,0.007966075092554092,0.2835427224636078,0.6052197217941284,-0.13729173491293686,0.37312321979238355,0.11997919625144296,-0.0008030565222725272,0.0011288722744211555,-0.000292127049760893,0.049525558948516846,0.10029900819063187,0.06512138247489929,0.2632434368133545,0.27308064699172974,-0.10846524685621262,0.0014158355770632625,0.12943518161773682,0.3945058286190033,-1.0914775027970502,1.294129660314331,-1.1005735636224228
-0.0014553554356098175,-0.0006767201120965183,-0.00660084281116724,-0.8241574764251709,0.33335354924201965,-0.02933335304260254,0.1656973659992218,-0.0879632979631424,-0.14235146343708038,0.006793168373405933,0.8895058035850525,0.23549331724643707,-1.4960195290946754,1.360529462000955,-1.0674621614773845,-0.0017739594914019108,0.0010707750916481018,-0.0023403512313961983,-0.2804650664329529,0.030847225338220596,0.3138771951198578,-0.1457194983959198,-0.09163790941238403,-0.5347641110420227,0.003125817747786641,0.42205581068992615,0.5617867112159729,-0.15133062483155185,0.7460467048959519,-1.3690568779611587,-0.006534606218338013,-0.0017018618527799845,0.004787512123584747,-0.005998633801937103,0.2734154760837555,0.006888632662594318,0.16867688298225403,0.36695900559425354,0.3540510833263397,0.008277541026473045,0.2735680341720581,0.5370875000953674,-0.13729173491293686,0.37312321979238355,0.11997919625144296,-0.0008222488104365766,0.0009477409766986966,-0.0003422279260121286,0.038906894624233246,0.08397193253040314,0.08679213374853134,0.2624753713607788,0.2751159369945526,-0.10906114429235458,0.0013005483197048306,0.1268775314092636,0.3955710232257843,-1.0914775027970502,1.294129660314331,-1.1005735636224228
-0.0015944363549351692,-0.0007136465283110738,-0.006613617297261953,-0.8367806673049927,0.30919307470321655,-0.012572139501571655,0.150949627161026,-0.09672355651855469,-0.13630351424217224,0.0068404278717935085,0.8921660780906677,0.2252107560634613,-1.4960195290946754,1.360529462000955,-1.0674621614773845,-0.0014500359538942575,0.0008705135551281273,-0.0021934269461780787,-0.278146356344223,0.025302521884441376,0.345153272151947,-0.14283046126365662,-0.08660635352134705,-0.5211435556411743,0.0027697510085999966,0.4440004527568817,0.5472584366798401,-0.15133062483155185,0.7460467048959519,-1.3690568779611587,-0.006654830649495125,-0.001995332073420286,0.004792194347828627,-0.07542350143194199,0.2709469795227051,0.031678207218647,0.2098618745803833,0.303402841091156,0.2882324457168579,0.008439979515969753,0.2830273509025574,0.46815940737724304,-0.13729173491293686,0.37312321979238355,0.11997919625144296,-0.0009150899131782353,0.0006911191157996655,-0.0004775695560965687,0.027399837970733643,0.06778737902641296,0.10463881492614746,0.2627496123313904,0.27533620595932007,-0.10873071104288101,0.0012422188883647323,0.12765249609947205,0.39581531286239624,-1.0914775027970502,1.294129660314331,-1.1005735636224228
-0.0017832680605351925,-0.0007832527626305819,-0.0067083630710840225,-0.8486272096633911,0.2860352098941803,0.0012111663818359375,0.13834616541862488,-0.10428810119628906,-0.1311512142419815,0.00698538962751627,0.8955365419387817,0.2172931432723999,-1.4960195290946754,1.360529462000955,-1.0674621614773845,-0.0010377729777246714,0.0005191602394916117,-0.0022076889872550964,-0.2614244222640991,0.0177961066365242,0.361451119184494,-0.1375734806060791,-0.07707586884498596,-0.4988313317298889,0.0024940711446106434,0.44643738865852356,0.5231633186340332,-0.15133062483155185,0.7460467048959519,-1.3690568779611587,-0.00660289591178298,-0.0023227245546877384,0.004659343510866165,-0.12611274421215057,0.26241418719291687,0.048963215202093124,0.25356224179267883,0.23658883571624756,0.22033414244651794,0.008408493362367153,0.2952338457107544,0.410871297121048,-0.13729173491293686,0.37312321979238355,0.11997919625144296,-0.0010701153660193086,0.0003733937628567219,-0.0006645555840805173,0.01700947806239128,0.055301472544670105,0.11466097831726074,0.2636505365371704,0.27328047156333923,-0.10821473598480225,0.0013138508656993508,0.1284317523241043,0.3948471248149872,-1.0914775027970502,1.294129660314331,-1.1005735636224228
-0.002009768970310688,-0.0008765275124460459,-0.006870119366794825,-0.8573719263076782,0.26812902092933655,0.00812104344367981,0.12843529880046844,-0.11031144857406616,-0.12713037431240082,0.007211519405245781,0.8983572125434875,0.21172240376472473,-1.4960195290946754,1.360529462000955,-1.0674621614773845,-0.0005647906800732017,4.058971535414457e-05,-0.0023579359985888004,-0.23268750309944153,0.00949220359325409,0.3598494529724121,-0.12925668060779572,-0.06168009340763092,-0.4657467007637024,0.002424973761662841,0.4286317825317383,0.48726963996887207,-0.15133062483155185,0.7460467048959519,-1.3690568779611587,-0.006380148697644472,-0.0026653443928807974,0.004391259979456663,-0.15015195310115814,0.24645543098449707,0.05625726282596588,0.295276403427124,0.17319098114967346,0.15668782591819763,0.0081910640001297,0.29402512311935425,0.3764762282371521,-0.13729173491293686,0.37312321979238355,0.11997919625144296,-0.001274116919375956,3.0308525310829282e-05,-0.0008550900965929031,0.008958172053098679,0.04932412505149841,0.11417929083108902,0.26487839221954346,0.2681829035282135,-0.10817087441682816,0.0015347546432167292,0.12469975650310516,0.39215248823165894,-1.0914775027970502,1.294129660314331,-1.1005735636224228
-0.002264246344566345,-0.0009745039278641343,-0.007061929441988468,-0.8612711429595947,0.25884371995925903,0.0060579776763916016,0.12123463302850723,-0.11475984752178192,-0.12429442256689072,0.007479793857783079,0.8993468880653381,0.20812679827213287,-1.4966225887582214,1.3606165789512392,-1.0680353442749202,-7.963337702676654e-05,-0.0005130457575432956,-0.0025875787250697613,-0.19665315747261047,0.0019530504941940308,0.3393288850784302,-0.11723662912845612,-0.039179787039756775,-0.41978156566619873,0.002639151643961668,0.39219939708709717,0.43760260939598083,-0.15133062483155185,0.7460467048959519,-1.3690568779611587,-0.0060320692136883736,-0.0030054105445742607,0.004027524963021278,-0.14391979575157166,0.22418539226055145,0.053121767938137054,0.3314012289047241,0.11854076385498047,0.10232410579919815,0.0078510707244277,0.27165037393569946,0.36653637886047363,-0.13729173491293686,0.37312321979238355,0.11997919625144296,-0.0015121595934033394,-0.00029569247271865606,-0.0010071209399029613,0.0036622025072574615,0.05125168710947037,0.1030229702591896,0.26623332500457764,0.2590245008468628,-0.10917741060256958,0.0018407480092719197,0.11512549221515656,0.38716092705726624,-1.0914775027970502,1.294129660314331,-1.1005735636224228
-0.0025376807898283005,-0.0010562906973063946,-0.007244173437356949,-0.859560489654541,0.2599601447582245,-0.00490880012512207,0.11652220785617828,-0.11780243366956711,-0.12250189483165741,0.007748136762529612,0.8980242609977722,0.20606200397014618,-1.4966225887582214,1.3606165789512392,-1.0680353442749202,0.00036156660644337535,-0.0010761942248791456,-0.002836099825799465,-0.15875092148780823,-0.003377094864845276,0.3009952902793884,-0.10110130906105042,-0.008801847696304321,-0.3595229983329773,0.0030548954382538795,0.3403107821941376,0.37357160449028015,-0.15133062483155185,0.7460467048959519,-1.3690568779611587,-0.005631969776004553,-0.003321881638839841,0.003630690276622772,-0.10867524147033691,0.1986675262451172,0.0415143147110939,0.3601686954498291,0.07521741837263107,0.05958935245871544,0.007479029707610607,0.23022279143333435,0.3727332055568695,-0.13729173491293686,0.37312321979238355,0.11997919625144296,-0.0017621804727241397,-0.0005704889772459865,-0.0010973857715725899,0.0009068995714187622,0.06100258231163025,0.08350338041782379,0.26759156584739685,0.244651660323143,-0.11172822117805481,0.0021529034711420536,0.10341639816761017,0.37939804792404175,-1.0914775027970502,1.294129660314331,-1.1005735636224228
-0.002824319526553154,-0.001104257651604712,-0.007391822524368763,-0.8525010943412781,0.271529883146286,-0.022111445665359497,0.11386826634407043,-0.119688019156456,-0.12162445485591888,0.007989693433046341,0.8949723839759827,0.20514315366744995,-1.4966225887582214,1.3606165789512392,-1.0680353442749202,0.0007131436723284423,-0.001582797383889556,-0.0030597310978919268,-0.12315990030765533,-0.0057287439703941345,0.24790412187576294,-0.08092859387397766,0.029276609420776367,-0.28524017333984375,0.0035179222468286753,0.2768711447715759,0.2979404628276825,-0.15133062483155185,0.7460467048959519,-1.3690568779611587,-0.0052583180367946625,-0.0035867702681571245,0.003263284917920828,-0.05017703399062157,0.17333383858203888,0.025369642302393913,0.38134539127349854,0.04350357502698898,0.02860184758901596,0.007152891717851162,0.1822250634431839,0.38488301634788513,-0.13729173491293686,0.37312321979238355,0.11997919625144296,-0.0019932123832404613,-0.0007714317762292922,-0.0011136471293866634,0.00013629719614982605,0.07703624665737152,0.05920826643705368,0.2688782513141632,0.22398237884044647,-0.11620612442493439,0.0024100232403725386,0.09716080129146576,0.36873766779899597,-1.0914775027970502,1.294129660314331,-1.1005735636224228
-0.00311262346804142,-0.0011127759935334325,-0.007494008168578148,-0.8414083123207092,0.29149603843688965,-0.041948527097702026,0.11282134801149368,-0.12069608271121979,-0.12148815393447876,0.008190656080842018,0.8914580941200256,0.20507454872131348,-1.4966225887582214,1.3606165789512392,-1.0680353442749202,0.0009502695174887776,-0.0019782916642725468,-0.0032217935658991337,-0.09162315726280212,-0.005297031253576279,0.18465456366539001,-0.057627007365226746,0.07328727096319199,-0.20015710592269897,0.003898282302543521,0.20620419085025787,0.22080481052398682,-0.15133062483155185,0.7460467048959519,-1.3690568779611587,-0.004976883064955473,-0.003771226853132248,0.0029809928964823484,0.022874871268868446,0.15015728771686554,0.009549666196107864,0.39562666416168213,0.02229887619614601,0.008154816925525665,0.006919381208717823,0.15218958258628845,0.39633849263191223,-0.13729173491293686,0.37312321979238355,0.11997919625144296,-0.0021720915101468563,-0.0008810647414065897,-0.0010449951514601707,0.0007344838231801987,0.0963001400232315,0.03360964357852936,0.2700392007827759,0.196321502327919,-0.12282507121562958,0.002566373208537698,0.10199933499097824,0.35573768615722656,-1.0914775027970502,1.294129660314331,-1.1005735636224228
-0.0033833682537078857,-0.0010842718183994293,-0.007539220154285431,-0.8282817602157593,0.31622588634490967,-0.06097880005836487,0.11294877529144287,-0.12108953297138214,-0.12191856652498245,0.008334426209330559,0.888688862323761,0.2056313157081604,-1.4966225887582214,1.3606165789512392,-1.0680353442749202,0.0010669903131201863,-0.0022297396790236235,-0.003275573719292879,-0.06397742033004761,-0.003041248768568039,0.11711399257183075,-0.03310747072100639,0.11955073475837708,-0.11110237240791321,0.004103607032448053,0.13348425924777985,0.16652993857860565,-0.15133062483155185,0.7460467048959519,-1.3690568779611587,-0.0048410845920443535,-0.0038653621450066566,0.002824142575263977,0.1014467403292656,0.12932328879833221,-0.0012446064502000809,0.4041798412799835,0.010183297097682953,-0.002475060522556305,0.006808296777307987,0.16437001526355743,0.40431568026542664,-0.13638159473640002,0.37025118375374877,0.11988159935834883,-0.002272508107125759,-0.000883733038790524,-0.0008901017135940492,0.0021568099036812782,0.11474445462226868,0.009509772062301636,0.27101433277130127,0.1618056446313858,-0.13153278827667236,0.0025956807658076286,0.11515805870294571,0.34195131063461304,-1.0914775027970502,1.294129660314331,-1.1005735636224228
-0.003611046588048339,-0.0010229169856756926,-0.007514670491218567,-0.8152667880058289,0.3415389657020569,-0.07665061950683594,0.11386334151029587,-0.12109051644802094,-0.12274559587240219,0.008399778977036476,0.8872339129447937,0.20662587881088257,-1.4966225887582214,1.3606165789512392,-1.0680353442749202,0.0010647857561707497,-0.0023287965450435877,-0.0031860186718404293,-0.039509356021881104,-0.00018664728850126266,0.05180834233760834,-0.009774327278137207,0.16345269978046417,-0.026686087250709534,0.0040875147096812725,0.06515464931726456,0.16590499877929688,-0.15133062483155185,0.7460467048959519,-1.3690568779611587,-0.004871526267379522,-0.0038743203040212393,0.002849239157512784,0.17802035808563232,0.1105254590511322,-0.0041303932666778564,0.40835365653038025,0.004363569896668196,-0.007621169090270996,0.006845457945019007,0.20958098769187927,0.40844810009002686,-0.13638159473640002,0.37025118375374877,0.11988159935834883,-0.002276611514389515,-0.0007741697481833398,-0.0006690223817713559,0.0039534131065011024,0.12840472161769867,-0.010975265875458717,0.27171391248703003,0.12198694050312042,-0.14187154173851013,0.0024959747679531574,0.12893354892730713,0.3299042284488678,-1.0914775027970502,1.294129660314331,-1.1005735636224228
-0.003764186520129442,-0.0009358100360259414,-0.007421664893627167,-0.8041980266571045,0.36366933584213257,-0.08755192160606384,0.11522459983825684,-0.1208697184920311,-0.12379608303308487,0.008374123834073544,0.886935830116272,0.20787416398525238,-1.4966225887582214,1.3606165789512392,-1.0680353442749202,0.0009383965516462922,-0.002289119176566601,-0.002968583954498172,-0.01774102821946144,0.0022350973449647427,-0.005375945474952459,0.010729838162660599,0.20130479335784912,0.04622071236371994,0.00386434281244874,0.018671918660402298,0.20682142674922943,-0.15272680851174858,0.746265787243525,-1.3691709783240527,-0.005071086343377829,-0.0038210388738662004,0.003029176266863942,0.24527519941329956,0.09488428384065628,0.0013848021626472473,0.4093998968601227,0.003238293807953596,-0.008170157670974731,0.007035066839307547,0.26299214363098145,0.40949422121047974,-0.13638159473640002,0.37025118375374877,0.11988159935834883,-0.002173179294914007,-0.0005728867836296558,-0.00042239733738824725,0.005814309697598219,0.1343444436788559,-0.026747215539216995,0.2720057964324951,0.08012717217206955,-0.15291202068328857,0.00228677224367857,0.13710452616214752,0.3221639394760132,-1.0914775027970502,1.294129660314331,-1.1005735636224228
-0.003807727713137865,-0.0008386943954974413,-0.007284722290933132,-0.7961499691009521,0.3802947700023651,-0.093324214220047,0.11672326922416687,-0.12054462730884552,-0.12487820535898209,0.008262529037892818,0.8872362971305847,0.20916475355625153,-1.4966225887582214,1.3606165789512392,-1.0680353442749202,0.0006998464814387262,-0.002134406939148903,-0.0026874716859310865,0.0011567240580916405,0.0035740118473768234,-0.05043207108974457,0.026981227099895477,0.23135124146938324,0.10436808317899704,0.003502567997202277,0.050571784377098083,0.25523337721824646,-0.15272680851174858,0.746265787243525,-1.3691709783240527,-0.005402551498264074,-0.003705335082486272,0.0033034738153219223,0.29742294549942017,0.08420881628990173,0.01226590946316719,0.40847793221473694,0.005025165155529976,-0.005922041833400726,0.007336893584579229,0.3093573749065399,0.40855178236961365,-0.13638159473640002,0.37025118375374877,0.11988159935834883,-0.001961143920198083,-0.000326707202475518,-0.00019868172239512205,0.007624926045536995,0.1315709799528122,-0.03825858235359192,0.27173060178756714,0.0403265655040741,-0.16349714994430542,0.001998073421418667,0.13723257184028625,0.3196796476840973,-1.0914775027970502,1.294129660314331,-1.1005735636224228
-0.0037144434172660112,-0.0007576766074635088,-0.0071426862850785255,-0.7912603616714478,0.39100512862205505,-0.09437602758407593,0.11805562674999237,-0.12018284946680069,-0.1257612109184265,0.008086354471743107,0.8876287937164307,0.21023066341876984,-1.4966225887582214,1.3606165789512392,-1.0680353442749202,0.0003749691531993449,-0.001903071184642613,-0.0024177408777177334,0.016230395063757896,0.003928264603018761,-0.0817708671092987,0.039085641503334045,0.2534436285495758,0.1474488079547882,0.003099637571722269,0.0834585651755333,0.29580825567245483,-0.15272680851174858,0.746265787243525,-1.3691709783240527,-0.005802839528769255,-0.003507684450596571,0.0036020639818161726,0.3319728672504425,0.07978451997041702,0.023680124431848526,0.4065735936164856,0.008181985467672348,-0.002449624240398407,0.00767799885943532,0.3422459661960602,0.40666329860687256,-0.13638159473640002,0.37025118375374877,0.11988159935834883,-0.0016540231881663203,-8.748788241064176e-05,-3.520777681842446e-05,0.009434275329113007,0.12185891717672348,-0.04740982502698898,0.2707397937774658,0.005847138352692127,-0.17270058393478394,0.0016567095881327987,0.1310964971780777,0.3211848735809326,-1.0914775027970502,1.294129660314331,-1.1005735636224228
-0.0034790183417499065,-0.0007222404819913208,-0.007027611136436462,-0.7890976667404175,0.3964906334877014,-0.091825932264328,0.11889498680830002,-0.11980842798948288,-0.1261550784111023,0.007874802686274052,0.8878693580627441,0.21072536706924438,-1.4966225887582214,1.3606165789512392,-1.0680353442749202,1.6033882275223732e-05,-0.0016333425883203745,-0.0022111034486442804,0.0262127835303545,0.003827262669801712,-0.10036176443099976,0.0474206805229187,0.26838767528533936,0.17690259218215942,0.002749007660895586,0.10379904508590698,0.3249233663082123,-0.15272680851174858,0.746265787243525,-1.3691709783240527,-0.006202015560120344,-0.003221223596483469,0.003877098672091961,0.35027045011520386,0.0822395384311676,0.03217144310474396,0.40450888872146606,0.011385124176740646,0.0008705481886863708,0.007992069236934185,0.36123088002204895,0.40467002987861633,-0.13638159473640002,0.37025118375374877,0.11988159935834883,-0.0012803812278434634,0.0001119163425755687,5.412456812337041e-05,0.011309757828712463,0.10928162187337875,-0.05633288621902466,0.2689317464828491,-0.021758753806352615,-0.18006521463394165,0.0012864022282883525,0.12346569448709488,0.32437819242477417,-1.0914775027970502,1.294129660314331,-1.1005735636224228
-0.0031249383464455605,-0.0007505315006710589,-0.006950654089450836,-0.7890701293945312,0.39762797951698303,-0.08749297261238098,0.11886700242757797,-0.11940904706716537,-0.12569472193717957,0.00765768438577652,0.8879159092903137,0.21020714938640594,-1.4966225887582214,1.3606165789512392,-1.0680353442749202,-0.0003246476117055863,-0.0013503935188055038,-0.002086527878418565,0.030336130410432816,0.00397210568189621,-0.10924332588911057,0.05258513614535332,0.2774788737297058,0.19498318433761597,0.0025065031368285418,0.11344674229621887,0.34318822622299194,-0.15272680851174858,0.746265787243525,-1.3691709783240527,-0.006547692231833935,-0.002869775053113699,0.004115007817745209,0.35669422149658203,0.09144163131713867,0.03648865222930908,0.4029732644557953,0.013476770371198654,0.0027991831302642822,0.00824870727956295,0.37003210186958313,0.40320828557014465,-0.13638159473640002,0.37025118375374877,0.11988159935834883,-0.0008834607433527708,0.00026763189816847444,7.486587855964899e-05,0.013347091153264046,0.09829714894294739,-0.065749891102314,0.2663947343826294,-0.042692460119724274,-0.18528564274311066,0.0009261396480724216,0.11901059746742249,0.32729125022888184,-1.090063410552395,1.2936290875620775,-1.0978600577526965
-0.0027014007791876793,-0.0008363215602003038,-0.006907165050506592,-0.790554404258728,0.3953454792499542,-0.08327150344848633,0.11753587424755096,-0.11894426494836807,-0.12393570691347122,0.007463640533387661,0.8878110647201538,0.2081405371427536,-1.4966225887582214,1.3606165789512392,-1.0680353442749202,-0.0006101664621382952,-0.0010627192677929997,-0.0020404611714184284,0.028712091967463493,0.004895325750112534,-0.1120629608631134,0.05521618202328682,0.28217238187789917,0.2041114717721939,0.0023801589850336313,0.11578624695539474,0.3526068329811096,-0.15272680851174858,0.746265787243525,-1.3691709783240527,-0.006815111730247736,-0.0024958220310509205,0.004333502613008022,0.35710570216178894,0.10603903979063034,0.03627302497625351,0.4025600254535675,0.013409353792667389,0.002177223563194275,0.00845305435359478,0.37427863478660583,0.4027891755104065,-0.13638159473640002,0.37025118375374877,0.11988159935834883,-0.0005189644289202988,0.0003909993974957615,4.523355164565146e-05,0.0149252749979496,0.09215693920850754,-0.07438822090625763,0.26297590136528015,-0.05697352811694145,-0.18901889026165009,0.000651345297228545,0.11937031894922256,0.3288319408893585,-1.090063410552395,1.2936290875620775,-1.0978600577526965
-0.002273047575727105,-0.000948325905483216,-0.006888933479785919,-0.7929840087890625,0.39063018560409546,-0.08030486106872559,0.11440952867269516,-0.11835426837205887,-0.1203685998916626,0.007315973751246929,0.887617290019989,0.20392614603042603,-1.4966225887582214,1.3606165789512392,-1.0680353442749202,-0.0008231477113440633,-0.0007765123154968023,-0.0020637069828808308,0.02213173732161522,0.0067405663430690765,-0.11127135157585144,0.05587354302406311,0.28387534618377686,0.20646727085113525,0.0023535992950201035,0.11365105211734772,0.3554374873638153,-0.15272680851174858,0.746265787243525,-1.3691709783240527,-0.0069961100816726685,-0.0021381310652941465,0.004561625886708498,0.3561951816082001,0.1239735335111618,0.03125440329313278,0.40379253029823303,0.010212406516075134,-0.0021027252078056335,0.008621228858828545,0.3784458637237549,0.40392711758613586,-0.13638159473640002,0.37025118375374877,0.11988159935834883,-0.00024107479839585721,0.0005022191908210516,-1.4597469998989254e-05,0.015879595652222633,0.09229370951652527,-0.07985666394233704,0.25906631350517273,-0.06603056192398071,-0.19131669402122498,0.0005572739173658192,0.12307468056678772,0.3287513852119446,-1.090063410552395,1.2936290875620775,-1.0978600577526965
-0.0019069563131779432,-0.0010438049212098122,-0.006888413801789284,-0.7959624528884888,0.3843289315700531,-0.07876729965209961,0.10897298157215118,-0.1175704076886177,-0.11446156352758408,0.007223313208669424,0.8873946666717529,0.19697552919387817,-1.4966225887582214,1.3606165789512392,-1.0680353442749202,-0.0009650029242038727,-0.0005092672072350979,-0.002146709244698286,0.011556807905435562,0.009307488799095154,-0.10743105411529541,0.0549776665866375,0.28383272886276245,0.20377305150032043,0.002408099826425314,0.1084510087966919,0.3537047207355499,-0.15272680851174858,0.746265787243525,-1.3691709783240527,-0.007088630460202694,-0.001814687275327742,0.0048131681978702545,0.35539186000823975,0.1435103416442871,0.021632090210914612,0.40712770819664,0.0030042584985494614,-0.011071637272834778,0.008758330717682838,0.3838835060596466,0.4072893261909485,-0.13638159473640002,0.37025118375374877,0.11988159935834883,-8.453792543150485e-05,0.0006172868888825178,-7.87967728683725e-05,0.015942294150590897,0.0984770879149437,-0.07996244728565216,0.2551622986793518,-0.07102931290864944,-0.19251008331775665,0.0006280117086134851,0.12785103917121887,0.32743409276008606,-1.090063410552395,1.2936290875620775,-1.0978600577526965
-0.0016594789922237396,-0.001089576748199761,-0.006896677426993847,-0.7993462681770325,0.3769013583660126,-0.07810232043266296,0.10076002031564713,-0.11652839928865433,-0.10574150085449219,0.007176713086664677,0.887191653251648,0.186849445104599,-1.4966225887582214,1.3606165789512392,-1.0680353442749202,-0.001050217542797327,-0.00028457603184506297,-0.002271923003718257,-0.0021985936909914017,0.012247160077095032,-0.0998624637722969,0.05279162898659706,0.2830781638622284,0.19722595810890198,0.0025190424639731646,0.10063467919826508,0.3490247428417206,-0.15272680851174858,0.746265787243525,-1.3691709783240527,-0.007102471776306629,-0.0015251529403030872,0.00507752038538456,0.3530169725418091,0.16329294443130493,0.008635357022285461,0.4129246771335602,-0.008931012824177742,-0.02558235079050064,0.008862979710102081,0.38905027508735657,0.4138127863407135,-0.13638159473640002,0.37025118375374877,0.11988159935834883,-5.5810000048950315e-05,0.0007437861058861017,-0.0001229687186423689,0.015029683709144592,0.10871542990207672,-0.07359005510807037,0.25207653641700745,-0.07300862669944763,-0.19291585683822632,0.0007559456280432642,0.13213792443275452,0.3257136344909668,-1.090063410552395,1.2936290875620775,-1.0978600577526965
-0.0015644358936697245,-0.001076974323950708,-0.0069050900638103485,-0.803244948387146,0.3683209717273712,-0.07742634415626526,0.08947300910949707,-0.11518552899360657,-0.09392397850751877,0.007161536253988743,0.8870499730110168,0.1734786480665207,-1.4966225887582214,1.3606165789512392,-1.0680353442749202,-0.0010983505053445697,-0.00011518679093569517,-0.0024126851931214333,-0.018247488886117935,0.015141334384679794,-0.08757982403039932,0.0494370236992836,0.2824236750602722,0.18754202127456665,0.0026534302160143852,0.0907328873872757,0.34260642528533936,-0.15272680851174858,0.746265787243525,-1.3691709783240527,-0.0070691192522645,-0.001265949453227222,0.00533448439091444,0.34565263986587524,0.18165092170238495,-0.005567189306020737,0.42137086391448975,-0.025983497500419617,-0.04611106589436531,0.008946049027144909,0.39051732420921326,0.42468196153640747,-0.13638159473640002,0.37025118375374877,0.11988159935834883,-0.00013874108844902366,0.0008741114870645106,-0.00013467219832818955,0.013285122811794281,0.11938078701496124,-0.06109973043203354,0.2510121762752533,-0.07276374101638794,-0.19280807673931122,0.000895241042599082,0.1347644031047821,0.3247716724872589,-1.090063410552395,1.2936290875620775,-1.0978600577526965
-0.0016255190130323172,-0.0010207449086010456,-0.006911839358508587,-0.8078737258911133,0.35827547311782837,-0.0760549008846283,0.0751599445939064,-0.11354325711727142,-0.07910090684890747,0.007173405960202217,0.8870205879211426,0.15747393667697906,-1.4966225887582214,1.3606165789512392,-1.0680353442749202,-0.001126567367464304,2.5869812816381454e-06,-0.0025442284531891346,-0.03520749509334564,0.01747208461165428,-0.06990969181060791,0.04493916779756546,0.2824673056602478,0.17508730292320251,0.0027824915014207363,0.08020103722810745,0.33535483479499817,-0.15272680851174858,0.746265787243525,-1.3691709783240527,-0.00703189242631197,-0.0010367450304329395,0.005572594702243805,0.32975929975509644,0.19619934260845184,-0.018613098189234734,0.43235671520233154,-0.047960735857486725,-0.0724450871348381,0.009031952358782291,0.3841637969017029,0.440999835729599,-0.13638159473640002,0.37025118375374877,0.11988159935834883,-0.00030252363649196923,0.000985251972451806,-0.00011966084275627509,0.011054087430238724,0.12614548206329346,-0.044325996190309525,0.2536150813102722,-0.07079587876796722,-0.19240635633468628,0.0010375743731856346,0.13416284322738647,0.3261178731918335,-1.090063410552395,1.2936290875620775,-1.0978600577526965
-0.0018157046288251877,-0.0009474913822486997,-0.006924218498170376,-0.8133620023727417,0.3464997112751007,-0.07388386130332947,0.058452773839235306,-0.11167552322149277,-0.06198938935995102,0.007220756728202105,0.8871744871139526,0.14046648144721985,-1.4966225887582214,1.3606165789512392,-1.0680353442749202,-0.0011427514255046844,7.7039934694767e-05,-0.0026530101895332336,-0.05131230130791664,0.018698569387197495,-0.04677106440067291,0.039297714829444885,0.2836005985736847,0.1600787341594696,0.0028896848671138287,0.07190354913473129,0.3280225694179535,-0.15272680851174858,0.746265787243525,-1.3691709783240527,-0.007019038777798414,-0.0008406635606661439,0.005789082031697035,0.3033589720726013,0.2043287754058838,-0.02884744480252266,0.44529879093170166,-0.07372897863388062,-0.10325071215629578,0.009137126617133617,0.36689111590385437,0.4630201756954193,-0.13638159473640002,0.37025118375374877,0.11988159935834883,-0.0005047949380241334,0.0010464462684467435,-9.92362474789843e-05,0.008785976096987724,0.12548449635505676,-0.026090003550052643,0.26197946071624756,-0.06731221824884415,-0.1918761283159256,0.001166068366728723,0.1284688264131546,0.3316332697868347,-1.090063410552395,1.2936290875620775,-1.0978600577526965
-0.0020837599877268076,-0.0008862101240083575,-0.0069539668038487434,-0.819621205329895,0.33306318521499634,-0.07143434882164001,0.04068785905838013,-0.10974261909723282,-0.044055718928575516,0.007313349284231663,0.8875882625579834,0.12505939602851868,-1.4966225887582214,1.3606165789512392,-1.0680353442749202,-0.0011418178910389543,0.00010858674068003893,-0.0027389726601541042,-0.06501887738704681,0.0184573195874691,-0.018795793876051903,0.03258180618286133,0.286003440618515,0.1428455412387848,0.002969429362565279,0.07015275210142136,0.32134777307510376,-0.15272680851174858,0.746265787243525,-1.3691709783240527,-0.007029750384390354,-0.0006839826237410307,0.005976193584501743,0.26682254672050476,0.20424719154834747,-0.035767700523138046,0.4590526521205902,-0.10103604942560196,-0.135859876871109,0.009252033196389675,0.3379208743572235,0.4892806112766266,-0.13638159473640002,0.37025118375374877,0.11988159935834883,-0.000696935981977731,0.0010307935299351811,-9.974969725590199e-05,0.00691264308989048,0.11607611179351807,-0.009500333108007908,0.2785700857639313,-0.0622653029859066,-0.19133509695529938,0.0012482808670029044,0.11666920781135559,0.34363844990730286,-1.090063410552395,1.2936290875620775,-1.0978600577526965
-0.0023676049895584583,-0.0008632761891931295,-0.007010374218225479,-0.8262330293655396,0.31866875290870667,-0.06965669989585876,0.02354293316602707,-0.10794831067323685,-0.027132857590913773,0.0074495733715593815,0.8882920742034912,0.11376862227916718,-1.4966225887582214,1.3606165789512392,-1.0680353442749202,-0.001107590738683939,8.747249376028776e-05,-0.002813490107655525,-0.07535366714000702,0.016708798706531525,0.012394431978464127,0.025048743933439255,0.28961819410324097,0.12414310872554779,0.003024918958544731,0.07817276567220688,0.31609752774238586,-0.15272680851174858,0.746265787243525,-1.3691709783240527,-0.007041378412395716,-0.0005705141229555011,0.006113848648965359,0.22269754111766815,0.1955215036869049,-0.039681486785411835,0.4722086191177368,-0.1270933747291565,-0.1669650822877884,0.009342678822577,0.2989940941333771,0.5167311429977417,-0.13638159473640002,0.37025118375374877,0.11988159935834883,-0.0008370042778551579,0.0009273746400140226,-0.00013901645434089005,0.005762302316725254,0.09947505593299866,0.0026044808328151703,0.30601966381073,-0.05542726442217827,-0.19086343050003052,0.0012569508980959654,0.09967584908008575,0.36489593982696533,-1.090063410552395,1.2936290875620775,-1.0978600577526965
-0.002612179610878229,-0.0008942484855651855,-0.007092406507581472,-0.8323588371276855,0.3049078583717346,-0.06972035765647888,0.008341618813574314,-0.10645772516727448,-0.01268710196018219,0.007610873319208622,0.8891855478286743,0.10753507912158966,-1.4966225887582214,1.3606165789512392,-1.0680353442749202,-0.0010201300028711557,-4.470348358154297e-07,-0.002888568677008152,-0.08180844783782959,0.013769889250397682,0.04377768561244011,0.01721147447824478,0.2941480875015259,0.1053353026509285,0.0030634121503680944,0.09380147606134415,0.3129135072231293,-0.15272680851174858,0.746265787243525,-1.3691709783240527,-0.007023489102721214,-0.0004979699151590466,0.0061751464381814,0.17567412555217743,0.17891962826251984,-0.04103884845972061,0.48365238308906555,-0.14968295395374298,-0.19394224882125854,0.009365350939333439,0.2540823221206665,0.54216068983078,-0.13638159473640002,0.37025118375374877,0.11988159935834883,-0.0009033284150063992,0.0007480659987777472,-0.00021761233801953495,0.005496169440448284,0.07953284680843353,0.008269066922366619,0.3467497229576111,-0.046499017626047134,-0.19051425158977509,0.001192878931760788,0.08015023171901703,0.3983631730079651,-1.090063410552395,1.2936290875620775,-1.0978600577526965
-0.002783960197120905,-0.0009730818565003574,-0.007186143659055233,-0.8368128538131714,0.2941511273384094,-0.07279351353645325,-0.00430037546902895,-0.10535282641649246,-0.0014316302258521318,0.00776775274425745,0.8899885416030884,0.10545028001070023,-1.4966225887582214,1.3606165789512392,-1.0680353442749202,-0.0008678542799316347,-0.00016352476086467505,-0.0029614116065204144,-0.08417495340108871,0.010256868787109852,0.07098057121038437,0.009704731404781342,0.29917824268341064,0.08807780593633652,0.0030902866274118423,0.11058420687913895,0.312024861574173,-0.15272680851174858,0.746265787243525,-1.3691709783240527,-0.006955275312066078,-0.0004644275759346783,0.006139380391687155,0.13224050402641296,0.1558757722377777,-0.04010959714651108,0.49285566806793213,-0.167732834815979,-0.21553900837898254,0.009288894012570381,0.2083112746477127,0.563469648361206,-0.13638159473640002,0.37025118375374877,0.11988159935834883,-0.0008965604938566685,0.0005233867559581995,-0.00032122418633662164,0.006063456647098064,0.06077183410525322,0.007084631361067295,0.40236422419548035,-0.035258110612630844,-0.1903231143951416,0.0010867103701457381,0.06148311495780945,0.44650083780288696,-1.090063410552395,1.2936290875620775,-1.0978600577526965
-0.002877495251595974,-0.0010728752240538597,-0.0072717866860330105,-0.8384712934494019,0.2887910008430481,-0.07928711175918579,-0.014323909766972065,-0.10464389622211456,0.006569432094693184,0.00789366289973259,0.8903486728668213,0.10582379996776581,-1.4978952264374459,1.3605643045130806,-1.069433211585002,-0.0006569577963091433,-0.00039464293513447046,-0.0030123451724648476,-0.08252978324890137,0.006914263591170311,0.08935235440731049,0.003012716770172119,0.3043757677078247,0.07365170121192932,0.003108304925262928,0.12183109670877457,0.3131744861602783,-0.15272680851174858,0.746265787243525,-1.3691709783240527,-0.006857925560325384,-0.0005115476669743657,0.005983517970889807,0.0993824377655983,0.12810973823070526,-0.03584783151745796,0.500080406665802,-0.1801382452249527,-0.23176853358745575,0.009115662425756454,0.16605433821678162,0.579867959022522,-0.13490195258337168,0.36871867925305324,0.12872457942280996,-0.0008312824065797031,0.0002897375379689038,-0.0004292489029467106,0.007233047392219305,0.046803396195173264,0.0002346942201256752,0.47277069091796875,-0.02174997702240944,-0.19031494855880737,0.0009794043144211173,0.047359585762023926,0.5101029276847839,-1.090063410552395,1.2936290875620775,-1.0978600577526965
-0.0029026875272393227,-0.0011570260394364595,-0.007334284950047731,-0.8365713357925415,0.2906453013420105,-0.08901718258857727,-0.02200503461062908,-0.10428965091705322,0.011618546210229397,0.007972204126417637,0.890084445476532,0.10721727460622787,-1.4978952264374459,1.3605643045130806,-1.069433211585002,-0.00040911592077463865,-0.0006673358730040491,-0.003017222275957465,-0.07734298706054688,0.004378948360681534,0.09569453448057175,-0.0026649534702301025,0.30958080291748047,0.06261701136827469,0.0031171049922704697,0.12312009185552597,0.31586113572120667,-0.15272680851174858,0.746265787243525,-1.3691709783240527,-0.006726987659931183,-0.0005765868118032813,0.005774775519967079,0.08130298554897308,0.09742530435323715,-0.03172481805086136,0.5049949288368225,-0.18925294280052185,-0.24302637577056885,0.008884415961802006,0.1307988166809082,0.5915220975875854,-0.13490195258337168,0.36871867925305324,0.12872457942280996,-0.0007280349964275956,7.82100178184919e-05,-0.0005202211323194206,0.008699404075741768,0.03959119692444801,-0.01020729262381792,0.5550049543380737,-0.006525369361042976,-0.1905079185962677,0.0008982103317975998,0.0418010912835598,0.5868273377418518,-1.090063410552395,1.2936290875620775,-1.0978600577526965
-0.002887434558942914,-0.0011996487155556679,-0.007359261624515057,-0.8313440084457397,0.2997201681137085,-0.09974727034568787,-0.0276743546128273,-0.1042167916893959,0.014276138506829739,0.00799594633281231,0.8893337845802307,0.10876956582069397,-1.4978952264374459,1.3605643045130806,-1.069433211585002,-0.00015246478142216802,-0.0009401187999173999,-0.002959169913083315,-0.0696418508887291,0.0030281171202659607,0.08946774899959564,-0.00740399956703186,0.3147498369216919,0.05491618812084198,0.003108658129349351,0.11341796815395355,0.3195904493331909,-0.15260723908046814,0.7460126167817682,-1.3692041363664802,-0.0066174957901239395,-0.0007007904932834208,0.005532507319003344,0.08045204728841782,0.06705842167139053,-0.027320191264152527,0.5082826614379883,-0.19494327902793884,-0.2502714693546295,0.008653958328068256,0.10823934525251389,0.5991576910018921,-0.13490195258337168,0.36871867925305324,0.12872457942280996,-0.0006082935142330825,-9.029662032844499e-05,-0.0005747944815084338,0.010172059759497643,0.039354268461465836,-0.021969137713313103,0.6426213383674622,0.009236318990588188,-0.19091379642486572,0.0008417619974352419,0.04620467498898506,0.6704443693161011,-1.090063410552395,1.2936290875620775,-1.0978600577526965
-0.002859080210328102,-0.001189711270853877,-0.007341464515775442,-0.8238085508346558,0.3143610954284668,-0.10892069339752197,-0.03159213811159134,-0.10432589799165726,0.015208398923277855,0.007967863231897354,0.8884521126747131,0.11006021499633789,-1.4978952264374459,1.3605643045130806,-1.069433211585002,8.000480011105537e-05,-0.001166275586001575,-0.0028348416090011597,-0.06091480329632759,0.002998111769556999,0.07285068184137344,-0.011201620101928711,0.31983518600463867,0.05019262433052063,0.003066419158130884,0.09500959515571594,0.3239434063434601,-0.15260723908046814,0.7460126167817682,-1.3692041363664802,-0.006561506539583206,-0.0008712074486538768,0.005306024104356766,0.09566208720207214,0.040965739637613297,-0.023912716656923294,0.5103842616081238,-0.19803054630756378,-0.2545238137245178,0.00848329346626997,0.10677661746740341,0.6037305593490601,-0.13490195258337168,0.36871867925305324,0.12872457942280996,-0.0004915170720778406,-0.00020650096121244133,-0.0005801920779049397,0.011409541592001915,0.04467806592583656,-0.03286819905042648,0.7274207472801208,0.024043453857302666,-0.19153639674186707,0.00078794319415465,0.056627076119184494,0.7525990009307861,-1.090063410552395,1.2936290875620775,-1.0978600577526965
-0.002838029293343425,-0.001133000710979104,-0.0072882771492004395,-0.8154641389846802,0.3316592872142792,-0.11469650268554688,-0.03381609916687012,-0.1044945940375328,0.01513299997895956,0.007902978919446468,0.8877696394920349,0.11086773872375488,-1.4978952264374459,1.3605643045130806,-1.069433211585002,0.00026140024419873953,-0.0013087248662486672,-0.002654697746038437,-0.05288827791810036,0.004203195683658123,0.04962313175201416,-0.014227673411369324,0.3246934413909912,0.047832392156124115,0.0029712810646742582,0.07264497131109238,0.3285059928894043,-0.15260723908046814,0.7460126167817682,-1.3692041363664802,-0.0065793381072580814,-0.0010600353125482798,0.005141828674823046,0.12258460372686386,0.022594468668103218,-0.022211963310837746,0.5117036700248718,-0.19929015636444092,-0.25673407316207886,0.008417230099439621,0.1266130656003952,0.6061927080154419,-0.13490195258337168,0.36871867925305324,0.12872457942280996,-0.0003941835311707109,-0.0002704947255551815,-0.0005339455092325807,0.01224500872194767,0.052827782928943634,-0.0410718135535717,0.8027806282043457,0.03671380132436752,-0.19236624240875244,0.00071669090539217,0.06802652776241302,0.8263228535652161,-1.090063410552395,1.2936290875620775,-1.0978600577526965
-0.002835922408849001,-0.0010490777203813195,-0.007213907781988382,-0.8078196048736572,0.34834790229797363,-0.11659252643585205,-0.034117843955755234,-0.10457639396190643,0.014791774563491344,0.007821987383067608,0.8874190449714661,0.11099119484424591,-1.4978952264374459,1.3605643045130806,-1.069433211585002,0.00037618220085278153,-0.00135122484061867,-0.0024362418334931135,-0.04682868346571922,0.006368841975927353,0.02399386465549469,-0.01650749146938324,0.32896658778190613,0.04715222865343094,0.002811155514791608,0.053001824766397476,0.33273839950561523,-0.15260723908046814,0.7460126167817682,-1.3692041363664802,-0.0066774263978004456,-0.0012403838336467743,0.00507315993309021,0.1548697054386139,0.013632390648126602,-0.02232830598950386,0.5125593543052673,-0.19937822222709656,-0.257683664560318,0.008477236144244671,0.15706375241279602,0.6073464155197144,-0.13490195258337168,0.36871867925305324,0.12872457942280996,-0.00032797304447740316,-0.00028822891181334853,-0.00044490586151368916,0.01261987630277872,0.06042736768722534,-0.04549016058444977,0.8653297424316406,0.04669990763068199,-0.1933697760105133,0.0006233645835891366,0.0766816958785057,0.8879010677337646,-1.090063410552395,1.2936290875620775,-1.0978600577526965
-0.0028563227970153093,-0.0009642856894060969,-0.007131246849894524,-0.8020216226577759,0.36170363426208496,-0.11521029472351074,-0.03193828463554382,-0.10439886152744293,0.014944476075470448,0.007742293644696474,0.887322723865509,0.11019307374954224,-1.4978952264374459,1.3605643045130806,-1.069433211585002,0.00042404234409332275,-0.001301841693930328,-0.0021995282731950283,-0.043190695345401764,0.009052947163581848,-0.00031204521656036377,-0.017916977405548096,0.33198681473731995,0.047436729073524475,0.0025908546522259712,0.044130366295576096,0.3358370363712311,-0.15260723908046814,0.7460126167817682,-1.3692041363664802,-0.006845627911388874,-0.0013978959759697318,0.005112245678901672,0.18585658073425293,0.013695351779460907,-0.02421272173523903,0.5131539106369019,-0.1987980306148529,-0.2579297423362732,0.008657470345497131,0.18792681396007538,0.6077625751495361,-0.13490195258337168,0.36871867925305324,0.12872457942280996,-0.0002966077590826899,-0.0002720176998991519,-0.00033175142016261816,0.01265922375023365,0.0644690990447998,-0.04597743600606918,0.9144011735916138,0.05338205397129059,-0.19387376308441162,0.0005215638084337115,0.08019005507230759,0.9362511038780212,-1.0886642137356994,1.2933384360855502,-1.0957186616962706
-0.0028933058492839336,-0.0009033845853991807,-0.007052679546177387,-0.7986463308334351,0.3701637089252472,-0.11164048314094543,-0.026387128978967667,-0.10376353561878204,0.016367942094802856,0.007676431909203529,0.8873109817504883,0.1083100289106369,-1.4978952264374459,1.3605643045130806,-1.069433211585002,0.00041339860763400793,-0.001182669890113175,-0.001969673437997699,-0.04161819815635681,0.011716611683368683,-0.020507492125034332,-0.018135719001293182,0.3326929211616516,0.047960229218006134,0.0023343563079833984,0.0478530116379261,0.336620956659317,-0.15260723908046814,0.7460126167817682,-1.3692041363664802,-0.007058006711304188,-0.001524700433947146,0.005247360561043024,0.20979280769824982,0.020946739241480827,-0.027805382385849953,0.5135526657104492,-0.19789262115955353,-0.25777915120124817,0.008926083333790302,0.2126615345478058,0.6077399849891663,-0.13490195258337168,0.36871867925305324,0.12872457942280996,-0.00029286014614626765,-0.00024199634208343923,-0.00021749024745076895,0.012348489835858345,0.06336948275566101,-0.0433189682662487,0.9500720500946045,0.05823863297700882,-0.19491755962371826,0.0004377571167424321,0.07774772495031357,0.9716076850891113,-1.0886642137356994,1.2933384360855502,-1.0957186616962706
-0.0029325871728360653,-0.0008818767382763326,-0.006993680726736784,-0.7976530194282532,0.3735029101371765,-0.10716044902801514,-0.016298439353704453,-0.1024518758058548,0.019844654947519302,0.0076347459107637405,0.8872644305229187,0.10562119632959366,-1.4978952264374459,1.3605643045130806,-1.069433211585002,0.00035541749093681574,-0.0010172909824177623,-0.0017773160943761468,-0.041253868490457535,0.01383897289633751,-0.03488713875412941,-0.016620486974716187,0.3295777142047882,0.0479886457324028,0.0020784742664545774,0.05577195808291435,0.333467572927475,-0.15260723908046814,0.7460126167817682,-1.3692041363664802,-0.007279585115611553,-0.001606687786988914,0.005446143448352814,0.22278180718421936,0.032721132040023804,-0.03283295780420303,0.5136711597442627,-0.19685371220111847,-0.25728002190589905,0.009232241660356522,0.2275530844926834,0.6072911024093628,-0.13490195258337168,0.36871867925305324,0.12872457942280996,-0.0002987242769449949,-0.00021890437346883118,-0.00012471055379137397,0.01192458812147379,0.05742112547159195,-0.03888710215687752,0.9730859994888306,0.061160434037446976,-0.19571542739868164,0.00039077879046089947,0.07036752253770828,0.9944553971290588,-1.0886642137356994,1.2933384360855502,-1.0957186616962706
-0.0029582292772829533,-0.000902267056517303,-0.006967361085116863,-0.7984589338302612,0.3726903796195984,-0.10313805937767029,-0.00036040134727954865,-0.1002410277724266,0.026124341413378716,0.007622947450727224,0.8871709108352661,0.10358993709087372,-1.4978952264374459,1.3605643045130806,-1.069433211585002,0.0002668670495040715,-0.0008290574187412858,-0.0016491867136210203,-0.04124455153942108,0.015068300068378448,-0.04282772168517113,-0.012606441974639893,0.32068902254104614,0.046775855123996735,0.001865039230324328,0.06133824586868286,0.3243275284767151,-0.15260723908046814,0.7460126167817682,-1.3692041363664802,-0.0074739353731274605,-0.0016257095849141479,0.0056650289334356785,0.2234477549791336,0.04558669775724411,-0.03858835995197296,0.5132676362991333,-0.19573859870433807,-0.2562244236469269,0.009518151171505451,0.231292262673378,0.6061421036720276,-0.13490195258337168,0.36871867925305324,0.12872457942280996,-0.0002951740752905607,-0.0002165441692341119,-6.936087447684258e-05,0.01152844913303852,0.04849196597933769,-0.03413629159331322,0.983456015586853,0.06266003102064133,-0.19594591856002808,0.0003725990536622703,0.06041243299841881,1.00474214553833,-1.0886642137356994,1.2933384360855502,-1.0957186616962706
-0.0029596963431686163,-0.0009560349280945957,-0.0069745369255542755,-0.8001056909561157,0.36958879232406616,-0.10073751211166382,0.02265729382634163,-0.09693386405706406,0.03584248200058937,0.0076366206631064415,0.8870812058448792,0.10580269247293472,-1.4978952264374459,1.3605643045130806,-1.069433211585002,0.00017252538236789405,-0.0006446099141612649,-0.0015948102809488773,-0.04100286215543747,0.015316559001803398,-0.04489341378211975,-0.005147218704223633,0.303716242313385,0.04357132315635681,0.001728787668980658,0.06269968301057816,0.30686888098716736,-0.15260723908046814,0.7460126167817682,-1.3692041363664802,-0.007609966676682234,-0.0015767724253237247,0.0058602881617844105,0.21279671788215637,0.05570188909769058,-0.04394255578517914,0.511942446231842,-0.19449175894260406,-0.2541610598564148,0.009733487851917744,0.22431248426437378,0.6037465929985046,-0.13490195258337168,0.36871867925305324,0.12872457942280996,-0.0002738083712756634,-0.00023989251349121332,-5.5185126257129014e-05,0.011231341399252415,0.039106663316488266,-0.0300869382917881,0.9801364541053772,0.06323562562465668,-0.19517120718955994,0.00036819130764342844,0.050603337585926056,1.001378059387207,-1.0886642137356994,1.2933384360855502,-1.0957186616962706
-0.0029348579701036215,-0.0010271925712004304,-0.0070021613501012325,-0.8014941215515137,0.3665327727794647,-0.10049474239349365,0.05355323106050491,-0.09240791946649551,0.04938070476055145,0.007661513052880764,0.887039065361023,0.11766743659973145,-1.4978952264374459,1.3605643045130806,-1.069433211585002,9.799230610951781e-05,-0.0004904466914013028,-0.0016021635383367538,-0.039979349821805954,0.014698239043354988,-0.0428808331489563,0.006790127605199814,0.2762029469013214,0.03765349090099335,0.0016784124309197068,0.06044131517410278,0.27884039282798767,-0.15260723908046814,0.7460126167817682,-1.3692041363664802,-0.007669468410313129,-0.0014782794751226902,0.005998842418193817,0.19341149926185608,0.06002626568078995,-0.04772364720702171,0.5091511011123657,-0.19296874105930328,-0.25042253732681274,0.009848460555076599,0.2080593854188919,0.5993189811706543,-0.13490195258337168,0.36871867925305324,0.12872457942280996,-0.00023887721181381494,-0.00028929547988809645,-6.991592817939818e-05,0.01103266142308712,0.031513504683971405,-0.02714001201093197,0.9608131647109985,0.06333409249782562,-0.19283664226531982,0.00038163128192536533,0.043027907609939575,0.9820178747177124,-1.0886642137356994,1.2933384360855502,-1.0957186616962706
-0.002889202907681465,-0.0010946791153401136,-0.007030687760561705,-0.8016632199287415,0.36572352051734924,-0.10222896933555603,0.09219878911972046,-0.08668665587902069,0.06665714085102081,0.007679608650505543,0.8870560526847839,0.1430327594280243,-1.4978952264374459,1.3605643045130806,-1.069433211585002,5.771309952251613e-05,-0.0003844011516775936,-0.0016458630561828613,-0.03747917711734772,0.013412382453680038,-0.03941137343645096,0.024156343191862106,0.23593191802501678,0.0284053236246109,0.0016911416314542294,0.05601640045642853,0.2388603389263153,-0.15260723908046814,0.7460126167817682,-1.3692041363664802,-0.0076506249606609344,-0.001361147966235876,0.006067540030926466,0.1688133329153061,0.057437505573034286,-0.04919886589050293,0.5042387247085571,-0.19096437096595764,-0.24417591094970703,0.009858997538685799,0.18497984111309052,0.5919002890586853,-0.13490195258337168,0.36871867925305324,0.12872457942280996,-0.00020044670964125544,-0.00035982250119559467,-9.028543718159199e-05,0.010892036370933056,0.027252813801169395,-0.025253726169466972,0.9219982624053955,0.06333404779434204,-0.18829315900802612,0.00042166642379015684,0.03871824964880943,0.9431576132774353,-1.0886642137356994,1.2933384360855502,-1.0957186616962706
-0.0028330760542303324,-0.0011363407829776406,-0.007044696249067783,-0.8001018166542053,0.36846819519996643,-0.10529708862304688,0.13688573241233826,-0.08003488928079605,0.08684080094099045,0.0076775867491960526,0.8871410489082336,0.18078885972499847,-1.4978952264374459,1.3605643045130806,-1.069433211585002,4.5172637328505516e-05,-0.0003319256647955626,-0.0017004053806886077,-0.03307441994547844,0.011747073382139206,-0.03716634586453438,0.047557283192873,0.18153071403503418,0.015445910394191742,0.0017330879345536232,0.05111994221806526,0.18829144537448883,-0.15260723908046814,0.7460126167817682,-1.3692041363664802,-0.007565392181277275,-0.0012467580381780863,0.0060729412361979485,0.14337334036827087,0.04877713322639465,-0.04833375662565231,0.4965052604675293,-0.1882469207048416,-0.23451076447963715,0.00978111382573843,0.15896941721439362,0.5804736614227295,-0.13490195258337168,0.36871867925305324,0.12872457942280996,-0.00016785701154731214,-0.00043470642413012683,-9.754236816661432e-05,0.01075444370508194,0.027262169867753983,-0.02416147291660309,0.8594764471054077,0.06353972852230072,-0.180853933095932,0.0004760884039569646,0.03798237442970276,0.8805936574935913,-1.0886642137356994,1.2933384360855502,-1.0957186616962706
-0.0027809711173176765,-0.0011362545192241669,-0.007041432894766331,-0.7969130277633667,0.37475648522377014,-0.10880529880523682,0.18400001525878906,-0.07300624251365662,0.10821159929037094,0.00765549810603261,0.8873282670974731,0.22560067474842072,-1.4978952264374459,1.3605643045130806,-1.069433211585002,3.377298708073795e-05,-0.0003263961407355964,-0.001751556759700179,-0.027263011783361435,0.010163463652133942,-0.03815894573926926,0.07688015699386597,0.1133384108543396,-0.0011695995926856995,0.001782028703019023,0.04798617586493492,0.13695810735225677,-0.15260723908046814,0.7460126167817682,-1.3692041363664802,-0.007436624728143215,-0.001133874524384737,0.00603154581040144,0.12166258692741394,0.03592914342880249,-0.045622311532497406,0.485316663980484,-0.18460312485694885,-0.22058087587356567,0.009642022661864758,0.13481129705905914,0.5641511678695679,-0.13490195258337168,0.36871867925305324,0.12872457942280996,-0.00014743373321834952,-0.00048592561506666243,-9.009447239805013e-05,0.010532582178711891,0.03191756457090378,-0.023239756003022194,0.7691705822944641,0.06417777389287949,-0.16989710927009583,0.0005157299456186593,0.04086260497570038,0.7903209328651428,-1.0886642137356994,1.2933384360855502,-1.0957186616962706
-0.002751755528151989,-0.0010909578995779157,-0.007026347331702709,-0.7926769256591797,0.38354551792144775,-0.11170637607574463,0.22900763154029846,-0.06629398465156555,0.1286182403564453,0.007624428253620863,0.8876498341560364,0.2708911895751953,-1.4978952264374459,1.3605643045130806,-1.069433211585002,-6.8712979555130005e-06,-0.00034723180579021573,-0.0018004460725933313,-0.021370425820350647,0.009199438616633415,-0.04330267012119293,0.11079949140548706,0.03455297648906708,-0.020676635205745697,0.0018336365465074778,0.049157362431287766,0.11788960546255112,-0.15260723908046814,0.7460126167817682,-1.3692041363664802,-0.007293211296200752,-0.001004427089355886,0.00596510199829936,0.10644467920064926,0.020869029685854912,-0.04140165448188782,0.47027650475502014,-0.17989790439605713,-0.2018178105354309,0.009475349448621273,0.11610376089811325,0.5424515604972839,-0.13490195258337168,0.36871867925305324,0.12872457942280996,-0.0001437529135728255,-0.0004873440775554627,-7.569083390990272e-05,0.010096938349306583,0.04065761715173721,-0.021362068131566048,0.648507833480835,0.06539055705070496,-0.15503038465976715,0.0005137103144079447,0.04702475666999817,0.6699796319007874,-1.0886642137356994,1.2933384360855502,-1.0957186616962706
-0.002762014977633953,-0.0010087712435051799,-0.00699961744248867,-0.7882097959518433,0.39328375458717346,-0.11286979913711548,0.26834583282470703,-0.060446713119745255,0.14634928107261658,0.007592166308313608,0.8880801796913147,0.3115788698196411,-1.4978952264374459,1.3605643045130806,-1.069433211585002,-9.177083848044276e-05,-0.00036213360726833344,-0.0018500583246350288,-0.016415726393461227,0.009093796834349632,-0.05217362195253372,0.14652913808822632,-0.04819634556770325,-0.04146526753902435,0.00188739993609488,0.05544601008296013,0.1597280353307724,-0.15260723908046814,0.7460126167817682,-1.3692041363664802,-0.007162339054048061,-0.0008450651075690985,0.0059082526713609695,0.09754472970962524,0.005319274961948395,-0.03545002639293671,0.45146501064300537,-0.17415274679660797,-0.17823141813278198,0.009323126636445522,0.10392291843891144,0.5156707167625427,-0.13490195258337168,0.36871867925305324,0.12872457942280996,-0.0001605537545401603,-0.0004286203475203365,-5.4103496950119734e-05,0.00934192631393671,0.05161707475781441,-0.01735650934278965,0.49835753440856934,0.06722106039524078,-0.1363266259431839,0.000460890558315441,0.05525253340601921,0.5210219025611877,-1.0886642137356994,1.2933384360855502,-1.0957186616962706
-0.002813137834891677,-0.000903543783351779,-0.006956422235816717,-0.784473717212677,0.4020673334598541,-0.11126315593719482,0.30040180683135986,-0.055720698088407516,0.16058623790740967,0.007557906210422516,0.8885024785995483,0.3451579213142395,-1.4978952264374459,1.3605643045130806,-1.069433211585002,-0.00021287216804921627,-0.00034174113534390926,-0.001884864759631455,-0.012192836962640285,0.0094818826764822,-0.06281844526529312,0.180567666888237,-0.12659931182861328,-0.06151580065488815,0.001927386038005352,0.06468947976827621,0.22894598543643951,-0.15260723908046814,0.7460126167817682,-1.3692041363664802,-0.007068873383104801,-0.0006697087083011866,0.005910341162234545,0.09338290989398956,-0.009437340311706066,-0.02761135995388031,0.42975834012031555,-0.16764527559280396,-0.15080712735652924,0.009238485246896744,0.09783567488193512,0.48532459139823914,-0.13490195258337168,0.36871867925305324,0.12872457942280996,-0.00019684215658344328,-0.000315197859890759,-1.6937556210905313e-05,0.008273557759821415,0.0619504489004612,-0.010758192278444767,0.3255753517150879,0.0695868656039238,-0.11463756114244461,0.00037199919461272657,0.06341962516307831,0.3521127998828888,-1.0886642137356994,1.2933384360855502,-1.0957186616962706
-0.0028829078655689955,-0.0007906346581876278,-0.006899445317685604,-0.7824859619140625,0.4077123999595642,-0.10648611187934875,0.325170636177063,-0.05212987959384918,0.1712537556886673,0.007519215811043978,0.8887367248535156,0.37118905782699585,-1.4978952264374459,1.3605643045130806,-1.069433211585002,-0.00034759697155095637,-0.00027846195735037327,-0.001881699776276946,-0.007563827559351921,0.009528426453471184,-0.07204508781433105,0.21012960374355316,-0.19402241706848145,-0.07922690361738205,0.0019336903933435678,0.07306502014398575,0.2967761158943176,-0.15260723908046814,0.7460126167817682,-1.3692041363664802,-0.007032865192741156,-0.0005173789104446769,0.0060067009180784225,0.09244707226753235,-0.02241433411836624,-0.018417101353406906,0.4069848954677582,-0.16095708310604095,-0.12170517444610596,0.00926333200186491,0.09689196199178696,0.4542642831802368,-0.13490195258337168,0.36871867925305324,0.12872457942280996,-0.00024263121304102242,-0.00015885091852396727,4.003031790489331e-05,0.007015405222773552,0.06884296238422394,-0.002038500737398863,0.1442992091178894,0.07227116823196411,-0.09175144135951996,0.0002927557798102498,0.06922950595617294,0.18564404547214508,-1.0886642137356994,1.2933384360855502,-1.0957186616962706
-0.0029334628488868475,-0.0006901232991367579,-0.0068437084555625916,-0.7829134464263916,0.40856409072875977,-0.09917330741882324,0.3435772657394409,-0.049545787274837494,0.17871931195259094,0.007477822247892618,0.8886582255363464,0.390436589717865,-1.4978952264374459,1.3605643045130806,-1.069433211585002,-0.00048062828136608005,-0.00019254692597314715,-0.0018438807455822825,-0.001387953758239746,0.00839858315885067,-0.07666924595832825,0.23388853669166565,-0.24726705253124237,-0.09383956342935562,0.0019151956075802445,0.07714036107063293,0.3530590832233429,-0.15260723908046814,0.7460126167817682,-1.3692041363664802,-0.007056276313960552,-0.00041666103061288595,0.006177233066409826,0.09297605603933334,-0.031997475773096085,-0.008975338190793991,0.38544175028800964,-0.1548229306936264,-0.09366171807050705,0.009387376718223095,0.0987367331981659,0.4258027672767639,-0.13490195258337168,0.36871867925305324,0.12872457942280996,-0.00028153086896054447,1.9949082343373448e-05,0.00011011426977347583,0.005755675490945578,0.07033885270357132,0.007664836011826992,-0.02777731604874134,0.07499075680971146,-0.06991373002529144,0.00030295667238533497,0.07098895311355591,0.10622204095125198,-1.0886642137356994,1.2933384360855502,-1.0957186616962706
-0.0029334239661693573,-0.0006321680266410112,-0.006811437197029591,-0.785743236541748,0.4043976664543152,-0.09045526385307312,0.3569902777671814,-0.04769136756658554,0.1834917664527893,0.007443137001246214,0.8883197903633118,0.40421006083488464,-1.4987390370808369,1.3604860596147481,-1.0704854433469404,-0.0006138588069006801,-0.00011776399333029985,-0.0018039385322481394,0.0066332388669252396,0.005769804120063782,-0.07518325746059418,0.2516956925392151,-0.2860523760318756,-0.1052403450012207,0.0019091583089902997,0.07569552958011627,0.39528748393058777,-0.1527559587140751,0.7458889346413294,-1.3692124468983804,-0.00713701918721199,-0.00039439130341634154,0.0063296472653746605,0.09326764196157455,-0.03638351336121559,-0.001112261787056923,0.3666473925113678,-0.15026305615901947,-0.06961044669151306,0.00954761914908886,0.10011917352676392,0.40231195092201233,-0.13405554918853468,0.36813927306742383,0.13940541175539947,-0.0002978801494464278,0.00018235044262837619,0.0001752010575728491,0.004724133759737015,0.0657053217291832,0.016664933413267136,-0.1766061782836914,0.07751578092575073,-0.050909947603940964,0.0003907424979843199,0.06795017421245575,0.19947496056556702,-1.0886642137356994,1.2933384360855502,-1.0957186616962706
-0.0028658786322921515,-0.0006439994322136045,-0.0068259513936936855,-0.790002703666687,0.3969191610813141,-0.08202001452445984,0.36662715673446655,-0.04652934521436691,0.18634185194969177,0.007431124337017536,0.8879055976867676,0.413888543844223,-1.4987390370808369,1.3604860596147481,-1.0704854433469404,-0.000747299287468195,-7.926265243440866e-05,-0.0017938779201358557,0.015568139962852001,0.0020654425024986267,-0.06852973997592926,0.26418831944465637,-0.31173938512802124,-0.11380161345005035,0.001944925868883729,0.07030617445707321,0.4241788685321808,-0.1527559587140751,0.7458889346413294,-1.3692124468983804,-0.0072294073179364204,-0.00032931112218648195,0.006420144811272621,0.09357815980911255,-0.03419851139187813,0.003775613382458687,0.3520968556404114,-0.14689302444458008,-0.0490131601691246,0.009674246422946453,0.09970288723707199,0.38464534282684326,-0.13405554918853468,0.36813927306742383,0.13940541175539947,-0.0002827444113790989,0.0002820610534399748,0.00021234367159195244,0.004189099185168743,0.0558585450053215,0.02267279662191868,-0.2955256700515747,0.07973043620586395,-0.03559010475873947,0.0004523192183114588,0.06042996793985367,0.30815422534942627,-1.0886642137356994,1.2933384360855502,-1.0957186616962706
-0.002735656686127186,-0.0007367021171376109,-0.006896235514432192,-0.7947219014167786,0.3879604637622833,-0.07539433240890503,0.3735441267490387,-0.045808278024196625,0.18777021765708923,0.007455508690327406,0.8875700235366821,0.42058444023132324,-1.4987390370808369,1.3604860596147481,-1.0704854433469404,-0.0008583414601162076,-8.293200517073274e-05,-0.001828167587518692,0.023765381425619125,-0.001796923577785492,-0.059426333755254745,0.272246778011322,-0.3267210125923157,-0.11991766840219498,0.002021342283114791,0.06402742862701416,0.44186556339263916,-0.1527559587140751,0.7458889346413294,-1.3692124468983804,-0.007321220822632313,-0.00023795769084244967,0.006395988166332245,0.09543123096227646,-0.026110121980309486,0.004965342581272125,0.34159523248672485,-0.14498497545719147,-0.032726142555475235,0.009724482893943787,0.09906317293643951,0.372530460357666,-0.13405554918853468,0.36813927306742383,0.13940541175539947,-0.00023732073896098882,0.00029465739498846233,0.00020585270249284804,0.004402980208396912,0.04354950040578842,0.02334621176123619,-0.3839090168476105,0.08191300183534622,-0.024294376373291016,0.0004307196941226721,0.04960837587714195,0.39330151677131653,-1.087637922800891,1.2929189842020588,-1.0938213948140314
-0.002559345681220293,-0.0008883925620466471,-0.007013592403382063,-0.7987783551216125,0.37968772649765015,-0.07201236486434937,0.37823137640953064,-0.04541480541229248,0.18821968138217926,0.007518641650676727,0.8873530626296997,0.4249095320701599,-1.4987390370808369,1.3604860596147481,-1.0704854433469404,-0.0009135309373959899,-0.00011912331683561206,-0.0019039663020521402,0.029475320130586624,-0.0047844937071204185,-0.05115170031785965,0.27682217955589294,-0.3337068259716034,-0.12396114319562912,0.0021151399705559015,0.059229910373687744,0.45095133781433105,-0.1527559587140751,0.7458889346413294,-1.3692124468983804,-0.007379268761724234,-0.00013265808229334652,0.006273842416703701,0.10054586827754974,-0.012903247028589249,0.003423260524868965,0.33474066853523254,-0.14438988268375397,-0.0203254297375679,0.009686707518994808,0.10142822563648224,0.3651203513145447,-0.13405554918853468,0.36813927306742383,0.13940541175539947,-0.00017354090232402086,0.00023408251581713557,0.00015365293074864894,0.005374394357204437,0.03264408931136131,0.017581531777977943,-0.44498226046562195,0.083525650203228,-0.016167491674423218,0.00032942419056780636,0.037465061992406845,0.45304206013679504,-1.087637922800891,1.2929189842020588,-1.0938213948140314
-0.0023646471090614796,-0.0010541516821831465,-0.007154017221182585,-0.801186740398407,0.37420687079429626,-0.07230493426322937,0.3805084526538849,-0.045309677720069885,0.18797177076339722,0.007608071435242891,0.8872197866439819,0.4268173277378082,-1.4987390370808369,1.3604860596147481,-1.0704854433469404,-0.0008923367131501436,-0.00017117016250267625,-0.002003466011956334,0.03138931468129158,-0.006063210777938366,-0.046552687883377075,0.2787317633628845,-0.33541303873062134,-0.12611547112464905,0.002199872862547636,0.05647303909063339,0.45398062467575073,-0.1527559587140751,0.7458889346413294,-1.3692124468983804,-0.007379118353128433,-4.337192513048649e-05,0.006105596665292978,0.10998795181512833,0.0042939502745866776,0.00043179281055927277,0.3308659493923187,-0.14481407403945923,-0.011237818747758865,0.009577659890055656,0.11007258296012878,0.36134427785873413,-0.13405554918853468,0.36813927306742383,0.13940541175539947,-0.00010990558075718582,0.000143847253639251,6.507056241389364e-05,0.006937478203326464,0.02687644772231579,0.006268774159252644,-0.48341989517211914,0.0848267450928688,-0.010845467448234558,0.00019236799562349916,0.028456449508666992,0.490925669670105,-1.087637922800891,1.2929189842020588,-1.0938213948140314
-0.0021899589337408543,-0.0011861693346872926,-0.00728455139324069,-0.801323652267456,0.37303662300109863,-0.07579132914543152,0.37942740321159363,-0.04553660750389099,0.18713431060314178,0.007698545698076487,0.8871416449546814,0.42550909519195557,-1.4987390370808369,1.3604860596147481,-1.0704854433469404,-0.0008013598853722215,-0.00022394012194126844,-0.0021032891236245632,0.029173962771892548,-0.0052872104570269585,-0.04720915108919144,0.2785537838935852,-0.33438602089881897,-0.12628719210624695,0.0022618912626057863,0.05574745312333107,0.45316076278686523,-0.1527559587140751,0.7458889346413294,-1.3692124468983804,-0.007319841533899307,4.515895852819085e-06,0.005953723099082708,0.12395072728395462,0.023891787976026535,-0.0033729635179042816,0.32919031381607056,-0.14583513140678406,-0.005009308457374573,0.009435407817363739,0.1262773722410202,0.3600822687149048,-0.13405554918853468,0.36813927306742383,0.13940541175539947,-6.720261444570497e-05,6.970668619032949e-05,-3.651919178082608e-05,0.008728482760488987,0.0287297572940588,-0.008156786672770977,-0.5043423175811768,0.08581455796957016,-0.007739171385765076,0.00010348364594392478,0.0311146043241024,0.511649489402771,-1.087637922800891,1.2929189842020588,-1.0938213948140314
-0.0020784081425517797,-0.0012507920619100332,-0.0073711262084543705,-0.7990756630897522,0.3766426146030426,-0.08162114024162292,0.3732343316078186,-0.04622384533286095,0.18564537167549133,0.007760010194033384,0.887154757976532,0.41940996050834656,-1.4987390370808369,1.3604860596147481,-1.0704854433469404,-0.0006773236091248691,-0.0002666328218765557,-0.0021884485613554716,0.023503169417381287,-0.002684112638235092,-0.05294721573591232,0.2765805721282959,-0.3329392671585083,-0.12406137585639954,0.0023063321132212877,0.05799147114157677,0.45026278495788574,-0.1527559587140751,0.7458889346413294,-1.3692124468983804,-0.007222516927868128,9.815848898142576e-06,0.005864965263754129,0.14140357077121735,0.04449072852730751,-0.007777591235935688,0.32890981435775757,-0.1468971222639084,-0.001502111554145813,0.009303906001150608,0.14844152331352234,0.3602258861064911,-0.13405554918853468,0.36813927306742383,0.13940541175539947,-6.198868504725397e-05,4.127906504436396e-05,-0.0001158443046733737,0.010365866124629974,0.03863126039505005,-0.022764256224036217,-0.5123612284660339,0.08643103390932083,-0.006356865167617798,0.0001377187727484852,0.04602213576436043,0.5196390748023987,-1.087637922800891,1.2929189842020588,-1.0938213948140314
-0.0020628778729587793,-0.0012350797187536955,-0.007392894010990858,-0.7949340343475342,0.3841917812824249,-0.08870112895965576,0.3594110906124115,-0.047578196972608566,0.1832917481660843,0.007774044759571552,0.8873507380485535,0.4062460660934448,-1.4987390370808369,1.3604860596147481,-1.0704854433469404,-0.0005758730112574995,-0.00028852582909166813,-0.00225094729103148,0.015400689095258713,0.0011690352112054825,-0.062017906457185745,0.2728193998336792,-0.3331505358219147,-0.11870235204696655,0.002341290470212698,0.06391219794750214,0.44666537642478943,-0.1527559587140751,0.7458889346413294,-1.3692124468983804,-0.007123280316591263,4.099856596440077e-07,0.005858466029167175,0.16003060340881348,0.06487862020730972,-0.012477675452828407,0.3292413651943207,-0.14729507267475128,-0.0010281205177307129,0.009222947061061859,0.17313209176063538,0.36068931221961975,-0.13405554918853468,0.36813927306742383,0.13940541175539947,-9.840005077421665e-05,6.89477747073397e-05,-0.00014093083154875785,0.011570651084184647,0.05461457371711731,-0.03501654043793678,-0.5110883116722107,0.08654142171144485,-0.00637565553188324,0.0001851968263508752,0.06589984893798828,0.5184026956558228,-1.087637922800891,1.2929189842020588,-1.0938213948140314
-0.002150746760889888,-0.0011459729867056012,-0.007353788707405329,-0.7899704575538635,0.39362820982933044,-0.0956135094165802,0.3348327875137329,-0.049868203699588776,0.17974267899990082,0.00774707505479455,0.8877716064453125,0.3832848370075226,-1.4987390370808369,1.3604860596147481,-1.0704854433469404,-0.0005452660261653364,-0.00027714919997379184,-0.002277397084981203,0.0056920964270830154,0.005610411986708641,-0.07174891978502274,0.2670343220233917,-0.3368706703186035,-0.10920874029397964,0.0023581059649586678,0.07219268381595612,0.4435264766216278,-0.1527559587140751,0.7458889346413294,-1.3692124468983804,-0.007067624479532242,9.989220416173339e-06,0.005935928784310818,0.17679961025714874,0.08335845917463303,-0.017019517719745636,0.329436719417572,-0.14615988731384277,-0.00441955029964447,0.009229661896824837,0.1962049901485443,0.36043140292167664,-0.13405554918853468,0.36813927306742383,0.13940541175539947,-0.00016578320355620235,0.00014755070151295513,-0.00010150048910873011,0.012212921865284443,0.07261969894170761,-0.04318835958838463,-0.5029274225234985,0.08592280000448227,-0.007673725485801697,0.00024404432042501867,0.08536984771490097,0.5102720856666565,-1.087637922800891,1.2929189842020588,-1.0938213948140314
-0.0023195266257971525,-0.001008427469059825,-0.00727564562112093,-0.7855746746063232,0.4022199213504791,-0.10078641772270203,0.29609325528144836,-0.05339261144399643,0.17460322380065918,0.007702736649662256,0.8882941007614136,0.3478624224662781,-1.4987390370808369,1.3604860596147481,-1.0704854433469404,-0.0006015019025653601,-0.00022420799359679222,-0.002249631565064192,-0.00488558504730463,0.009957825765013695,-0.07917381823062897,0.2588278651237488,-0.3456994891166687,-0.09443715214729309,0.002339426428079605,0.07994698733091354,0.44206151366233826,-0.1527559587140751,0.7458889346413294,-1.3692124468983804,-0.007094693370163441,4.975695628672838e-05,0.006095584481954575,0.18892306089401245,0.09770957380533218,-0.021022198721766472,0.32878366112709045,-0.14245910942554474,-0.013030368834733963,0.009353785775601864,0.21373116970062256,0.35855692625045776,-0.13405554918853468,0.36813927306742383,0.13940541175539947,-0.00024438826949335635,0.0002592316595837474,-1.1619682481978089e-05,0.01229064166545868,0.08754733949899673,-0.04638192057609558,-0.48907554149627686,0.08426392078399658,-0.010331451892852783,0.0003564571379683912,0.09983425587415695,0.4963889718055725,-1.087637922800891,1.2929189842020588,-1.0938213948140314
-0.0025262408889830112,-0.0008612506208010018,-0.007181265391409397,-0.7830332517623901,0.40736502408981323,-0.103059321641922,0.24006140232086182,-0.05842887610197067,0.1674933135509491,0.007661215029656887,0.8886554837226868,0.2984919250011444,-1.4987390370808369,1.3604860596147481,-1.0704854433469404,-0.000722973607480526,-0.00013386906357482076,-0.0021582324989140034,-0.015329087153077126,0.013479415327310562,-0.08153096586465836,0.24776802957057953,-0.3608899712562561,-0.0733155608177185,0.002280039247125387,0.08404745161533356,0.4438532888889313,-0.1527559587140751,0.7458889346413294,-1.3692124468983804,-0.007214604411274195,0.00010383353219367564,0.006329809315502644,0.19437044858932495,0.1059388667345047,-0.024339038878679276,0.32660916447639465,-0.13503186404705048,-0.02865011617541313,0.009598322212696075,0.22270002961158752,0.35458141565322876,-0.13405554918853468,0.36813927306742383,0.13940541175539947,-0.00031257682712748647,0.00037407324998639524,0.00010309322533430532,0.011893668211996555,0.09488781541585922,-0.04452499747276306,-0.46968352794647217,0.08118173480033875,-0.01460292935371399,0.000498260254971683,0.10548759996891022,0.47687140107154846,-1.087637922800891,1.2929189842020588,-1.0938213948140314
-0.0027231662534177303,-0.0007473858422599733,-0.007086547091603279,-0.7831321358680725,0.4073585569858551,-0.10218736529350281,0.16473378241062164,-0.0651555210351944,0.15816089510917664,0.007628458086401224,0.8886389136314392,0.2374812215566635,-1.4987390370808369,1.3604860596147481,-1.0704854433469404,-0.0008656715508550406,-2.6268186047673225e-05,-0.0020103631541132927,-0.024485569447278976,0.015523675829172134,-0.07688041031360626,0.2335662543773651,-0.3831484615802765,-0.045166775584220886,0.0021889808122068644,0.08216522634029388,0.45099443197250366,-0.1527559587140751,0.7458889346413294,-1.3692124468983804,-0.00740475207567215,0.00014551726053468883,0.006612684577703476,0.19145385921001434,0.10681573301553726,-0.027269426733255386,0.3223004639148712,-0.12267950922250748,-0.05330277234315872,0.009928702376782894,0.22092486917972565,0.3489542007446289,-0.13405554918853468,0.36813927306742383,0.13940541175539947,-0.00035261810990050435,0.00045563760795630515,0.00021746489801444113,0.011166862212121487,0.092272087931633,-0.03834875673055649,-0.4441469609737396,0.07626044750213623,-0.020857304334640503,0.0006158215110190213,0.10054583102464676,0.4511288106441498,-1.087637922800891,1.2929189842020588,-1.0938213948140314
-0.0028681952971965075,-0.0006994707509875298,-0.007002123631536961,-0.7859686613082886,0.40182173252105713,-0.09882009029388428,0.07044151425361633,-0.07354377210140228,0.14663466811180115,0.0075990487821400166,0.8882414102554321,0.17852848768234253,-1.4987390370808369,1.3604860596147481,-1.0704854433469404,-0.000986837549135089,6.955221761018038e-05,-0.0018294479232281446,-0.03151702135801315,0.015735169872641563,-0.06460357457399368,0.21631461381912231,-0.4123055934906006,-0.01016286015510559,0.0020797995384782553,0.07358355820178986,0.46571579575538635,-0.1527559587140751,0.7458889346413294,-1.3692124468983804,-0.007626161444932222,0.00015704383258707821,0.0068990434519946575,0.17859002947807312,0.09984458237886429,-0.030669603496789932,0.31535759568214417,-0.10433534532785416,-0.08889490365982056,0.01028493046760559,0.20689117908477783,0.34385839104652405,-0.13405554918853468,0.36813927306742383,0.13940541175539947,-0.0003534205607138574,0.0004771454550791532,0.00031185089028440416,0.01026306115090847,0.0802413821220398,-0.029150446876883507,-0.4115234613418579,0.06912122666835785,-0.029484212398529053,0.0006706897984258831,0.08598696440458298,0.4183283746242523,-1.087637922800891,1.2929189842020588,-1.0938213948140314
-0.0029293401166796684,-0.0007274828385561705,-0.006934386678040028,-0.7910197973251343,0.39162933826446533,-0.09416824579238892,-0.0385594442486763,-0.08321551233530045,0.1334214061498642,0.007562802638858557,0.8876674771308899,0.16190405189990997,-1.4987390370808369,1.3604860596147481,-1.0704854433469404,-0.0010644616559147835,0.00013181514805182815,-0.0016515098977833986,-0.03610130771994591,0.01412353664636612,-0.04546334221959114,0.19678522646427155,-0.44684702157974243,0.030081354081630707,0.001969248289242387,0.059746917337179184,0.4891846179962158,-0.1527559587140751,0.7458889346413294,-1.3692124468983804,-0.007839604280889034,0.00014328490942716599,0.007140455301851034,0.15530619025230408,0.08550820499658585,-0.0353802815079689,0.3054896593093872,-0.07933738082647324,-0.13667376339435577,0.010604999959468842,0.18078559637069702,0.34394487738609314,-0.13405554918853468,0.36813927306742383,0.13940541175539947,-0.00030936143593862653,0.0004360976454336196,0.0003741755790542811,0.009309489279985428,0.06174926087260246,-0.0184427909553051,-0.3710824251174927,0.05953025817871094,-0.04075741767883301,0.0006526047945953906,0.06511355191469193,0.3780306577682495,-1.087637922800891,1.2929189842020588,-1.0938213948140314
-0.002891557291150093,-0.0008177041891030967,-0.006885068025439978,-0.7973630428314209,0.3785270154476166,-0.08954939246177673,-0.15329447388648987,-0.09337218105792999,0.11960524320602417,0.007512250449508429,0.887180745601654,0.21569184958934784,-1.4987390370808369,1.3604860596147481,-1.0704854433469404,-0.0011020258534699678,0.00015787413576617837,-0.0015131067484617233,-0.0384279265999794,0.011031577363610268,-0.021407965570688248,0.17658144235610962,-0.4836902916431427,0.07221119105815887,0.0018785306019708514,0.045350879430770874,0.5199536085128784,-0.1527559587140751,0.7458889346413294,-1.3692124468983804,-0.008017152547836304,0.00013098955969326198,0.007305344566702843,0.12346392124891281,0.06553851813077927,-0.0413278192281723,0.2927648425102234,-0.047823451459407806,-0.19646114110946655,0.010847116820514202,0.14576222002506256,0.35580235719680786,-0.13405554918853468,0.36813927306742383,0.13940541175539947,-0.00022035444271750748,0.0003512812836561352,0.00039870693581178784,0.00839813333004713,0.04068350791931152,-0.0076225511729717255,-0.3230034112930298,0.04755230247974396,-0.054649487137794495,0.0005752580473199487,0.042234815657138824,0.33102717995643616,-1.087637922800891,1.2929189842020588,-1.0938213948140314
-0.0027635861188173294,-0.0009406390599906445,-0.006853695027530193,-0.8039886355400085,0.3645506799221039,-0.08590042591094971,-0.26248443126678467,-0.10300816595554352,0.10655838996171951,0.007449519820511341,0.8869463205337524,0.301435649394989,-1.4987390370808369,1.3604860596147481,-1.0704854433469404,-0.0011144927702844143,0.00016040413174778223,-0.0014352529542520642,-0.03920559212565422,0.0070841009728610516,0.0047761485911905766,0.1577112227678299,-0.5189949870109558,0.1120227575302124,0.0018242188962176442,0.040125731378793716,0.553875207901001,-0.1527559587140751,0.7458889346413294,-1.3692124468983804,-0.008146913722157478,0.00014832548913545907,0.007387674413621426,0.08695905655622482,0.042338572442531586,-0.04731854051351547,0.2778189182281494,-0.011258663609623909,-0.2656441926956177,0.010998724028468132,0.10767300426959991,0.38454771041870117,-0.13405554918853468,0.36813927306742383,0.13940541175539947,-9.487271017860621e-05,0.00024798940285108984,0.00038292387034744024,0.007587824948132038,0.020495077595114708,0.00225019920617342,-0.26922979950904846,0.03375299647450447,-0.07059337198734283,0.0004659723781514913,0.021970132365822792,0.2803700864315033,-1.087637922800891,1.2929189842020588,-1.0938213948140314
-0.002577095292508602,-0.0010594495106488466,-0.006840539164841175,-0.8100805282592773,0.3514368534088135,-0.08360946178436279,-0.3571755588054657,-0.11132097989320755,0.09538324922323227,0.007386259268969297,0.8869773745536804,0.3860889971256256,-1.4987390370808369,1.3604860596147481,-1.0704854433469404,-0.001109238830395043,0.0001514442847110331,-0.0014186896150931716,-0.03952767699956894,0.0030452245846390724,0.030049435794353485,0.14185969531536102,-0.5496406555175781,0.14625656604766846,0.0018072150414809585,0.04974614828824997,0.5861911177635193,-0.1525155759843813,0.745584983337588,-1.369244871095735,-0.008226403035223484,0.00020064908312633634,0.007397581823170185,0.05010443180799484,0.018321141600608826,-0.05163262039422989,0.2619553506374359,0.02730138786137104,-0.3386603891849518,0.01106517855077982,0.07424315065145493,0.42901846766471863,-0.13405554918853468,0.36813927306742383,0.13940541175539947,4.701259604189545e-05,0.0001489380665589124,0.0003281637036707252,0.00691277114674449,0.0035903346724808216,0.010489894077181816,-0.21391591429710388,0.019299691542983055,-0.08735982328653336,0.000363433820893988,0.01306578703224659,0.23187115788459778,-1.087637922800891,1.2929189842020588,-1.0938213948140314
-0.002378568984568119,-0.0011397937778383493,-0.006845900788903236,-0.815051794052124,0.3405241072177887,-0.0825938880443573,-0.4331492781639099,-0.11792543530464172,0.08661958575248718,0.007336421404033899,0.8871797323226929,0.4571954309940338,-1.4987390370808369,1.3604860596147481,-1.0704854433469404,-0.0010828005615621805,0.00013207376468926668,-0.0014491956681013107,-0.04051308333873749,-0.00034656841307878494,0.05184083431959152,0.1295439898967743,-0.5742120742797852,0.1731734573841095,0.001813854556530714,0.06579439342021942,0.6135879755020142,-0.1525155759843813,0.745584983337588,-1.369244871095735,-0.008255756460130215,0.00026573220384307206,0.007345730438828468,0.016146283596754074,-0.004241446498781443,-0.05289739370346069,0.24680209159851074,0.06402159482240677,-0.40848231315612793,0.011053862981498241,0.055469151586294174,0.48152655363082886,-0.13405554918853468,0.36813927306742383,0.13940541175539947,0.00017491754260845482,7.277142140083015e-05,0.00024268012202810496,0.006384401116520166,-0.008717074058949947,0.016779359430074692,-0.16232293844223022,0.005655089393258095,-0.10339365899562836,0.00030787248397246003,0.019957326352596283,0.19253821671009064,-1.087637922800891,1.2929189842020588,-1.0938213948140314
-0.0022163342218846083,-0.0011618772987276316,-0.006867513060569763,-0.8184487223625183,0.3329446613788605,-0.08240312337875366,-0.49013084173202515,-0.12278962880373001,0.08025924861431122,0.007309229113161564,0.8874123692512512,0.5116122364997864,-1.4979635455803093,1.360438955169165,-1.069709862804444,-0.0010283852461725473,9.309017332270741e-05,-0.0015089589869603515,-0.0429556742310524,-0.00260838121175766,0.06838377565145493,0.12084735929965973,-0.5924544334411621,0.19276432693004608,0.0018284417456015944,0.08079810440540314,0.6346372365951538,-0.1525155759843813,0.745584983337588,-1.369244871095735,-0.008250468410551548,0.0002793774474412203,0.007227849215269089,-0.013300066813826561,-0.02300526760518551,-0.050962645560503006,0.2346152514219284,0.0985192209482193,-0.4684491455554962,0.010972241871058941,0.05747456103563309,0.533099353313446,-0.1333768281893537,0.367414822140095,0.14674409468693855,0.0002579048159532249,3.10873547277879e-05,0.00014009344158694148,0.00597156910225749,-0.016116555780172348,0.021310193464159966,-0.11863618344068527,-0.006011636927723885,-0.11746687442064285,0.00029513976187445223,0.027377497404813766,0.16706033051013947,-1.087637922800891,1.2929189842020588,-1.0938213948140314
-0.0021319931838661432,-0.0011255954159423709,-0.006898581050336361,-0.8200812339782715,0.329446017742157,-0.08172714710235596,-0.5301393866539001,-0.12607452273368835,0.0762307196855545,0.007307720370590687,0.8875512480735779,0.5502305626869202,-1.4979635455803093,1.360438955169165,-1.069709862804444,-0.0009480020962655544,2.838543150573969e-05,-0.0015834083314985037,-0.04692941531538963,-0.003592001274228096,0.078841432929039,0.11527108401060104,-0.6049498319625854,0.2058524489402771,0.001845723600126803,0.09182180464267731,0.6493280529975891,-0.1525155759843813,0.745584983337588,-1.369244871095735,-0.008196936920285225,0.00028799899155274034,0.007078460417687893,-0.037940748035907745,-0.03724467754364014,-0.046370361000299454,0.22424906492233276,0.124307781457901,-0.5177125334739685,0.01083408109843731,0.07054698467254639,0.5777251720428467,-0.1333768281893537,0.367414822140095,0.14674409468693855,0.0002753877779468894,2.3446647901437245e-05,3.207549161743373e-05,0.005600220523774624,-0.01918032579123974,0.024764539673924446,-0.08481431007385254,-0.015134545974433422,-0.12901291251182556,0.0002782391384243965,0.03182027488946915,0.15513494610786438,-1.087637922800891,1.2929189842020588,-1.0938213948140314
-0.002144736936315894,-0.0010492843575775623,-0.006933810189366341,-0.8201637864112854,0.3297160565853119,-0.07988864183425903,-0.5563303232192993,-0.12805962562561035,0.07409685850143433,0.007333390414714813,0.8875604271888733,0.5756674408912659,-1.4979635455803093,1.360438955169165,-1.069709862804444,-0.000852143915835768,-5.840661469846964e-05,-0.001666165655478835,-0.05164611339569092,-0.0035108886659145355,0.08318231999874115,0.11202649772167206,-0.6126765608787537,0.2137535959482193,0.0018723431276157498,0.09797421097755432,0.6584930419921875,-0.1525155759843813,0.745584983337588,-1.369244871095735,-0.008114595897495747,0.0002598895225673914,0.006905782036483288,-0.05761663615703583,-0.04612290859222412,-0.04036944732069969,0.21657299995422363,0.14346206188201904,-0.5550076961517334,0.010658519342541695,0.08412307500839233,0.612795889377594,-0.1333768281893537,0.367414822140095,0.14674409468693855,0.00022059225011616945,3.6268625990487635e-05,-7.664871372980997e-05,0.005192139185965061,-0.01914580911397934,0.027786824852228165,-0.060904957354068756,-0.02161518856883049,-0.1380237489938736,0.0002363289677305147,0.03414129465818405,0.15240468084812164,-1.087122471625804,1.2927395629096696,-1.09257787391851
-0.0022542618680745363,-0.0009597504395060241,-0.006972086615860462,-0.8192991018295288,0.33237698674201965,-0.07698780298233032,-0.5720681548118591,-0.1290515959262848,0.07342551648616791,0.007390047889202833,0.8874979615211487,0.5910224914550781,-1.4979635455803093,1.360438955169165,-1.069709862804444,-0.0007523013046011329,-0.0001550454180687666,-0.0017591137439012527,-0.05571515113115311,-0.0028328821063041687,0.08206209540367126,0.11016151309013367,-0.616733729839325,0.21798482537269592,0.0019194992491975427,0.09922898560762405,0.6633350849151611,-0.1525155759843813,0.745584983337588,-1.369244871095735,-0.008003013208508492,0.0002078379038721323,0.00673249177634716,-0.07249490171670914,-0.05052132159471512,-0.034090422093868256,0.21133145689964294,0.15659603476524353,-0.5811944007873535,0.01046029943972826,0.09471045434474945,0.6379421949386597,-0.1333768281893537,0.367414822140095,0.14674409468693855,9.866413893178105e-05,4.9240690714214e-05,-0.0001866357197286561,0.004822871647775173,-0.017608454450964928,0.030429191887378693,-0.04591374844312668,-0.025806065648794174,-0.1447061002254486,0.00021677672339137644,0.03548596054315567,0.15399311482906342,-1.087122471625804,1.2927395629096696,-1.09257787391851
-0.002440901705995202,-0.000884131935890764,-0.0070154983550310135,-0.8181589841842651,0.3356233239173889,-0.07422041893005371,-0.5803489685058594,-0.12934330105781555,0.07377183437347412,0.007480435073375702,0.8874321579933167,0.5991467833518982,-1.4979635455803093,1.360438955169165,-1.069709862804444,-0.0006563819479197264,-0.0002465572324581444,-0.001870230888016522,-0.05761194974184036,-0.0021264906972646713,0.07682090252637863,0.10863914340734482,-0.6181665062904358,0.2200816124677658,0.001997346058487892,0.09604743123054504,0.6651076674461365,-0.1525155759843813,0.745584983337588,-1.369244871095735,-0.007852372713387012,0.0001469165727030486,0.00657571479678154,-0.08313071727752686,-0.052549537271261215,-0.02829153835773468,0.2081020176410675,0.16469690203666687,-0.5976203680038452,0.010243113152682781,0.10233563184738159,0.6538972854614258,-0.1333768281893537,0.367414822140095,0.14674409468693855,-7.51175539335236e-05,4.274978346074931e-05,-0.0002992379595525563,0.004570730961859226,-0.016097236424684525,0.03215637803077698,-0.03808840364217758,-0.028085857629776,-0.14944961667060852,0.00031146997935138643,0.03624976426362991,0.15676330029964447,-1.087122471625804,1.2927395629096696,-1.09257787391851
-0.0026702347677201033,-0.0008462906698696315,-0.007065660320222378,-0.8171709775924683,0.3380544185638428,-0.07336419820785522,-0.5834354758262634,-0.1291898488998413,0.0746975839138031,0.007600652519613504,0.8873733878135681,0.6022181510925293,-1.4979635455803093,1.360438955169165,-1.069709862804444,-0.0005678838933818042,-0.00032299180747941136,-0.0020088469609618187,-0.056087058037519455,-0.001897582784295082,0.06930867582559586,0.10638800263404846,-0.6178690195083618,0.22149166464805603,0.002112411428242922,0.0891798809170723,0.6649354100227356,-0.1525155759843813,0.745584983337588,-1.369244871095735,-0.0076508126221597195,8.913385681807995e-05,0.006443801335990429,-0.0901026576757431,-0.05479179695248604,-0.023366613313555717,0.2064107358455658,0.16883635520935059,-0.6055517792701721,0.010003272444009781,0.10801216959953308,0.6616676449775696,-0.1333768281893537,0.367414822140095,0.14674409468693855,-0.00027456702082417905,4.3196378101129085e-06,-0.0004136055358685553,0.004560583271086216,-0.015489130280911922,0.03213445842266083,-0.035410113632678986,-0.028973784297704697,-0.1525639444589615,0.0004964627441950142,0.03596297651529312,0.1592768430709839,-1.087122471625804,1.2927395629096696,-1.09257787391851
-0.0029021096415817738,-0.0008634335827082396,-0.0071212733164429665,-0.8163819313049316,0.339147686958313,-0.07610344886779785,-0.582658052444458,-0.1287996768951416,0.0757678896188736,0.007738235406577587,0.8872949481010437,0.6015151739120483,-1.4979635455803093,1.360438955169165,-1.069709862804444,-0.0004852414131164551,-0.00038458150811493397,-0.0021792096085846424,-0.05046892911195755,-0.002384924329817295,0.061231572180986404,0.10234594345092773,-0.6165449023246765,0.22351565957069397,0.0022654617205262184,0.07938580960035324,0.6637480854988098,-0.1525155759843813,0.745584983337588,-1.369244871095735,-0.0073958453722298145,3.854470560327172e-05,0.006335480138659477,-0.09372290223836899,-0.059519894421100616,-0.019335497170686722,0.20580556988716125,0.16998817026615143,-0.6058132648468018,0.0097384974360466,0.1126963272690773,0.6620132923126221,-0.1333768281893537,0.367414822140095,0.14674409468693855,-0.00046492688124999404,-6.917223072377965e-05,-0.0005213817930780351,0.0048963213339447975,-0.0157028678804636,0.02953418530523777,-0.03574105724692345,-0.029018212109804153,-0.15420767664909363,0.0007019834592938423,0.03380565345287323,0.16093318164348602,-1.087122471625804,1.2927395629096696,-1.09257787391851
-0.0030989539809525013,-0.000938841316383332,-0.007174902129918337,-0.8154507875442505,0.3393685221672058,-0.08364951610565186,-0.5783354640007019,-0.12833547592163086,0.07653661072254181,0.00787173118442297,0.8872024416923523,0.5973271727561951,-1.4979635455803093,1.360438955169165,-1.069709862804444,-0.00040504944627173245,-0.0004412267589941621,-0.00237680459395051,-0.04079858958721161,-0.003384423442184925,0.05332915857434273,0.09551885724067688,-0.6147058010101318,0.22726327180862427,0.0024511110968887806,0.06723078340291977,0.6622957587242126,-0.1525155759843813,0.745584983337588,-1.369244871095735,-0.007104720454663038,-1.052071456797421e-05,0.00624281307682395,-0.09409598261117935,-0.06811051070690155,-0.015766089782118797,0.20589716732501984,0.16893015801906586,-0.5986108779907227,0.009457794949412346,0.11722484976053238,0.6551839709281921,-0.1333768281893537,0.367414822140095,0.14674409468693855,-0.0006149233668111265,-0.0001706620241748169,-0.0006051049567759037,0.005616261623799801,-0.015868980437517166,0.023909462615847588,-0.036903657019138336,-0.02877206541597843,-0.15432101488113403,0.0008794363238848746,0.029240883886814117,0.16125968098640442,-1.087122471625804,1.2927395629096696,-1.09257787391851
-0.003232648828998208,-0.0010575552005320787,-0.007211532909423113,-0.8137378096580505,0.34001532196998596,-0.09656190872192383,-0.5697876214981079,-0.12792088091373444,0.07652842998504639,0.00797337107360363,0.887188732624054,0.5889637470245361,-1.4979635455803093,1.360438955169165,-1.069709862804444,-0.00033095170510932803,-0.0005057668895460665,-0.0025874299462884665,-0.027681667357683182,-0.004216611385345459,0.04486740380525589,0.08507665246725082,-0.6126939654350281,0.23359894752502441,0.002657089149579406,0.05288797989487648,0.6612113118171692,-0.1525155759843813,0.745584983337588,-1.369244871095735,-0.006816258188337088,-6.99899101164192e-05,0.006161426194012165,-0.09096644073724747,-0.0809406116604805,-0.011893237009644508,0.20637530088424683,0.1662115603685379,-0.5835248231887817,0.009188549593091011,0.12234265357255936,0.6408730745315552,-0.1333768281893537,0.367414822140095,0.14674409468693855,-0.0007077947375364602,-0.00028368234052322805,-0.0006457467679865658,0.006670307833701372,-0.014784238301217556,0.015452617779374123,-0.03669663891196251,-0.02878604084253311,-0.15259139239788055,0.000999218667857349,0.02240201085805893,0.15956005454063416,-1.087122471625804,1.2927395629096696,-1.09257787391851
-0.003291062545031309,-0.001190445851534605,-0.00721470033749938,-0.8105981349945068,0.3426096737384796,-0.11454325914382935,-0.5554347038269043,-0.12764900922775269,0.07522746920585632,0.0080187376588583,0.8874518871307373,0.5748574733734131,-1.4979635455803093,1.360438955169165,-1.069709862804444,-0.00027885305462405086,-0.00058236054610461,-0.002788662211969495,-0.011874392628669739,-0.003872116096317768,0.03366284817457199,0.07050660997629166,-0.6107180118560791,0.24305319786071777,0.0028624359983950853,0.035905178636312485,0.6610767841339111,-0.1525155759843813,0.745584983337588,-1.369244871095735,-0.0065791551023721695,-0.0001515460025984794,0.0060988059267401695,-0.08335483819246292,-0.09773293137550354,-0.006942222826182842,0.20701070129871368,0.1621696501970291,-0.5596656799316406,0.00897238403558731,0.1286388337612152,0.6183673143386841,-0.1333768281893537,0.367414822140095,0.14674409468693855,-0.0007407107623293996,-0.0003833648224826902,-0.000633088406175375,0.00794307328760624,-0.01131223514676094,0.004879716318100691,-0.03289373964071274,-0.029607975855469704,-0.14845451712608337,0.0010471016867086291,0.014658468775451183,0.1549108624458313,-1.087122471625804,1.2927395629096696,-1.09257787391851
-0.003279577475041151,-0.0013039098121225834,-0.00717559177428484,-0.8057901859283447,0.34800946712493896,-0.13632208108901978,-0.5329940319061279,-0.12758994102478027,0.07208286225795746,0.007996557280421257,0.8882522583007812,0.5527728199958801,-1.4979635455803093,1.360438955169165,-1.069709862804444,-0.00027066346956416965,-0.0006602046778425574,-0.002955786883831024,0.0061200084164738655,-0.0012879334390163422,0.016814017668366432,0.051839716732501984,-0.6088925004005432,0.2556830942630768,0.0030406916048377752,0.01793946698307991,0.6624283194541931,-0.1525155759843813,0.745584983337588,-1.369244871095735,-0.0064356061629951,-0.00025782739976421,0.0060709998942911625,-0.06982744485139847,-0.1179056391119957,-0.0002779974602162838,0.20764696598052979,0.15698380768299103,-0.5260036587715149,0.00885101966559887,0.1370317041873932,0.5868909955024719,-0.1333768281893537,0.367414822140095,0.14674409468693855,-0.0007205402944236994,-0.00043877720599994063,-0.0005717867752537131,0.009250877425074577,-0.00469224015250802,-0.006494217086583376,-0.023271575570106506,-0.031776756048202515,-0.14113688468933105,0.0010191387264057994,0.012238084338605404,0.1465296894311905,-1.087122471625804,1.2927395629096696,-1.09257787391851
-0.003218723926693201,-0.0013694462832063437,-0.007098602131009102,-0.799638032913208,0.356028288602829,-0.15971526503562927,-0.4998088479042053,-0.1277962327003479,0.06654238700866699,0.007913641631603241,0.8897674083709717,0.5201621055603027,-1.4979635455803093,1.360438955169165,-1.069709862804444,-0.00032431515865027905,-0.0007192080374807119,-0.0030683979857712984,0.02591058425605297,0.004392663948237896,-0.007838116958737373,0.029958564788103104,-0.6072795391082764,0.2708716094493866,0.003168202470988035,0.02742425911128521,0.6656255722045898,-0.1525155759843813,0.745584983337588,-1.369244871095735,-0.006410533096641302,-0.000375353847630322,0.006093619391322136,-0.0497313067317009,-0.1405642330646515,0.00879397802054882,0.20818907022476196,0.15075892210006714,-0.481883704662323,0.008852572180330753,0.14936144649982452,0.5461527705192566,-0.1333768281893537,0.367414822140095,0.14674409468693855,-0.000663023442029953,-0.00042172271059826016,-0.0004802866606041789,0.010290296748280525,0.00487085385248065,-0.01625266671180725,-0.005713682621717453,-0.03579925745725632,-0.12975150346755981,0.0009209372219629586,0.019843503832817078,0.13472077250480652,-1.087122471625804,1.2927395629096696,-1.09257787391851
-0.003141583874821663,-0.001368687953799963,-0.007001912221312523,-0.792855441570282,0.3658307194709778,-0.181623637676239,-0.4533504247665405,-0.12830302119255066,0.058124616742134094,0.007795487530529499,0.8918738961219788,0.4747280776500702,-1.4979635455803093,1.360438955169165,-1.069709862804444,-0.00044806618825532496,-0.0007362524629570544,-0.003113373415544629,0.04654344916343689,0.013671585358679295,-0.040209539234638214,0.006745055317878723,-0.6059191226959229,0.287239670753479,0.003230468137189746,0.06300803273916245,0.6705893874168396,-0.1525155759843813,0.745584983337588,-1.369244871095735,-0.006509694270789623,-0.00048096501268446445,0.006178802810609341,-0.024516690522432327,-0.16426819562911987,0.021212048828601837,0.20859070122241974,0.1436341255903244,-0.4277452230453491,0.008988050743937492,0.16743673384189606,0.4970983862876892,-0.1333768281893537,0.367414822140095,0.14674409468693855,-0.000587990041822195,-0.0003185452660545707,-0.0003770468756556511,0.01066960021853447,0.015403387136757374,-0.02099033072590828,0.021563518792390823,-0.04209904372692108,-0.11346210539340973,0.0007677028770558536,0.028137139976024628,0.12292665988206863,-1.087122471625804,1.2927395629096696,-1.09257787391851
-0.003082866780459881,-0.001295354450121522,-0.006907251663506031,-0.7863268256187439,0.3764059245586395,-0.19811224937438965,-0.3919474482536316,-0.12912385165691376,0.04654136300086975,0.007674121297895908,0.8940020799636841,0.41528528928756714,-1.4979635455803093,1.360438955169165,-1.069709862804444,-0.000637035584077239,-0.0006863794405944645,-0.0030818230006843805,0.06636189669370651,0.026480069383978844,-0.077387735247612,-0.015428174287080765,-0.6048375964164734,0.3030323386192322,0.0032209570053964853,0.10532785952091217,0.6766794919967651,-0.1525155759843813,0.745584983337588,-1.369244871095735,-0.006728529464453459,-0.0005626042257063091,0.00633570272475481,0.0020632417872548103,-0.18748052418231964,0.03769049793481827,0.20884352922439575,0.13591310381889343,-0.36605075001716614,0.009259090758860111,0.19124272465705872,0.4428105056285858,-0.1333768281893537,0.367414822140095,0.14674409468693855,-0.0005091900238767266,-0.00013451605627778918,-0.0002646890061441809,0.010060702450573444,0.02313721366226673,-0.017501749098300934,0.059620313346385956,-0.050926800817251205,-0.091732919216156,0.0005894313217140734,0.030706018209457397,0.12067745625972748,-1.087122471625804,1.2927395629096696,-1.09257787391851
-0.0030589860398322344,-0.0011558840051293373,-0.006825042888522148,-0.7810859680175781,0.38637250661849976,-0.20538854598999023,-0.3157864809036255,-0.13023944199085236,0.03187856078147888,0.007568003609776497,0.8953007459640503,0.34307384490966797,-1.4979635455803093,1.360438955169165,-1.069709862804444,-0.00087399483891204,-0.0005498039536178112,-0.00296090729534626,0.08364173769950867,0.04182104021310806,-0.1139625608921051,-0.03465964272618294,-0.6040364503860474,0.3168288767337799,0.003135781269520521,0.14741913974285126,0.6829655170440674,-0.1525155759843813,0.745584983337588,-1.369244871095735,-0.0070562176406383514,-0.0006299366359598935,0.0065609728917479515,0.024519722908735275,-0.20935219526290894,0.05780255049467087,0.20896659791469574,0.12814052402973175,-0.30177053809165955,0.009655743837356567,0.21856507658958435,0.38878333568573,-0.1333768281893537,0.367414822140095,0.14674409468693855,-0.00043025234481319785,0.0001102418391383253,-0.00013436874723993242,0.008316027000546455,0.023851804435253143,-0.003923173062503338,0.10820537805557251,-0.06222440302371979,-0.06467901915311813,0.00046403156011365354,0.025562787428498268,0.14058327674865723,-1.087122471625804,1.2927395629096696,-1.09257787391851
-0.003057989291846752,-0.0009682269883342087,-0.006753986701369286,-0.7783774137496948,0.3934043347835541,-0.20155951380729675,-0.22820931673049927,-0.1315806806087494,0.0148409903049469,0.00747697101905942,0.8951338529586792,0.2638431787490845,-1.4979635455803093,1.360438955169165,-1.069709862804444,-0.0011331161949783564,-0.00032563135027885437,-0.002738740760833025,0.09690704941749573,0.05754547566175461,-0.1429140567779541,-0.05002133548259735,-0.6034891605377197,0.3279164731502533,0.002981725847348571,0.18200792372226715,0.6886439919471741,-0.1525155759843813,0.745584983337588,-1.369244871095735,-0.007461973000317812,-0.0006963512860238552,0.006824079900979996,0.035899825394153595,-0.2291831374168396,0.07936842739582062,0.20899412035942078,0.12097576260566711,-0.24109654128551483,0.010135779157280922,0.24517963826656342,0.34123483300209045,-0.1333768281893537,0.367414822140095,0.14674409468693855,-0.0003497757134027779,0.0003827250038739294,1.611249172128737e-05,0.005490286275744438,0.014417728409171104,0.01983865350484848,0.1649530977010727,-0.07543870061635971,-0.0335247777402401,0.0005187302595004439,0.025131380185484886,0.18445712327957153,-1.087122471625804,1.2927395629096696,-1.09257787391851
-0.0030502043664455414,-0.000763704301789403,-0.0066939848475158215,-0.7793401479721069,0.3947552442550659,-0.18738532066345215,-0.1363634169101715,-0.13302014768123627,-0.00312679260969162,0.007395702879875898,0.8934853672981262,0.19052326679229736,-1.4979635455803093,1.360438955169165,-1.069709862804444,-0.001382079441100359,-4.061043728142977e-05,-0.0024309391155838966,0.10485415160655975,0.07034174352884293,-0.1574021279811859,-0.0613296702504158,-0.6031184792518616,0.3362511992454529,0.0027966510970145464,0.20178648829460144,0.6932373642921448,-0.15252656632030032,0.7455958546570851,-1.3694089190311158,-0.007893012836575508,-0.0007734101382084191,0.007061039563268423,0.02843567542731762,-0.2463744580745697,0.09714560210704803,0.2092588096857071,0.11539614200592041,-0.18831104040145874,0.010618667118251324,0.26635733246803284,0.30424752831459045,-0.1337144901130151,0.36788454401619786,0.15208576104247867,-0.0002660901809576899,0.0006318117375485599,0.00017234521510545164,0.0018509607762098312,-0.006657145917415619,0.05193295329809189,0.2249899059534073,-0.08943050354719162,-0.0008349195122718811,0.0007068896084092557,0.052390601485967636,0.24211354553699493,-1.087122471625804,1.2927395629096696,-1.09257787391851
-0.003007361898198724,-0.0005926818121224642,-0.006656966172158718,-0.784304141998291,0.3891269862651825,-0.1651138961315155,-0.04927607625722885,-0.13440367579460144,-0.020220056176185608,0.007328758016228676,0.8909631967544556,0.1445729285478592,-1.4979635455803093,1.360438955169165,-1.069709862804444,-0.0015837153187021613,0.00025608111172914505,-0.0020961486734449863,0.10649311542510986,0.07635209709405899,-0.15326900780200958,-0.06910257041454315,-0.6029419898986816,0.341934472322464,0.00263961567543447,0.20164774358272552,0.6965869665145874,-0.15252656632030032,0.7455958546570851,-1.3694089190311158,-0.008277692832052708,-0.0008062156848609447,0.007213580422103405,-0.0012388043105602264,-0.25930067896842957,0.10904467105865479,0.20917536318302155,0.11046624928712845,-0.14697372913360596,0.011009356006979942,0.281298965215683,0.27849307656288147,-0.1337144901130151,0.36788454401619786,0.15208576104247867,-0.0001784280757419765,0.000792367325630039,0.0003048719372600317,-0.0021162182092666626,-0.03891424089670181,0.08846957236528397,0.2822219133377075,-0.10277562588453293,0.0301678404211998,0.0008675421704538167,0.09667296707630157,0.3018644452095032,-1.087122471625804,1.2927395629096696,-1.09257787391851
-0.002911990974098444,-0.0005204771878197789,-0.006666007451713085,-0.7928004264831543,0.3769521713256836,-0.13740813732147217,0.02593379281461239,-0.1355958878993988,-0.03498975932598114,0.00729288998991251,0.8885417580604553,0.14241871237754822,-1.4977799271548176,1.3603479160284093,-1.0701600910852738,-0.0016932236030697823,0.0005074891960248351,-0.0018140650354325771,0.10127460211515427,0.07300779968500137,-0.13107150793075562,-0.07389321178197861,-0.602879524230957,0.3454708158969879,0.002532860729843378,0.1810149848461151,0.6987660527229309,-0.15252656632030032,0.7455958546570851,-1.3694089190311158,-0.00855233520269394,-0.0008053831988945603,0.0072222077287733555,-0.05371967703104019,-0.26927268505096436,0.11180566251277924,0.20908567309379578,0.10689694434404373,-0.11658217012882233,0.011222805827856064,0.2964693605899811,0.26217395067214966,-0.1337144901130151,0.36788454401619786,0.15208576104247867,-9.095929272007197e-05,0.000811132718808949,0.0003788223839364946,-0.005758173763751984,-0.079189732670784,0.12379222363233566,0.3317844271659851,-0.11433674395084381,0.056916773319244385,0.0008998423581942916,0.14706693589687347,0.3555183708667755,-1.087122471625804,1.2927395629096696,-1.09257787391851
-0.0027544915210455656,-0.0005906490259803832,-0.006743095815181732,-0.8030252456665039,0.3611923158168793,-0.1082172691822052,0.08566570281982422,-0.13652558624744415,-0.046770110726356506,0.007307901978492737,0.8871417045593262,0.16782517731189728,-1.4977799271548176,1.3603479160284093,-1.0701600910852738,-0.0016546108527109027,0.0006735052447766066,-0.001650317688472569,0.08939038217067719,0.060899972915649414,-0.0960150733590126,-0.07639990746974945,-0.6028908491134644,0.34735313057899475,0.0024320557713508606,0.1446317434310913,0.6999775171279907,-0.15252656632030032,0.7455958546570851,-1.3694089190311158,-0.008649813011288643,-0.0007929654093459249,0.007062067277729511,-0.12589231133460999,-0.2778971493244171,0.10678490251302719,0.2090023159980774,0.10452400892972946,-0.09600216150283813,0.011194678954780102,0.32323166728019714,0.2526334226131439,-0.1337144901130151,0.36788454401619786,0.15208576104247867,-1.8704726244322956e-05,0.0006727323052473366,0.00036839983658865094,-0.008402831852436066,-0.12141437828540802,0.15161052346229553,0.371319055557251,-0.12356166541576385,0.07818643748760223,0.0007672268548049033,0.1944165825843811,0.39907196164131165,-1.087122471625804,1.2927395629096696,-1.09257787391851
-0.002534823026508093,-0.0008171711815521121,-0.006894325837492943,-0.813704252243042,0.34346625208854675,-0.08283287286758423,0.12970079481601715,-0.137216717004776,-0.055472105741500854,0.0073908609338104725,0.8870991468429565,0.19679398834705353,-1.4977799271548176,1.3603479160284093,-1.0701600910852738,-0.0014123637229204178,0.0007385823992080986,-0.0016391255194321275,0.07191500812768936,0.043069567531347275,-0.0557083785533905,-0.07728701829910278,-0.6029443740844727,0.3480550944805145,0.0022862651385366917,0.10064879804849625,0.7004695534706116,-0.15252656632030032,0.7455958546570851,-1.3694089190311158,-0.008514068089425564,-0.0008111877832561731,0.006740071810781956,-0.21334609389305115,-0.2872425317764282,0.09693783521652222,0.20893201231956482,0.1031176894903183,-0.08347438275814056,0.010889258235692978,0.37070441246032715,0.24749508500099182,-0.1337144901130151,0.36788454401619786,0.15208576104247867,1.36044982355088e-05,0.00040078521124087274,0.0002666133805178106,-0.009754344820976257,-0.1577623039484024,0.16685567796230316,0.400422066450119,-0.1307310312986374,0.09397651255130768,0.0004815564025193453,0.22983670234680176,0.43157854676246643,-1.0869775143508205,1.2926572753773438,-1.0915473521202894
-0.0022635296918451786,-0.001177016063593328,-0.0071125999093055725,-0.8230773210525513,0.32656246423721313,-0.06597527861595154,0.15961328148841858,-0.13769075274467468,-0.06139708310365677,0.007556322496384382,0.887948215007782,0.2195557951927185,-1.4977799271548176,1.3603479160284093,-1.0701600910852738,-0.0009321908000856638,0.000702238583471626,-0.0017904902342706919,0.050759457051754,0.02251070737838745,-0.01699734479188919,-0.07712501287460327,-0.6030164957046509,0.34798628091812134,0.002137281931936741,0.058070339262485504,0.7004795670509338,-0.15252656632030032,0.7455958546570851,-1.3694089190311158,-0.008112949319183826,-0.0009010763606056571,0.006283531431108713,-0.3113924562931061,-0.2993248999118805,0.08462385833263397,0.20887717604637146,0.10243538022041321,-0.07706840336322784,0.010301196947693825,0.44013845920562744,0.24507595598697662,-0.1337144901130151,0.36788454401619786,0.15208576104247867,-2.141843651770614e-05,3.783782085520215e-05,8.699345926288515e-05,-0.009312726557254791,-0.18068918585777283,0.16706478595733643,0.42035359144210815,-0.13540410995483398,0.10463599860668182,9.72538473433815e-05,0.2462639957666397,0.45385029911994934,-1.0869775143508205,1.2926572753773438,-1.0915473521202894
-0.0019578721839934587,-0.00163080426864326,-0.007385428994894028,-0.8293867111206055,0.31390416622161865,-0.05978506803512573,0.17790433764457703,-0.13798457384109497,-0.06503210216760635,0.007812639698386192,0.88881516456604,0.23434776067733765,-1.4977799271548176,1.3603479160284093,-1.0701600910852738,-0.00021469805506058037,0.0005685084615834057,-0.0021053790114820004,0.028342287987470627,0.0007566399872303009,0.01602838933467865,-0.07636572420597076,-0.6030915379524231,0.34747302532196045,0.002191327977925539,0.03256941959261894,0.7002061009407043,-0.15252656632030032,0.7455958546570851,-1.3694089190311158,-0.007442452013492584,-0.0010810220846906304,0.0057184891775250435,-0.41584068536758423,-0.31488117575645447,0.0710967481136322,0.20883753895759583,0.10225387662649155,-0.07496820390224457,0.009447741322219372,0.5264298319816589,0.24431373178958893,-0.1337144901130151,0.36788454401619786,0.15208576104247867,-0.00014262442709878087,-0.00037823308957740664,-0.0001394368300680071,-0.007329903542995453,-0.18510767817497253,0.15223968029022217,0.4326067566871643,-0.13827843964099884,0.11115533113479614,0.0004276033432688564,0.2397821843624115,0.4675735533237457,-1.0869775143508205,1.2926572753773438,-1.0915473521202894
-0.0016369554214179516,-0.0021399776451289654,-0.0076986318454146385,-0.831504225730896,0.3081636428833008,-0.06372323632240295,0.187342569231987,-0.13813994824886322,-0.06691921502351761,0.008156473748385906,0.8890583515167236,0.2421942800283432,-1.4977799271548176,1.3603479160284093,-1.0701600910852738,0.0007064144592732191,0.00034376385156065226,-0.00257677910849452,0.006772927939891815,-0.021781951189041138,0.04196838662028313,-0.0753406286239624,-0.6031599640846252,0.34675633907318115,0.002693879185244441,0.04776684567332268,0.6997986435890198,-0.15252656632030032,0.7455958546570851,-1.3694089190311158,-0.006530591286718845,-0.0013409603852778673,0.005056711845099926,-0.5235993266105652,-0.3332159221172333,0.05697617679834366,0.2088112235069275,0.10238630324602127,-0.0756269246339798,0.008367624133825302,0.6232458353042603,0.24454961717128754,-0.1337144901130151,0.36788454401619786,0.15208576104247867,-0.00035742364707402885,-0.0008244776981882751,-0.0003765226574614644,-0.0040330663323402405,-0.17000414431095123,0.12399789690971375,0.43899211287498474,-0.13977771997451782,0.11452050507068634,0.0009743123082444072,0.2104593813419342,0.47472816705703735,-1.0869775143508205,1.2926572753773438,-1.0915473521202894
-0.0013183541595935822,-0.0026768259704113007,-0.008037278428673744,-0.8295302987098694,0.30968546867370605,-0.07548743486404419,0.19054776430130005,-0.13819701969623566,-0.06757307052612305,0.008573289960622787,0.888664186000824,0.24489383399486542,-1.4977799271548176,1.3603479160284093,-1.0701600910852738,0.0017764745280146599,4.1803810745477676e-05,-0.0031780388671904802,-0.012939183041453362,-0.04495767503976822,0.06121981889009476,-0.07427406311035156,-0.6032168865203857,0.34600022435188293,0.003641090588644147,0.07704856246709824,0.6993592977523804,-0.15252656632030032,0.7455958546570851,-1.3694089190311158,-0.00543790590018034,-0.0016561916563659906,0.004307559225708246,-0.6326367855072021,-0.35323280096054077,0.042657580226659775,0.2087956666946411,0.1026877611875534,-0.07782770693302155,0.007132241036742926,0.725825309753418,0.2453519105911255,-0.1337144901130151,0.36788454401619786,0.15208576104247867,-0.0006570903351530433,-0.0012872437946498394,-0.0006009642384015024,0.00029051676392555237,-0.1387103945016861,0.0851229801774025,0.44123172760009766,-0.14030516147613525,0.11566461622714996,0.0015652227448299527,0.16274698078632355,0.47723084688186646,-1.0869775143508205,1.2926572753773438,-1.0915473521202894
-0.0010100281797349453,-0.0032255121041089296,-0.008387351408600807,-0.8248326778411865,0.3161536455154419,-0.09201264381408691,0.18976348638534546,-0.13819043338298798,-0.0674353837966919,0.009042773395776749,0.8881263136863708,0.24424231052398682,-1.4977799271548176,1.3603479160284093,-1.0701600910852738,0.0029269543010741472,-0.0003100780304521322,-0.0038586966693401337,-0.03101537749171257,-0.06833715736865997,0.07550861686468124,-0.07330192625522614,-0.6032607555389404,0.3453052043914795,0.0048531172797083855,0.10645878314971924,0.6989509463310242,-0.15252656632030032,0.7455958546570851,-1.3694089190311158,-0.004246936645358801,-0.0020002578385174274,0.0035033035092055798,-0.7409496903419495,-0.374050110578537,0.028486251831054688,0.20878806710243225,0.1030542403459549,-0.08068253844976425,0.0058575281873345375,0.8305007219314575,0.24641896784305573,-0.1337144901130151,0.36788454401619786,0.15208576104247867,-0.0010104374960064888,-0.0017551323398947716,-0.0008118566474877298,0.005256113596260548,-0.09756449609994888,0.03964252024888992,0.4408058524131775,-0.14020748436450958,0.1153869777917862,0.002181876450777054,0.1054418683052063,0.47674110531806946,-1.0869775143508205,1.2926572753773438,-1.0915473521202894
